# This file was generated by Animated Java via MC-Build. It is not recommended to edit this file directly.
$data merge entity $(bone_head) {transformation: [-0.9796f,-0.198f,0.0341f,0.0025f,-0.1079f,0.6616f,0.742f,-0.6259f,-0.1695f,0.7232f,-0.6695f,0.204f,0f,0f,0f,1f],start_interpolation: 0,interpolation_duration: 1}
$data merge entity $(bone_right_arm) {transformation: [-0.9894f,-0.09f,-0.1136f,-0.3687f,-0.0356f,0.9108f,-0.4112f,-0.6694f,0.1405f,-0.4028f,-0.9044f,0.2483f,0f,0f,0f,1f],start_interpolation: 0,interpolation_duration: 1}
$data merge entity $(bone_left_arm) {transformation: [-0.9894f,0.0633f,-0.1304f,0.3733f,-0.0356f,0.7661f,0.6417f,-0.6728f,0.1405f,0.6396f,-0.7557f,0.1345f,0f,0f,0f,1f],start_interpolation: 0,interpolation_duration: 1}
$data merge entity $(bone_upper) {transformation: [-0.9894f,0.0035f,-0.1449f,0f,-0.0356f,0.9632f,0.2663f,-1.3183f,0.1405f,0.2686f,-0.9529f,0.0109f,0f,0f,0f,1f],start_interpolation: 0,interpolation_duration: 1}
$data merge entity $(bone_left_leg) {transformation: [-0.999f,-0.0285f,-0.033f,0.125f,-0.0435f,0.7157f,0.6971f,-1.3822f,0.0038f,0.6978f,-0.7162f,-0.0023f,0f,0f,0f,1f],start_interpolation: 0,interpolation_duration: 1}
$data merge entity $(bone_right_leg) {transformation: [-0.9962f,0.0858f,-0.0155f,-0.125f,0.0868f,0.9611f,-0.2624f,-1.3903f,-0.0076f,-0.2627f,-0.9648f,0.0486f,0f,0f,0f,1f],start_interpolation: 0,interpolation_duration: 1}