# This file was generated by Animated Java via MC-Build. It is not recommended to edit this file directly.
$data merge entity $(bone_head) {transformation: [-0.9628f,-0.2692f,-0.0243f,0.0005f,-0.2299f,0.7681f,0.5977f,-0.6411f,-0.1422f,0.5811f,-0.8013f,0.1908f,0f,0f,0f,1f],start_interpolation: 0,interpolation_duration: 1}
$data merge entity $(bone_right_arm) {transformation: [-0.9941f,-0.0303f,-0.1046f,-0.3723f,-0.0266f,0.999f,-0.0364f,-0.6814f,0.1056f,-0.0334f,-0.9938f,0.2225f,0f,0f,0f,1f],start_interpolation: 0,interpolation_duration: 1}
$data merge entity $(bone_left_arm) {transformation: [-0.9941f,0.0016f,-0.1089f,0.3732f,-0.0266f,0.966f,0.2573f,-0.6917f,0.1056f,0.2586f,-0.9602f,0.1355f,0f,0f,0f,1f],start_interpolation: 0,interpolation_duration: 1}
$data merge entity $(bone_upper) {transformation: [-0.9941f,0.0007f,-0.1089f,0f,-0.0266f,0.9682f,0.2488f,-1.337f,0.1056f,0.2502f,-0.9624f,0.0109f,0f,0f,0f,1f],start_interpolation: 0,interpolation_duration: 1}
$data merge entity $(bone_left_leg) {transformation: [-0.999f,-0.0367f,-0.0236f,0.125f,-0.0435f,0.8845f,0.4646f,-1.3977f,0.0038f,0.4651f,-0.8852f,0.035f,0f,0f,0f,1f],start_interpolation: 0,interpolation_duration: 1}
$data merge entity $(bone_right_leg) {transformation: [-0.9962f,0.0869f,0.0061f,-0.125f,0.0868f,0.9961f,-0.0177f,-1.4464f,-0.0076f,-0.0171f,-0.9998f,0.0518f,0f,0f,0f,1f],start_interpolation: 0,interpolation_duration: 1}