# This file was generated by Animated Java via MC-Build. It is not recommended to edit this file directly.
$data merge entity $(bone_head) {transformation: [-0.9411f,-0.338f,-0.0057f,0.0006f,-0.2961f,0.8161f,0.4963f,-0.6419f,-0.1631f,0.4688f,-0.8681f,0.1938f,0f,0f,0f,1f],start_interpolation: 0,interpolation_duration: 1}
$data merge entity $(bone_right_arm) {transformation: [-0.999f,0.0001f,-0.0437f,-0.3741f,-0.0103f,0.9714f,0.2373f,-0.676f,0.0425f,0.2375f,-0.9704f,0.2017f,0f,0f,0f,1f],start_interpolation: 0,interpolation_duration: 1}
$data merge entity $(bone_left_arm) {transformation: [-0.999f,-0.0109f,-0.0423f,0.3752f,-0.0103f,0.9999f,-0.0135f,-0.6985f,0.0425f,-0.013f,-0.999f,0.162f,0f,0f,0f,1f],start_interpolation: 0,interpolation_duration: 1}
$data merge entity $(bone_upper) {transformation: [-0.999f,0.0008f,-0.0437f,0f,-0.0103f,0.9671f,0.2542f,-1.337f,0.0425f,0.2544f,-0.9662f,0.0109f,0f,0f,0f,1f],start_interpolation: 0,interpolation_duration: 1}
$data merge entity $(bone_left_leg) {transformation: [-0.999f,-0.0426f,-0.0095f,0.125f,-0.0435f,0.9902f,0.1328f,-1.3966f,0.0038f,0.1331f,-0.9911f,0.0475f,0f,0f,0f,1f],start_interpolation: 0,interpolation_duration: 1}
$data merge entity $(bone_right_leg) {transformation: [-0.9962f,0.0847f,0.0203f,-0.125f,0.0868f,0.9853f,0.1469f,-1.4469f,-0.0076f,0.1481f,-0.9889f,0.0456f,0f,0f,0f,1f],start_interpolation: 0,interpolation_duration: 1}