# This file was generated by Animated Java via MC-Build. It is not recommended to edit this file directly.
$data merge entity $(bone_head) {transformation: [-0.9482f,-0.3085f,0.0763f,0f,-0.1685f,0.6915f,0.7024f,-0.673f,-0.2695f,0.6531f,-0.7077f,0.2859f,0f,0f,0f,1f],start_interpolation: 0,interpolation_duration: 1}
$data merge entity $(bone_right_arm) {transformation: [-1f,0f,0f,-0.375f,0f,0.9945f,0.1045f,-0.7019f,0f,0.1045f,-0.9945f,0.274f,0f,0f,0f,1f],start_interpolation: 0,interpolation_duration: 1}
$data merge entity $(bone_left_arm) {transformation: [-1f,0f,0f,0.375f,0f,0.9205f,0.3907f,-0.7307f,0f,0.3907f,-0.9205f,0.262f,0f,0f,0f,1f],start_interpolation: 0,interpolation_duration: 1}
$data merge entity $(bone_upper) {transformation: [-1f,0f,0f,0f,0f,0.9239f,0.3827f,-1.337f,0f,0.3827f,-0.9239f,0.0109f,0f,0f,0f,1f],start_interpolation: 0,interpolation_duration: 1}
$data merge entity $(bone_left_leg) {transformation: [-0.999f,-0.0409f,-0.0153f,0.125f,-0.0435f,0.9627f,0.2669f,-1.4226f,0.0038f,0.2673f,-0.9636f,0.0372f,0f,0f,0f,1f],start_interpolation: 0,interpolation_duration: 1}
$data merge entity $(bone_right_leg) {transformation: [-0.9962f,0.0839f,0.0235f,-0.125f,0.0868f,0.9791f,0.1841f,-1.3966f,-0.0076f,0.1854f,-0.9826f,0.0475f,0f,0f,0f,1f],start_interpolation: 0,interpolation_duration: 1}