# This file was generated by Animated Java via MC-Build. It is not recommended to edit this file directly.
$data merge entity $(bone_head) {transformation: [-0.9705f,-0.2257f,0.0848f,0.0045f,-0.079f,0.6301f,0.7725f,-0.6362f,-0.2277f,0.743f,-0.6294f,0.2376f,0f,0f,0f,1f],start_interpolation: 0,interpolation_duration: 1}
$data merge entity $(bone_right_arm) {transformation: [-0.9962f,-0.0508f,-0.0709f,-0.3693f,-0.0215f,0.9308f,-0.3648f,-0.674f,0.0845f,-0.3619f,-0.9284f,0.2594f,0f,0f,0f,1f],start_interpolation: 0,interpolation_duration: 1}
$data merge entity $(bone_left_arm) {transformation: [-0.9962f,0.0417f,-0.0765f,0.3777f,-0.0215f,0.733f,0.6799f,-0.6875f,0.0845f,0.679f,-0.7293f,0.1862f,0f,0f,0f,1f],start_interpolation: 0,interpolation_duration: 1}
$data merge entity $(bone_upper) {transformation: [-0.9962f,0.0062f,-0.087f,0f,-0.0215f,0.9489f,0.3148f,-1.3183f,0.0845f,0.3154f,-0.9452f,0.0109f,0f,0f,0f,1f],start_interpolation: 0,interpolation_duration: 1}
$data merge entity $(bone_left_leg) {transformation: [-0.999f,-0.0311f,-0.0306f,0.125f,-0.0435f,0.7709f,0.6354f,-1.3884f,0.0038f,0.6361f,-0.7716f,-0.0018f,0f,0f,0f,1f],start_interpolation: 0,interpolation_duration: 1}
$data merge entity $(bone_right_leg) {transformation: [-0.9962f,0.0864f,-0.0111f,-0.125f,0.0868f,0.9732f,-0.2131f,-1.3778f,-0.0076f,-0.2133f,-0.977f,0.0475f,0f,0f,0f,1f],start_interpolation: 0,interpolation_duration: 1}