# This file was generated by Animated Java via MC-Build. It is not recommended to edit this file directly.
$data merge entity $(bone_shotgun_shell) {transformation: [0f,0f,0f,-0.2319f,0f,0f,0f,-0.6797f,0f,0f,0f,0.4629f,0f,0f,0f,1f],start_interpolation: 0,interpolation_duration: 1}
$data merge entity $(bone_clock) {transformation: [-0.8434f,0.1838f,-0.5049f,-0.0064f,0.5353f,0.3693f,-0.7597f,-0.4353f,0.0468f,-0.911f,-0.4098f,0.7309f,0f,0f,0f,1f],start_interpolation: 0,interpolation_duration: 1}
$data merge entity $(bone_barrel1) {transformation: [-0.8434f,0.1838f,-0.5049f,-0.1189f,0.5353f,0.3693f,-0.7597f,-0.6018f,0.0468f,-0.911f,-0.4098f,0.6064f,0f,0f,0f,1f],start_interpolation: 0,interpolation_duration: 1}
$data merge entity $(bone_trigger) {transformation: [-0.8434f,0.1838f,-0.5049f,-0.2371f,0.5353f,0.3693f,-0.7597f,-0.7247f,0.0468f,-0.911f,-0.4098f,0.551f,0f,0f,0f,1f],start_interpolation: 0,interpolation_duration: 1}
$data merge entity $(bone_trigger_part) {transformation: [-0.8434f,0.1838f,-0.5049f,-0.2288f,0.5353f,0.3693f,-0.7597f,-0.713f,0.0468f,-0.911f,-0.4098f,0.5666f,0f,0f,0f,1f],start_interpolation: 0,interpolation_duration: 1}
$data merge entity $(bone_chrome_shotgun) {transformation: [-0.8434f,0.1838f,-0.5049f,-0.2003f,0.5353f,0.3693f,-0.7597f,-0.6945f,0.0468f,-0.911f,-0.4098f,0.5353f,0f,0f,0f,1f],start_interpolation: 0,interpolation_duration: 1}
$data merge entity $(bone_shotgun_shell1) {transformation: [0f,0f,0f,-0.2277f,0f,0f,0f,-0.7584f,0f,0f,0f,0.5004f,0f,0f,0f,1f],start_interpolation: 0,interpolation_duration: 1}
$data merge entity $(bone_right_arm) {transformation: [-0.7703f,-0.6107f,-0.1838f,-0.4902f,0.6298f,-0.6833f,-0.3693f,-0.9645f,0.0999f,-0.4002f,0.911f,0.4017f,0f,0f,0f,1f],start_interpolation: 0,interpolation_duration: 1}
$data merge entity $(bone_left_arm) {transformation: [-0.8819f,0.0006f,-0.4714f,0.0494f,0.2146f,-0.8899f,-0.4026f,-0.6319f,-0.4197f,-0.4562f,0.7847f,0.6454f,0f,0f,0f,1f],start_interpolation: 0,interpolation_duration: 1}
data modify entity @s data merge value {"cameras":{},"locators":{"barrel":{"px":0.12422705048811242,"py":-0.1749060181747728,"pz":0.7736461955360927,"ry":309.0640225597216,"rx":-49.43810020618355}}}