# This file was generated by Animated Java via MC-Build. It is not recommended to edit this file directly.
$data merge entity $(bone_shotgun_shell) {transformation: [0f,0f,0f,-0.1516f,0f,0f,0f,-0.623f,0f,0f,0f,0.4987f,0f,0f,0f,1f],start_interpolation: 0,interpolation_duration: 1}
$data merge entity $(bone_clock) {transformation: [-0.8434f,0.1391f,-0.519f,0.0847f,0.5353f,0.3016f,-0.789f,-0.3591f,0.0468f,-0.9432f,-0.3288f,0.7372f,0f,0f,0f,1f],start_interpolation: 0,interpolation_duration: 1}
$data merge entity $(bone_barrel1) {transformation: [-0.8434f,0.1391f,-0.519f,-0.0326f,0.5353f,0.3016f,-0.789f,-0.5346f,0.0468f,-0.9432f,-0.3288f,0.6307f,0f,0f,0f,1f],start_interpolation: 0,interpolation_duration: 1}
$data merge entity $(bone_trigger) {transformation: [-0.8434f,0.1391f,-0.519f,-0.1524f,0.5353f,0.3016f,-0.789f,-0.6615f,0.0468f,-0.9432f,-0.3288f,0.59f,0f,0f,0f,1f],start_interpolation: 0,interpolation_duration: 1}
$data merge entity $(bone_trigger_part) {transformation: [-0.8434f,0.1391f,-0.519f,-0.1435f,0.5353f,0.3016f,-0.789f,-0.6487f,0.0468f,-0.9432f,-0.3288f,0.6044f,0f,0f,0f,1f],start_interpolation: 0,interpolation_duration: 1}
$data merge entity $(bone_chrome_shotgun) {transformation: [-0.8434f,0.1391f,-0.519f,-0.1166f,0.5353f,0.3016f,-0.789f,-0.6324f,0.0468f,-0.9432f,-0.3288f,0.5704f,0f,0f,0f,1f],start_interpolation: 0,interpolation_duration: 1}
$data merge entity $(bone_shotgun_shell1) {transformation: [0f,0f,0f,-0.1452f,0f,0f,0f,-0.6988f,0f,0f,0f,0.5417f,0f,0f,0f,1f],start_interpolation: 0,interpolation_duration: 1}
$data merge entity $(bone_right_arm) {transformation: [-0.7684f,-0.6246f,-0.1391f,-0.4108f,0.6337f,-0.7124f,-0.3016f,-0.9122f,0.0893f,-0.3199f,0.9432f,0.4707f,0f,0f,0f,1f],start_interpolation: 0,interpolation_duration: 1}
$data merge entity $(bone_left_arm) {transformation: [-0.9017f,-0.0155f,-0.4321f,0.1376f,0.1811f,-0.921f,-0.3449f,-0.5613f,-0.3926f,-0.3892f,0.8333f,0.6638f,0f,0f,0f,1f],start_interpolation: 0,interpolation_duration: 1}
data modify entity @s data merge value {"cameras":{},"locators":{"barrel":{"px":0.21563941416745475,"py":-0.0959289308155834,"pz":0.7545525235507287,"ry":302.3585707851299,"rx":-52.09178583914086}}}