# This file was generated by Animated Java via MC-Build. It is not recommended to edit this file directly.
$data merge entity $(bone_shotgun_shell) {transformation: [0f,0f,0f,-0.0793f,0f,0f,0f,-0.573f,0f,0f,0f,0.5289f,0f,0f,0f,1f],start_interpolation: 0,interpolation_duration: 1}
$data merge entity $(bone_clock) {transformation: [-0.8434f,0.0933f,-0.5291f,0.1663f,0.5353f,0.2317f,-0.8123f,-0.2917f,0.0468f,-0.9683f,-0.2454f,0.7361f,0f,0f,0f,1f],start_interpolation: 0,interpolation_duration: 1}
$data merge entity $(bone_barrel1) {transformation: [-0.8434f,0.0933f,-0.5291f,0.0452f,0.5353f,0.2317f,-0.8123f,-0.4748f,0.0468f,-0.9683f,-0.2454f,0.6483f,0f,0f,0f,1f],start_interpolation: 0,interpolation_duration: 1}
$data merge entity $(bone_trigger) {transformation: [-0.8434f,0.0933f,-0.5291f,-0.0757f,0.5353f,0.2317f,-0.8123f,-0.6047f,0.0468f,-0.9683f,-0.2454f,0.6227f,0f,0f,0f,1f],start_interpolation: 0,interpolation_duration: 1}
$data merge entity $(bone_trigger_part) {transformation: [-0.8434f,0.0933f,-0.5291f,-0.0662f,0.5353f,0.2317f,-0.8123f,-0.5908f,0.0468f,-0.9683f,-0.2454f,0.6356f,0f,0f,0f,1f],start_interpolation: 0,interpolation_duration: 1}
$data merge entity $(bone_chrome_shotgun) {transformation: [-0.8434f,0.0933f,-0.5291f,-0.0409f,0.5353f,0.2317f,-0.8123f,-0.5771f,0.0468f,-0.9683f,-0.2454f,0.5994f,0f,0f,0f,1f],start_interpolation: 0,interpolation_duration: 1}
$data merge entity $(bone_shotgun_shell1) {transformation: [0f,0f,0f,-0.0705f,0f,0f,0f,-0.6454f,0f,0f,0f,0.577f,0f,0f,0f,1f],start_interpolation: 0,interpolation_duration: 1}
$data merge entity $(bone_right_arm) {transformation: [-0.7671f,-0.6347f,-0.0933f,-0.3379f,0.6367f,-0.7355f,-0.2317f,-0.8641f,0.0785f,-0.2372f,0.9683f,0.5344f,0f,0f,0f,1f],start_interpolation: 0,interpolation_duration: 1}
$data merge entity $(bone_left_arm) {transformation: [-0.92f,-0.0282f,-0.3908f,0.2169f,0.1495f,-0.9472f,-0.2836f,-0.4986f,-0.3622f,-0.3194f,0.8757f,0.6753f,0f,0f,0f,1f],start_interpolation: 0,interpolation_duration: 1}
data modify entity @s data merge value {"cameras":{},"locators":{"barrel":{"px":0.2963492847709449,"py":-0.02766805875460787,"pz":0.7278826220278045,"ry":294.8786102249363,"rx":-54.31962920092017}}}