# This file was generated by Animated Java via MC-Build. It is not recommended to edit this file directly.
$data merge entity $(bone_shotgun_shell) {transformation: [0f,0f,0f,-0.0282f,0f,0f,0f,-0.6009f,0f,0f,0f,0.824f,0f,0f,0f,1f],start_interpolation: 0,interpolation_duration: 1}
$data merge entity $(bone_clock) {transformation: [-0.8434f,0.0468f,-0.5353f,0.2252f,0.5353f,0.1601f,-0.8294f,-0.3045f,0.0468f,-0.986f,-0.1601f,0.9983f,0f,0f,0f,1f],start_interpolation: 0,interpolation_duration: 1}
$data merge entity $(bone_barrel1) {transformation: [-0.8434f,0.0468f,-0.5353f,0.1012f,0.5353f,0.1601f,-0.8294f,-0.4939f,0.0468f,-0.986f,-0.1601f,0.9299f,0f,0f,0f,1f],start_interpolation: 0,interpolation_duration: 1}
$data merge entity $(bone_trigger) {transformation: [-0.8434f,0.0468f,-0.5353f,-0.02f,0.5353f,0.1601f,-0.8294f,-0.6256f,0.0468f,-0.986f,-0.1601f,0.9196f,0f,0f,0f,1f],start_interpolation: 0,interpolation_duration: 1}
$data merge entity $(bone_trigger_part) {transformation: [-0.8434f,0.0468f,-0.5353f,-0.01f,0.5353f,0.1601f,-0.8294f,-0.6108f,0.0468f,-0.986f,-0.1601f,0.931f,0f,0f,0f,1f],start_interpolation: 0,interpolation_duration: 1}
$data merge entity $(bone_chrome_shotgun) {transformation: [-0.8434f,0.0468f,-0.5353f,0.0135f,0.5353f,0.1601f,-0.8294f,-0.5997f,0.0468f,-0.986f,-0.1601f,0.8927f,0f,0f,0f,1f],start_interpolation: 0,interpolation_duration: 1}
$data merge entity $(bone_shotgun_shell1) {transformation: [0f,0f,0f,-0.0167f,0f,0f,0f,-0.6696f,0f,0f,0f,0.8768f,0f,0f,0f,1f],start_interpolation: 0,interpolation_duration: 1}
$data merge entity $(bone_right_arm) {transformation: [-0.7663f,-0.6408f,-0.0468f,-0.2845f,0.6389f,-0.7524f,-0.1601f,-0.8914f,0.0673f,-0.1526f,0.986f,0.8629f,0f,0f,0f,1f],start_interpolation: 0,interpolation_duration: 1}
$data merge entity $(bone_left_arm) {transformation: [-0.9367f,-0.0375f,-0.3481f,0.2741f,0.1203f,-0.9682f,-0.2193f,-0.5152f,-0.3288f,-0.2473f,0.9115f,0.9505f,0f,0f,0f,1f],start_interpolation: 0,interpolation_duration: 1}
data modify entity @s data merge value {"cameras":{},"locators":{"barrel":{"px":0.3531803601982876,"py":-0.041517609279305034,"pz":0.9646210889790953,"ry":286.6476013803664,"rx":-56.03600580396052}}}