# This file was generated by Animated Java via MC-Build. It is not recommended to edit this file directly.
$data merge entity $(bone_shotgun_shell) {transformation: [0f,0f,0f,0.0443f,0f,0f,0f,-0.6047f,0f,0f,0f,0.197f,0f,0f,0f,1f],start_interpolation: 0,interpolation_duration: 0}
$data merge entity $(bone_clock) {transformation: [-0.8434f,0.0649f,-0.5334f,0.2949f,0.5353f,0.188f,-0.8235f,-0.3138f,0.0468f,-0.98f,-0.1933f,0.3842f,0f,0f,0f,1f],start_interpolation: 0,interpolation_duration: 0}
$data merge entity $(bone_barrel1) {transformation: [-0.8434f,0.0649f,-0.5334f,0.1719f,0.5353f,0.188f,-0.8235f,-0.501f,0.0468f,-0.98f,-0.1933f,0.3082f,0f,0f,0f,1f],start_interpolation: 0,interpolation_duration: 0}
$data merge entity $(bone_trigger) {transformation: [-0.8434f,0.0649f,-0.5334f,0.0508f,0.5353f,0.188f,-0.8235f,-0.6321f,0.0468f,-0.98f,-0.1933f,0.292f,0f,0f,0f,1f],start_interpolation: 0,interpolation_duration: 0}
$data merge entity $(bone_trigger_part) {transformation: [-0.8434f,0.0649f,-0.5334f,0.0606f,0.5353f,0.188f,-0.8235f,-0.6176f,0.0468f,-0.98f,-0.1933f,0.304f,0f,0f,0f,1f],start_interpolation: 0,interpolation_duration: 0}
$data merge entity $(bone_chrome_shotgun) {transformation: [-0.8434f,0.0649f,-0.5334f,0.0848f,0.5353f,0.188f,-0.8235f,-0.6055f,0.0468f,-0.98f,-0.1933f,0.2665f,0f,0f,0f,1f],start_interpolation: 0,interpolation_duration: 0}
$data merge entity $(bone_shotgun_shell1) {transformation: [0f,0f,0f,0.0548f,0f,0f,0f,-0.6748f,0f,0f,0f,0.248f,0f,0f,0f,1f],start_interpolation: 0,interpolation_duration: 0}
$data merge entity $(bone_right_arm) {transformation: [-0.7666f,-0.6389f,-0.0649f,-0.213f,0.6382f,-0.7466f,-0.188f,-0.8957f,0.0717f,-0.1856f,0.98f,0.223f,0f,0f,0f,1f],start_interpolation: 0,interpolation_duration: 0}
$data merge entity $(bone_left_arm) {transformation: [-0.9304f,-0.0343f,-0.3648f,0.3444f,0.1314f,-0.9607f,-0.2446f,-0.5232f,-0.3421f,-0.2755f,0.8984f,0.3313f,0f,0f,0f,1f],start_interpolation: 0,interpolation_duration: 0}
data modify entity @s data merge value {"cameras":{},"locators":{"barrel":{"px":0.4238457624277461,"py":-0.05022010234223406,"pz":0.3603797457382438,"ry":289.922962179382,"rx":-55.436633428410815}}}