# This file was generated by Animated Java via MC-Build. It is not recommended to edit this file directly.
$data merge entity $(bone_shotgun_shell) {transformation: [0f,0f,0f,-0.1517f,0f,0f,0f,-0.685f,0f,0f,0f,0.7724f,0f,0f,0f,1f],start_interpolation: 0,interpolation_duration: 1}
$data merge entity $(bone_clock) {transformation: [-0.8434f,0.1279f,-0.5218f,0.087f,0.5353f,0.2847f,-0.7953f,-0.4166f,0.0468f,-0.95f,-0.3086f,1.0034f,0f,0f,0f,1f],start_interpolation: 0,interpolation_duration: 1}
$data merge entity $(bone_barrel1) {transformation: [-0.8434f,0.1279f,-0.5218f,-0.0313f,0.5353f,0.2847f,-0.7953f,-0.5941f,0.0468f,-0.95f,-0.3086f,0.9014f,0f,0f,0f,1f],start_interpolation: 0,interpolation_duration: 1}
$data merge entity $(bone_trigger) {transformation: [-0.8434f,0.1279f,-0.5218f,-0.1514f,0.5353f,0.2847f,-0.7953f,-0.7218f,0.0468f,-0.95f,-0.3086f,0.8644f,0f,0f,0f,1f],start_interpolation: 0,interpolation_duration: 1}
$data merge entity $(bone_trigger_part) {transformation: [-0.8434f,0.1279f,-0.5218f,-0.1424f,0.5353f,0.2847f,-0.7953f,-0.7087f,0.0468f,-0.95f,-0.3086f,0.8784f,0f,0f,0f,1f],start_interpolation: 0,interpolation_duration: 1}
$data merge entity $(bone_chrome_shotgun) {transformation: [-0.8434f,0.1279f,-0.5218f,-0.1158f,0.5353f,0.2847f,-0.7953f,-0.6931f,0.0468f,-0.95f,-0.3086f,0.8439f,0f,0f,0f,1f],start_interpolation: 0,interpolation_duration: 1}
$data merge entity $(bone_shotgun_shell1) {transformation: [0f,0f,0f,-0.1448f,0f,0f,0f,-0.76f,0f,0f,0f,0.8167f,0f,0f,0f,1f],start_interpolation: 0,interpolation_duration: 1}
$data merge entity $(bone_right_arm) {transformation: [-0.7681f,-0.6275f,-0.1279f,-0.4109f,0.6345f,-0.7186f,-0.2847f,-0.9749f,0.0867f,-0.2999f,0.95f,0.7526f,0f,0f,0f,1f],start_interpolation: 0,interpolation_duration: 1}
$data merge entity $(bone_left_arm) {transformation: [-0.9063f,-0.0189f,-0.4221f,0.1393f,0.1731f,-0.9279f,-0.3302f,-0.62f,-0.3855f,-0.3723f,0.8443f,0.933f,0f,0f,0f,1f],start_interpolation: 0,interpolation_duration: 1}
data modify entity @s data merge value {"cameras":{},"locators":{"barrel":{"px":0.2178518983502749,"py":-0.1530783033077504,"pz":1.0144916817760596,"ry":300.59887411540785,"rx":-52.67999327187916}}}