# This file was generated by Animated Java via MC-Build. It is not recommended to edit this file directly.
$data merge entity $(bone_shotgun_shell) {transformation: [0f,0f,0f,-0.2322f,0f,0f,0f,-0.9621f,0f,0f,0f,0.6891f,0f,0f,0f,1f],start_interpolation: 0,interpolation_duration: 1}
$data merge entity $(bone_clock) {transformation: [-0.8434f,0.1945f,-0.5009f,-0.0095f,0.5353f,0.3854f,-0.7516f,-0.7229f,0.0468f,-0.902f,-0.4292f,0.9641f,0f,0f,0f,1f],start_interpolation: 0,interpolation_duration: 1}
$data merge entity $(bone_barrel1) {transformation: [-0.8434f,0.1945f,-0.5009f,-0.1209f,0.5353f,0.3854f,-0.7516f,-0.887f,0.0468f,-0.902f,-0.4292f,0.8353f,0f,0f,0f,1f],start_interpolation: 0,interpolation_duration: 1}
$data merge entity $(bone_trigger) {transformation: [-0.8434f,0.1945f,-0.5009f,-0.2385f,0.5353f,0.3854f,-0.7516f,-1.0087f,0.0468f,-0.902f,-0.4292f,0.7763f,0f,0f,0f,1f],start_interpolation: 0,interpolation_duration: 1}
$data merge entity $(bone_trigger_part) {transformation: [-0.8434f,0.1945f,-0.5009f,-0.2303f,0.5353f,0.3854f,-0.7516f,-0.9973f,0.0468f,-0.902f,-0.4292f,0.7923f,0f,0f,0f,1f],start_interpolation: 0,interpolation_duration: 1}
$data merge entity $(bone_chrome_shotgun) {transformation: [-0.8434f,0.1945f,-0.5009f,-0.2014f,0.5353f,0.3854f,-0.7516f,-0.9783f,0.0468f,-0.902f,-0.4292f,0.7616f,0f,0f,0f,1f],start_interpolation: 0,interpolation_duration: 1}
$data merge entity $(bone_shotgun_shell1) {transformation: [0f,0f,0f,-0.2285f,0f,0f,0f,-1.0415f,0f,0f,0f,0.7253f,0f,0f,0f,1f],start_interpolation: 0,interpolation_duration: 1}
$data merge entity $(bone_right_arm) {transformation: [-0.7708f,-0.6067f,-0.1945f,-0.49f,0.6288f,-0.6753f,-0.3854f,-1.2455f,0.1024f,-0.4194f,0.902f,0.6198f,0f,0f,0f,1f],start_interpolation: 0,interpolation_duration: 1}
$data merge entity $(bone_left_arm) {transformation: [-0.8769f,0.005f,-0.4807f,0.047f,0.2231f,-0.8815f,-0.4162f,-0.9179f,-0.4258f,-0.4722f,0.7718f,0.8756f,0f,0f,0f,1f],start_interpolation: 0,interpolation_duration: 1}
data modify entity @s data merge value {"cameras":{},"locators":{"barrel":{"px":0.12076367544703187,"py":-0.46341261942733747,"pz":1.0129637196874806,"ry":310.59221309810016,"rx":-48.732590888282814}}}