# This file was generated by Animated Java via MC-Build. It is not recommended to edit this file directly.
$data merge entity $(bone_shotgun_shell) {transformation: [0f,0f,0f,-0.3667f,0f,0f,0f,-0.7836f,0f,0f,0f,0.435f,0f,0f,0f,1f],start_interpolation: 0,interpolation_duration: 1}
$data merge entity $(bone_clock) {transformation: [-0.8434f,0.2931f,-0.4503f,-0.1758f,0.5353f,0.5314f,-0.6566f,-0.5997f,0.0468f,-0.7948f,-0.6051f,0.7699f,0f,0f,0f,1f],start_interpolation: 0,interpolation_duration: 1}
$data merge entity $(bone_barrel1) {transformation: [-0.8434f,0.2931f,-0.4503f,-0.2722f,0.5353f,0.5314f,-0.6566f,-0.737f,0.0468f,-0.7948f,-0.6051f,0.6032f,0f,0f,0f,1f],start_interpolation: 0,interpolation_duration: 1}
$data merge entity $(bone_trigger) {transformation: [-0.8434f,0.2931f,-0.4503f,-0.3826f,0.5353f,0.5314f,-0.6566f,-0.8445f,0.0468f,-0.7948f,-0.6051f,0.5115f,0f,0f,0f,1f],start_interpolation: 0,interpolation_duration: 1}
$data merge entity $(bone_trigger_part) {transformation: [-0.8434f,0.2931f,-0.4503f,-0.3762f,0.5353f,0.5314f,-0.6566f,-0.8361f,0.0468f,-0.7948f,-0.6051f,0.53f,0f,0f,0f,1f],start_interpolation: 0,interpolation_duration: 1}
$data merge entity $(bone_chrome_shotgun) {transformation: [-0.8434f,0.2931f,-0.4503f,-0.3441f,0.5353f,0.5314f,-0.6566f,-0.8127f,0.0468f,-0.7948f,-0.6051f,0.5065f,0f,0f,0f,1f],start_interpolation: 0,interpolation_duration: 1}
$data merge entity $(bone_shotgun_shell1) {transformation: [0f,0f,0f,-0.3671f,0f,0f,0f,-0.8681f,0f,0f,0f,0.457f,0f,0f,0f,1f],start_interpolation: 0,interpolation_duration: 1}
$data merge entity $(bone_right_arm) {transformation: [-0.7774f,-0.5565f,-0.2931f,-0.6153f,0.6164f,-0.5811f,-0.5314f,-1.0458f,0.1254f,-0.5938f,0.7948f,0.2899f,0f,0f,0f,1f],start_interpolation: 0,interpolation_duration: 1}
$data merge entity $(bone_left_arm) {transformation: [-0.8244f,0.0572f,-0.5632f,-0.1098f,0.31f,-0.7868f,-0.5337f,-0.7776f,-0.4736f,-0.6146f,0.6309f,0.6556f,0f,0f,0f,1f],start_interpolation: 0,interpolation_duration: 1}
data modify entity @s data merge value {"cameras":{},"locators":{"barrel":{"px":-0.051717186893362466,"py":-0.3551398439674722,"pz":0.8769591956831757,"ry":323.3424072449409,"rx":-41.041090664384264}}}