# This file was generated by Animated Java via MC-Build. It is not recommended to edit this file directly.
$data merge entity $(bone_shotgun_shell) {transformation: [0f,0f,0f,-0.3071f,0f,0f,0f,-1.0154f,0f,0f,0f,0.6509f,0f,0f,0f,1f],start_interpolation: 0,interpolation_duration: 1}
$data merge entity $(bone_clock) {transformation: [-0.8434f,0.2271f,-0.487f,-0.0937f,0.5353f,0.4341f,-0.7246f,-0.7927f,0.0468f,-0.8718f,-0.4876f,0.9464f,0f,0f,0f,1f],start_interpolation: 0,interpolation_duration: 1}
$data merge entity $(bone_barrel1) {transformation: [-0.8434f,0.2271f,-0.487f,-0.2008f,0.5353f,0.4341f,-0.7246f,-0.949f,0.0468f,-0.8718f,-0.4876f,0.8049f,0f,0f,0f,1f],start_interpolation: 0,interpolation_duration: 1}
$data merge entity $(bone_trigger) {transformation: [-0.8434f,0.2271f,-0.487f,-0.3165f,0.5353f,0.4341f,-0.7246f,-1.0668f,0.0468f,-0.8718f,-0.4876f,0.7351f,0f,0f,0f,1f],start_interpolation: 0,interpolation_duration: 1}
$data merge entity $(bone_trigger_part) {transformation: [-0.8434f,0.2271f,-0.487f,-0.3089f,0.5353f,0.4341f,-0.7246f,-1.0563f,0.0468f,-0.8718f,-0.4876f,0.752f,0f,0f,0f,1f],start_interpolation: 0,interpolation_duration: 1}
$data merge entity $(bone_chrome_shotgun) {transformation: [-0.8434f,0.2271f,-0.487f,-0.2789f,0.5353f,0.4341f,-0.7246f,-1.0357f,0.0468f,-0.8718f,-0.4876f,0.7234f,0f,0f,0f,1f],start_interpolation: 0,interpolation_duration: 1}
$data merge entity $(bone_shotgun_shell1) {transformation: [0f,0f,0f,-0.3048f,0f,0f,0f,-1.0967f,0f,0f,0f,0.6827f,0f,0f,0f,1f],start_interpolation: 0,interpolation_duration: 1}
$data merge entity $(bone_right_arm) {transformation: [-0.7726f,-0.5929f,-0.2271f,-0.5629f,0.6253f,-0.6486f,-0.4341f,-1.2935f,0.1101f,-0.4773f,0.8718f,0.557f,0f,0f,0f,1f],start_interpolation: 0,interpolation_duration: 1}
$data merge entity $(bone_left_arm) {transformation: [-0.8608f,0.0198f,-0.5086f,-0.0345f,0.25f,-0.854f,-0.4564f,-0.9828f,-0.4433f,-0.52f,0.7301f,0.8493f,0f,0f,0f,1f],start_interpolation: 0,interpolation_duration: 1}
data modify entity @s data merge value {"cameras":{},"locators":{"barrel":{"px":0.03532002448189425,"py":-0.5369068391996474,"pz":1.0141950964985826,"ry":315.0394292343436,"rx":-46.43807350503865}}}