# This file was generated by Animated Java via MC-Build. It is not recommended to edit this file directly.
$data merge entity $(bone_slide) {transformation: [-0.9983f,0.013f,-0.0575f,-0.0273f,0.023f,0.9841f,-0.1759f,-0.2932f,0.0543f,-0.177f,-0.9827f,0.7148f,0f,0f,0f,1f],start_interpolation: 0,interpolation_duration: 1}
$data merge entity $(bone_barrel) {transformation: [-0.9983f,0.013f,-0.0575f,0.0808f,0.023f,0.9841f,-0.1759f,-0.3753f,0.0543f,-0.177f,-0.9827f,0.7232f,0f,0f,0f,1f],start_interpolation: 0,interpolation_duration: 1}
$data merge entity $(bone_magazine) {transformation: [-0.9983f,0.013f,-0.0575f,-0.0404f,0.023f,0.9841f,-0.1759f,-0.4592f,0.0543f,-0.177f,-0.9827f,0.5449f,0f,0f,0f,1f],start_interpolation: 0,interpolation_duration: 1}
$data merge entity $(bone_grip) {transformation: [-0.9983f,0.013f,-0.0575f,-0.0404f,0.023f,0.9841f,-0.1759f,-0.4592f,0.0543f,-0.177f,-0.9827f,0.5449f,0f,0f,0f,1f],start_interpolation: 0,interpolation_duration: 1}
$data merge entity $(bone_trigger) {transformation: [-0.9983f,0.013f,-0.0575f,-0.0386f,0.023f,0.9841f,-0.1759f,-0.4495f,0.0543f,-0.177f,-0.9827f,0.5742f,0f,0f,0f,1f],start_interpolation: 0,interpolation_duration: 1}
$data merge entity $(bone_trigger_gaurd) {transformation: [-0.9983f,0.013f,-0.0575f,-0.0363f,0.023f,0.9841f,-0.1759f,-0.4154f,0.0543f,-0.177f,-0.9827f,0.601f,0f,0f,0f,1f],start_interpolation: 0,interpolation_duration: 1}
$data merge entity $(bone_right_arm) {transformation: [-0.9983f,-0.0575f,-0.013f,-0.0938f,0.023f,-0.1759f,-0.9841f,-0.5308f,0.0543f,-0.9827f,0.177f,0.227f,0f,0f,0f,1f],start_interpolation: 0,interpolation_duration: 1}
$data merge entity $(bone_magazine1) {transformation: [0f,0f,0f,-0.0466f,0f,0f,0f,-0.4658f,0f,0f,0f,0.611f,0f,0f,0f,1f],start_interpolation: -1,interpolation_duration: 0}
$data merge entity $(bone_left_arm) {transformation: [-0.8764f,0.2662f,0.4013f,0.1022f,-0.3762f,0.1415f,-0.9157f,-0.5171f,-0.3005f,-0.9535f,-0.0239f,0.2411f,0f,0f,0f,1f],start_interpolation: 0,interpolation_duration: 1}
data modify entity @s data merge value {"cameras":{},"locators":{"barrel1":{"px":-0.04590689325354283,"py":-0.3343917974554524,"pz":0.7932319471051641,"ry":356.6509055025394,"rx":-10.133210399855834}}}