# This file was generated by Animated Java via MC-Build. It is not recommended to edit this file directly.
$data merge entity $(bone_slide) {transformation: [-0.9859f,0.144f,-0.0851f,0.0062f,0.1606f,0.673f,-0.722f,-0.2156f,-0.0467f,-0.7255f,-0.6866f,0.4408f,0f,0f,0f,1f],start_interpolation: 0,interpolation_duration: 1}
$data merge entity $(bone_barrel) {transformation: [-0.9859f,0.144f,-0.0851f,0.1024f,0.1606f,0.673f,-0.722f,-0.2876f,-0.0467f,-0.7255f,-0.6866f,0.5046f,0f,0f,0f,1f],start_interpolation: 0,interpolation_duration: 1}
$data merge entity $(bone_magazine) {transformation: [0f,0f,0f,-0.0793f,0f,0f,0f,-0.679f,0f,0f,0f,0.6518f,0f,0f,0f,1f],start_interpolation: 0,interpolation_duration: 1}
$data merge entity $(bone_grip) {transformation: [-0.9859f,0.144f,-0.0851f,-0.0298f,0.1606f,0.673f,-0.722f,-0.4476f,-0.0467f,-0.7255f,-0.6866f,0.4024f,0f,0f,0f,1f],start_interpolation: 0,interpolation_duration: 1}
$data merge entity $(bone_trigger) {transformation: [-0.9859f,0.144f,-0.0851f,-0.0265f,0.1606f,0.673f,-0.722f,-0.4226f,-0.0467f,-0.7255f,-0.6866f,0.4203f,0f,0f,0f,1f],start_interpolation: 0,interpolation_duration: 1}
$data merge entity $(bone_trigger_gaurd) {transformation: [-0.9859f,0.144f,-0.0851f,-0.0196f,0.1606f,0.673f,-0.722f,-0.3797f,-0.0467f,-0.7255f,-0.6866f,0.4216f,0f,0f,0f,1f],start_interpolation: 0,interpolation_duration: 1}
$data merge entity $(bone_right_arm) {transformation: [-0.9859f,-0.0851f,-0.144f,-0.0938f,0.1606f,-0.722f,-0.673f,-0.689f,-0.0467f,-0.6866f,0.7255f,0.1864f,0f,0f,0f,1f],start_interpolation: 0,interpolation_duration: 1}
$data merge entity $(bone_magazine1) {transformation: [0f,0f,0f,0.3354f,0f,0f,0f,-0.753f,0f,0f,0f,0.5812f,0f,0f,0f,1f],start_interpolation: 0,interpolation_duration: 1}
$data merge entity $(bone_left_arm) {transformation: [-0.9656f,-0.2572f,0.037f,0.2406f,-0.156f,0.46f,-0.8741f,-0.6769f,0.2078f,-0.8499f,-0.4843f,0.198f,0f,0f,0f,1f],start_interpolation: 0,interpolation_duration: 1}
data modify entity @s data merge value {"cameras":{},"locators":{"barrel1":{"px":-0.01738639901693971,"py":-0.19924469863288138,"pz":0.526679671072468,"ry":352.93370256563776,"rx":-46.2204282986262}}}