# This file was generated by Animated Java via MC-Build. It is not recommended to edit this file directly.
$data merge entity $(bone_slide) {transformation: [-0.9812f,-0.1628f,-0.1034f,-0.0299f,-0.0421f,0.7043f,-0.7086f,-0.202f,0.1882f,-0.691f,-0.698f,0.4352f,0f,0f,0f,1f],start_interpolation: 0,interpolation_duration: 1}
$data merge entity $(bone_barrel) {transformation: [-0.9812f,-0.1628f,-0.1034f,0.0906f,-0.0421f,0.7043f,-0.7086f,-0.2544f,0.1882f,-0.691f,-0.698f,0.4706f,0f,0f,0f,1f],start_interpolation: 0,interpolation_duration: 1}
$data merge entity $(bone_magazine) {transformation: [0f,0f,0f,0.0274f,0f,0f,0f,-0.6777f,0f,0f,0f,0.6275f,0f,0f,0f,1f],start_interpolation: 0,interpolation_duration: 1}
$data merge entity $(bone_grip) {transformation: [-0.9812f,-0.1628f,-0.1034f,-0.0285f,-0.0421f,0.7043f,-0.7086f,-0.4356f,0.1882f,-0.691f,-0.698f,0.39f,0f,0f,0f,1f],start_interpolation: 0,interpolation_duration: 1}
$data merge entity $(bone_trigger) {transformation: [-0.9812f,-0.1628f,-0.1034f,-0.0261f,-0.0421f,0.7043f,-0.7086f,-0.4108f,0.1882f,-0.691f,-0.698f,0.4084f,0f,0f,0f,1f],start_interpolation: 0,interpolation_duration: 1}
$data merge entity $(bone_trigger_gaurd) {transformation: [-0.9812f,-0.1628f,-0.1034f,-0.0274f,-0.0421f,0.7043f,-0.7086f,-0.3675f,0.1882f,-0.691f,-0.698f,0.411f,0f,0f,0f,1f],start_interpolation: 0,interpolation_duration: 1}
$data merge entity $(bone_right_arm) {transformation: [-0.9812f,-0.1034f,0.1628f,-0.0938f,-0.0421f,-0.7086f,-0.7043f,-0.6801f,0.1882f,-0.698f,0.691f,0.1778f,0f,0f,0f,1f],start_interpolation: 0,interpolation_duration: 1}
$data merge entity $(bone_magazine1) {transformation: [0f,0f,0f,0.3607f,0f,0f,0f,-0.6913f,0f,0f,0f,0.5975f,0f,0f,0f,1f],start_interpolation: 0,interpolation_duration: 1}
$data merge entity $(bone_left_arm) {transformation: [-0.9394f,-0.321f,0.1204f,0.251f,-0.2171f,0.2853f,-0.9335f,-0.6893f,0.2653f,-0.9031f,-0.3377f,0.2107f,0f,0f,0f,1f],start_interpolation: 0,interpolation_duration: 1}
data modify entity @s data merge value {"cameras":{},"locators":{"barrel1":{"px":-0.0353334397712701,"py":-0.19275001328811645,"pz":0.5251306196518287,"ry":351.57106455358064,"rx":-45.123373294137046}}}