# This file was generated by Animated Java via MC-Build. It is not recommended to edit this file directly.
$data merge entity $(bone_slide) {transformation: [-0.9478f,-0.2932f,-0.1252f,-0.1639f,-0.1268f,0.7072f,-0.6956f,-0.1022f,0.2925f,-0.6434f,-0.7074f,0.2179f,0f,0f,0f,1f],start_interpolation: 0,interpolation_duration: 1}
$data merge entity $(bone_barrel) {transformation: [-0.9478f,-0.2932f,-0.1252f,-0.0365f,-0.1268f,0.7072f,-0.6956f,-0.1455f,0.2925f,-0.6434f,-0.7074f,0.238f,0f,0f,0f,1f],start_interpolation: 0,interpolation_duration: 1}
$data merge entity $(bone_magazine) {transformation: [0f,0f,0f,-0.0487f,0f,0f,0f,-0.5767f,0f,0f,0f,0.3857f,0f,0f,0f,1f],start_interpolation: 0,interpolation_duration: 1}
$data merge entity $(bone_grip) {transformation: [-0.9478f,-0.2932f,-0.1252f,-0.1495f,-0.1268f,0.7072f,-0.6956f,-0.3336f,0.2925f,-0.6434f,-0.7074f,0.1645f,0f,0f,0f,1f],start_interpolation: 0,interpolation_duration: 1}
$data merge entity $(bone_trigger) {transformation: [-0.9478f,-0.2932f,-0.1252f,-0.1469f,-0.1268f,0.7072f,-0.6956f,-0.3092f,0.2925f,-0.6434f,-0.7074f,0.1833f,0f,0f,0f,1f],start_interpolation: 0,interpolation_duration: 1}
$data merge entity $(bone_trigger_gaurd) {transformation: [-0.9478f,-0.2932f,-0.1252f,-0.1513f,-0.1268f,0.7072f,-0.6956f,-0.2662f,0.2925f,-0.6434f,-0.7074f,0.1877f,0f,0f,0f,1f],start_interpolation: 0,interpolation_duration: 1}
$data merge entity $(bone_right_arm) {transformation: [-0.9478f,-0.1252f,0.2932f,-0.2187f,-0.1268f,-0.6956f,-0.7072f,-0.5767f,0.2925f,-0.7074f,0.6434f,-0.0479f,0f,0f,0f,1f],start_interpolation: 0,interpolation_duration: 1}
$data merge entity $(bone_magazine1) {transformation: [-0.815f,-0.2019f,-0.5431f,0.2478f,-0.3862f,0.8881f,0.2495f,-0.4526f,0.4319f,0.413f,-0.8018f,0.3762f,0f,0f,0f,1f],start_interpolation: 0,interpolation_duration: 1}
$data merge entity $(bone_left_arm) {transformation: [-0.815f,-0.341f,0.4684f,0.1706f,-0.3862f,-0.2829f,-0.878f,-0.6629f,0.4319f,-0.8965f,0.0989f,0.0424f,0f,0f,0f,1f],start_interpolation: 0,interpolation_duration: 1}
data modify entity @s data merge value {"cameras":{},"locators":{"barrel1":{"px":-0.1482924785028105,"py":-0.030590732491512868,"pz":0.37447627491874236,"ry":349.96158366607585,"rx":-44.074681470886674}}}