# This file was generated by Animated Java via MC-Build. It is not recommended to edit this file directly.
$data merge entity $(bone_slide) {transformation: [-0.9478f,-0.2932f,-0.1252f,-0.0389f,-0.1268f,0.7072f,-0.6956f,-0.1897f,0.2925f,-0.6434f,-0.7074f,0.4179f,0f,0f,0f,1f],start_interpolation: 0,interpolation_duration: 1}
$data merge entity $(bone_barrel) {transformation: [-0.9478f,-0.2932f,-0.1252f,0.0885f,-0.1268f,0.7072f,-0.6956f,-0.233f,0.2925f,-0.6434f,-0.7074f,0.438f,0f,0f,0f,1f],start_interpolation: 0,interpolation_duration: 1}
$data merge entity $(bone_magazine) {transformation: [0f,0f,0f,0.0763f,0f,0f,0f,-0.6642f,0f,0f,0f,0.5857f,0f,0f,0f,1f],start_interpolation: 0,interpolation_duration: 1}
$data merge entity $(bone_grip) {transformation: [-0.9478f,-0.2932f,-0.1252f,-0.0245f,-0.1268f,0.7072f,-0.6956f,-0.4211f,0.2925f,-0.6434f,-0.7074f,0.3645f,0f,0f,0f,1f],start_interpolation: 0,interpolation_duration: 1}
$data merge entity $(bone_trigger) {transformation: [-0.9478f,-0.2932f,-0.1252f,-0.0219f,-0.1268f,0.7072f,-0.6956f,-0.3967f,0.2925f,-0.6434f,-0.7074f,0.3833f,0f,0f,0f,1f],start_interpolation: 0,interpolation_duration: 1}
$data merge entity $(bone_trigger_gaurd) {transformation: [-0.9478f,-0.2932f,-0.1252f,-0.0263f,-0.1268f,0.7072f,-0.6956f,-0.3537f,0.2925f,-0.6434f,-0.7074f,0.3877f,0f,0f,0f,1f],start_interpolation: 0,interpolation_duration: 1}
$data merge entity $(bone_right_arm) {transformation: [-0.9478f,-0.1252f,0.2932f,-0.0938f,-0.1268f,-0.6956f,-0.7072f,-0.6642f,0.2925f,-0.7074f,0.6434f,0.1521f,0f,0f,0f,1f],start_interpolation: 0,interpolation_duration: 1}
$data merge entity $(bone_magazine1) {transformation: [-0.815f,-0.2019f,-0.5431f,0.3728f,-0.3862f,0.8881f,0.2495f,-0.5401f,0.4319f,0.413f,-0.8018f,0.5762f,0f,0f,0f,1f],start_interpolation: 0,interpolation_duration: 1}
$data merge entity $(bone_left_arm) {transformation: [-0.815f,-0.341f,0.4684f,0.2956f,-0.3862f,-0.2829f,-0.878f,-0.7504f,0.4319f,-0.8965f,0.0989f,0.2424f,0f,0f,0f,1f],start_interpolation: 0,interpolation_duration: 1}
data modify entity @s data merge value {"cameras":{},"locators":{"barrel1":{"px":-0.0232924785028105,"py":-0.11809073249151295,"pz":0.5744762749187424,"ry":349.96158366607585,"rx":-44.074681470886674},"ammo_display":{"px":0.06398507676620753,"py":-0.31641705137059306,"pz":0.3653054724960883,"ry":349.96158366607585,"rx":-44.074681470886674}}}