# This file was generated by Animated Java via MC-Build. It is not recommended to edit this file directly.
$data merge entity $(bone_slide) {transformation: [-0.8692f,-0.4805f,-0.1167f,-0.0739f,-0.3243f,0.732f,-0.5992f,-0.0796f,0.3733f,-0.4829f,-0.7921f,0.2658f,0f,0f,0f,1f],start_interpolation: 0,interpolation_duration: 1}
$data merge entity $(bone_barrel) {transformation: [-0.8692f,-0.4805f,-0.1167f,0.06f,-0.3243f,0.732f,-0.5992f,-0.1033f,0.3733f,-0.4829f,-0.7921f,0.264f,0f,0f,0f,1f],start_interpolation: 0,interpolation_duration: 1}
$data merge entity $(bone_magazine) {transformation: [0f,0f,0f,0.1324f,0f,0f,0f,-0.5469f,0f,0f,0f,0.3402f,0f,0f,0f,1f],start_interpolation: 0,interpolation_duration: 1}
$data merge entity $(bone_grip) {transformation: [-0.8692f,-0.4805f,-0.1167f,-0.0328f,-0.3243f,0.732f,-0.5992f,-0.2953f,0.3733f,-0.4829f,-0.7921f,0.1742f,0f,0f,0f,1f],start_interpolation: 0,interpolation_duration: 1}
$data merge entity $(bone_trigger) {transformation: [-0.8692f,-0.4805f,-0.1167f,-0.0313f,-0.3243f,0.732f,-0.5992f,-0.2737f,0.3733f,-0.4829f,-0.7921f,0.1964f,0f,0f,0f,1f],start_interpolation: 0,interpolation_duration: 1}
$data merge entity $(bone_trigger_gaurd) {transformation: [-0.8692f,-0.4805f,-0.1167f,-0.0414f,-0.3243f,0.732f,-0.5992f,-0.2332f,0.3733f,-0.4829f,-0.7921f,0.2081f,0f,0f,0f,1f],start_interpolation: 0,interpolation_duration: 1}
$data merge entity $(bone_right_arm) {transformation: [-0.8692f,-0.1167f,0.4805f,-0.0937f,-0.3243f,-0.5992f,-0.732f,-0.5139f,0.3733f,-0.7921f,0.4829f,-0.0655f,0f,0f,0f,1f],start_interpolation: 0,interpolation_duration: 1}
$data merge entity $(bone_magazine1) {transformation: [-0.6849f,-0.5839f,-0.4358f,0.24f,-0.5522f,0.8062f,-0.2124f,-0.363f,0.4754f,0.0951f,-0.8746f,0.2979f,0f,0f,0f,1f],start_interpolation: 0,interpolation_duration: 1}
$data merge entity $(bone_left_arm) {transformation: [-0.6849f,-0.0204f,0.7283f,0.3163f,-0.5522f,-0.6377f,-0.5371f,-0.6706f,0.4754f,-0.77f,0.4255f,0.0505f,0f,0f,0f,1f],start_interpolation: 0,interpolation_duration: 1}
data modify entity @s data merge value {"cameras":{},"locators":{"barrel1":{"px":-0.047709469249562764,"py":-0.02933124563114506,"pz":0.42907796033986895,"ry":351.6192663233896,"rx":-36.80929959124093}}}