# This file was generated by Animated Java via MC-Build. It is not recommended to edit this file directly.
$data merge entity $(bone_slide) {transformation: [-0.8606f,-0.4958f,-0.1165f,-0.0766f,-0.3373f,0.7261f,-0.5991f,-0.1959f,0.3817f,-0.4763f,-0.7921f,0.4737f,0f,0f,0f,1f],start_interpolation: 0,interpolation_duration: 1}
$data merge entity $(bone_barrel) {transformation: [-0.8606f,-0.4958f,-0.1165f,0.0576f,-0.3373f,0.7261f,-0.5991f,-0.2178f,0.3817f,-0.4763f,-0.7921f,0.4705f,0f,0f,0f,1f],start_interpolation: 0,interpolation_duration: 1}
$data merge entity $(bone_magazine) {transformation: [0f,0f,0f,0.1371f,0f,0f,0f,-0.6604f,0f,0f,0f,0.545f,0f,0f,0f,1f],start_interpolation: 0,interpolation_duration: 1}
$data merge entity $(bone_grip) {transformation: [-0.8606f,-0.4958f,-0.1165f,-0.0334f,-0.3373f,0.7261f,-0.5991f,-0.4108f,0.3817f,-0.4763f,-0.7921f,0.3813f,0f,0f,0f,1f],start_interpolation: 0,interpolation_duration: 1}
$data merge entity $(bone_trigger) {transformation: [-0.8606f,-0.4958f,-0.1165f,-0.032f,-0.3373f,0.7261f,-0.5991f,-0.3893f,0.3817f,-0.4763f,-0.7921f,0.4035f,0f,0f,0f,1f],start_interpolation: 0,interpolation_duration: 1}
$data merge entity $(bone_trigger_gaurd) {transformation: [-0.8606f,-0.4958f,-0.1165f,-0.0425f,-0.3373f,0.7261f,-0.5991f,-0.3489f,0.3817f,-0.4763f,-0.7921f,0.4154f,0f,0f,0f,1f],start_interpolation: 0,interpolation_duration: 1}
$data merge entity $(bone_right_arm) {transformation: [-0.8606f,-0.1165f,0.4958f,-0.0938f,-0.3373f,-0.5991f,-0.7261f,-0.6298f,0.3817f,-0.7921f,0.4763f,0.1417f,0f,0f,0f,1f],start_interpolation: 0,interpolation_duration: 1}
$data merge entity $(bone_magazine1) {transformation: [-0.7143f,-0.5289f,-0.4584f,0.2498f,-0.5361f,0.8345f,-0.1274f,-0.4764f,0.4499f,0.1547f,-0.8796f,0.5157f,0f,0f,0f,1f],start_interpolation: 0,interpolation_duration: 1}
$data merge entity $(bone_left_arm) {transformation: [-0.7143f,-0.0705f,0.6963f,0.3031f,-0.5361f,-0.5844f,-0.6092f,-0.7718f,0.4499f,-0.8084f,0.3796f,0.2483f,0f,0f,0f,1f],start_interpolation: 0,interpolation_duration: 1}
data modify entity @s data merge value {"cameras":{},"locators":{"barrel1":{"px":-0.0603225018839618,"py":-0.20177665049971047,"pz":0.5625757068355215,"ry":351.6352525109286,"rx":-36.80903958838871}}}