# This file was generated by Animated Java via MC-Build. It is not recommended to edit this file directly.
$data merge entity $(bone_slide) {transformation: [-0.5005f,-0.8567f,-0.1247f,-0.1382f,-0.7584f,0.5034f,-0.4139f,-0.2519f,0.4174f,-0.1126f,-0.9017f,0.5589f,0f,0f,0f,1f],start_interpolation: 0,interpolation_duration: 1}
$data merge entity $(bone_barrel) {transformation: [-0.5005f,-0.8567f,-0.1247f,-0.0141f,-0.7584f,0.5034f,-0.4139f,-0.2097f,0.4174f,-0.1126f,-0.9017f,0.5224f,0f,0f,0f,1f],start_interpolation: 0,interpolation_duration: 1}
$data merge entity $(bone_magazine) {transformation: [0f,0f,0f,0.246f,0f,0f,0f,-0.5737f,0f,0f,0f,0.435f,0f,0f,0f,1f],start_interpolation: 0,interpolation_duration: 1}
$data merge entity $(bone_grip) {transformation: [-0.5005f,-0.8567f,-0.1247f,-0.0484f,-0.7584f,0.5034f,-0.4139f,-0.4006f,0.4174f,-0.1126f,-0.9017f,0.3963f,0f,0f,0f,1f],start_interpolation: 0,interpolation_duration: 1}
$data merge entity $(bone_trigger) {transformation: [-0.5005f,-0.8567f,-0.1247f,-0.0484f,-0.7584f,0.5034f,-0.4139f,-0.3857f,0.4174f,-0.1126f,-0.9017f,0.4235f,0f,0f,0f,1f],start_interpolation: 0,interpolation_duration: 1}
$data merge entity $(bone_trigger_gaurd) {transformation: [-0.5005f,-0.8567f,-0.1247f,-0.0691f,-0.7584f,0.5034f,-0.4139f,-0.3578f,0.4174f,-0.1126f,-0.9017f,0.4495f,0f,0f,0f,1f],start_interpolation: 0,interpolation_duration: 1}
$data merge entity $(bone_right_arm) {transformation: [-0.5005f,-0.1247f,0.8567f,-0.0938f,-0.7584f,-0.4139f,-0.5034f,-0.57f,0.4174f,-0.9017f,0.1126f,0.1166f,0f,0f,0f,1f],start_interpolation: 0,interpolation_duration: 1}
$data merge entity $(bone_magazine1) {transformation: [-0.5263f,-0.8488f,-0.0508f,0.0071f,-0.7452f,0.4893f,-0.453f,-0.489f,0.4094f,-0.2006f,-0.8901f,0.3627f,0f,0f,0f,1f],start_interpolation: 0,interpolation_duration: 1}
$data merge entity $(bone_left_arm) {transformation: [-0.5263f,0.4764f,0.7043f,0.2719f,-0.7452f,-0.6573f,-0.1124f,-0.7551f,0.4094f,-0.584f,0.701f,0.2188f,0f,0f,0f,1f],start_interpolation: 0,interpolation_duration: 1}
data modify entity @s data merge value {"cameras":{},"locators":{"barrel1":{"px":-0.08204346461759887,"py":-0.22875153062419218,"pz":0.720732370545976,"ry":352.12355835927997,"rx":-24.451679227180552},"ammo_display":{"px":-0.03013814683789666,"py":-0.268248009913745,"pz":0.4267102776517207,"ry":352.12355835927997,"rx":-24.451679227180552}}}