# This file was generated by Animated Java via MC-Build. It is not recommended to edit this file directly.
$data merge entity $(bone_slide) {transformation: [-0.5263f,-0.8411f,-0.1246f,-0.1351f,-0.7243f,0.5203f,-0.4524f,-0.2425f,0.4453f,-0.1479f,-0.8831f,0.5473f,0f,0f,0f,1f],start_interpolation: 0,interpolation_duration: 1}
$data merge entity $(bone_barrel) {transformation: [-0.5263f,-0.8411f,-0.1246f,-0.0095f,-0.7243f,0.5203f,-0.4524f,-0.2054f,0.4453f,-0.1479f,-0.8831f,0.5106f,0f,0f,0f,1f],start_interpolation: 0,interpolation_duration: 1}
$data merge entity $(bone_magazine) {transformation: [0f,0f,0f,0.2418f,0f,0f,0f,-0.5799f,0f,0f,0f,0.4439f,0f,0f,0f,1f],start_interpolation: 0,interpolation_duration: 1}
$data merge entity $(bone_grip) {transformation: [-0.5263f,-0.8411f,-0.1246f,-0.0474f,-0.7243f,0.5203f,-0.4524f,-0.401f,0.4453f,-0.1479f,-0.8831f,0.3931f,0f,0f,0f,1f],start_interpolation: 0,interpolation_duration: 1}
$data merge entity $(bone_trigger) {transformation: [-0.5263f,-0.8411f,-0.1246f,-0.0472f,-0.7243f,0.5203f,-0.4524f,-0.3849f,0.4453f,-0.1479f,-0.8831f,0.4195f,0f,0f,0f,1f],start_interpolation: 0,interpolation_duration: 1}
$data merge entity $(bone_trigger_gaurd) {transformation: [-0.5263f,-0.8411f,-0.1246f,-0.0675f,-0.7243f,0.5203f,-0.4524f,-0.3552f,0.4453f,-0.1479f,-0.8831f,0.4439f,0f,0f,0f,1f],start_interpolation: 0,interpolation_duration: 1}
$data merge entity $(bone_right_arm) {transformation: [-0.5263f,-0.1246f,0.8411f,-0.0938f,-0.7243f,-0.4524f,-0.5203f,-0.5821f,0.4453f,-0.8831f,0.1479f,0.1209f,0f,0f,0f,1f],start_interpolation: 0,interpolation_duration: 1}
$data merge entity $(bone_magazine1) {transformation: [-0.5263f,-0.8488f,-0.0508f,0.0071f,-0.7243f,0.4789f,-0.496f,-0.4896f,0.4453f,-0.2243f,-0.8668f,0.3622f,0f,0f,0f,1f],start_interpolation: 0,interpolation_duration: 1}
$data merge entity $(bone_left_arm) {transformation: [-0.5263f,0.4764f,0.7043f,0.2719f,-0.7243f,-0.685f,-0.078f,-0.7624f,0.4453f,-0.5512f,0.7056f,0.2315f,0f,0f,0f,1f],start_interpolation: 0,interpolation_duration: 1}
data modify entity @s data merge value {"cameras":{},"locators":{"barrel1":{"px":-0.09204906017760546,"py":-0.25568159576441574,"pz":0.6258355673287032,"ry":351.9693887332628,"rx":-26.89800082892967}}}