# This file was generated by Animated Java via MC-Build. It is not recommended to edit this file directly.
$data merge entity $(slide) {transformation: [-0.5263f,-0.8411f,-0.1246f,-0.1351f,-0.6714f,0.5011f,-0.546f,-0.1065f,0.5217f,-0.2037f,-0.8284f,0.3182f,0f,0f,0f,1f],start_interpolation: 0,interpolation_duration: 1}
$data merge entity $(barrel) {transformation: [-0.5263f,-0.8411f,-0.1246f,-0.0094f,-0.6714f,0.5011f,-0.546f,-0.0736f,0.5217f,-0.2037f,-0.8284f,0.2776f,0f,0f,0f,1f],start_interpolation: 0,interpolation_duration: 1}
$data merge entity $(magazine) {transformation: [0f,0f,0f,0.2418f,0f,0f,0f,-0.4532f,0f,0f,0f,0.2522f,0f,0f,0f,1f],start_interpolation: 0,interpolation_duration: 1}
$data merge entity $(grip) {transformation: [-0.5263f,-0.8411f,-0.1246f,-0.0474f,-0.6714f,0.5011f,-0.546f,-0.2809f,0.5217f,-0.2037f,-0.8284f,0.1822f,0f,0f,0f,1f],start_interpolation: 0,interpolation_duration: 1}
$data merge entity $(trigger) {transformation: [-0.5263f,-0.8411f,-0.1246f,-0.0472f,-0.6714f,0.5011f,-0.546f,-0.262f,0.5217f,-0.2037f,-0.8284f,0.2067f,0f,0f,0f,1f],start_interpolation: 0,interpolation_duration: 1}
$data merge entity $(trigger_gaurd) {transformation: [-0.5263f,-0.8411f,-0.1246f,-0.0675f,-0.6714f,0.5011f,-0.546f,-0.2298f,0.5217f,-0.2037f,-0.8284f,0.2277f,0f,0f,0f,1f],start_interpolation: 0,interpolation_duration: 1}
$data merge entity $(right_arm) {transformation: [-0.5263f,-0.1246f,0.8411f,-0.0937f,-0.6714f,-0.546f,-0.5011f,-0.4906f,0.5217f,-0.8284f,0.2037f,-0.0686f,0f,0f,0f,1f],start_interpolation: 0,interpolation_duration: 1}
$data merge entity $(magazine1) {transformation: [0f,0f,0f,-0.0437f,0f,0f,0f,-0.3254f,0f,0f,0f,0.163f,0f,0f,0f,1f],start_interpolation: 0,interpolation_duration: 1}
$data merge entity $(left_arm) {transformation: [-0.5263f,0.4388f,0.7283f,0.2094f,-0.6714f,-0.74f,-0.0393f,-0.6149f,0.5217f,-0.5097f,0.6841f,0.0458f,0f,0f,0f,1f],start_interpolation: 0,interpolation_duration: 1}
data modify entity @s data merge value {"cameras":{},"locators":{"barrel1":{"px":-0.08033990781430822,"py":-0.05985507498244971,"pz":0.47536439867964564,"ry":351.44463369555234,"rx":-33.094425402180505}}}