# This file was generated by Animated Java via MC-Build. It is not recommended to edit this file directly.
$data merge entity $(bone_slide) {transformation: [-0.5263f,-0.8411f,-0.1246f,-0.2601f,-0.6714f,0.5011f,-0.546f,-0.1377f,0.5217f,-0.2037f,-0.8284f,0.3182f,0f,0f,0f,1f],start_interpolation: 0,interpolation_duration: 1}
$data merge entity $(bone_barrel) {transformation: [-0.5263f,-0.8411f,-0.1246f,-0.1344f,-0.6714f,0.5011f,-0.546f,-0.1049f,0.5217f,-0.2037f,-0.8284f,0.2776f,0f,0f,0f,1f],start_interpolation: 0,interpolation_duration: 1}
$data merge entity $(bone_magazine) {transformation: [0f,0f,0f,0.1168f,0f,0f,0f,-0.4844f,0f,0f,0f,0.2522f,0f,0f,0f,1f],start_interpolation: 0,interpolation_duration: 1}
$data merge entity $(bone_grip) {transformation: [-0.5263f,-0.8411f,-0.1246f,-0.1724f,-0.6714f,0.5011f,-0.546f,-0.3122f,0.5217f,-0.2037f,-0.8284f,0.1822f,0f,0f,0f,1f],start_interpolation: 0,interpolation_duration: 1}
$data merge entity $(bone_trigger) {transformation: [-0.5263f,-0.8411f,-0.1246f,-0.1722f,-0.6714f,0.5011f,-0.546f,-0.2933f,0.5217f,-0.2037f,-0.8284f,0.2067f,0f,0f,0f,1f],start_interpolation: 0,interpolation_duration: 1}
$data merge entity $(bone_trigger_gaurd) {transformation: [-0.5263f,-0.8411f,-0.1246f,-0.1925f,-0.6714f,0.5011f,-0.546f,-0.2611f,0.5217f,-0.2037f,-0.8284f,0.2277f,0f,0f,0f,1f],start_interpolation: 0,interpolation_duration: 1}
$data merge entity $(bone_right_arm) {transformation: [-0.5263f,-0.1246f,0.8411f,-0.2187f,-0.6714f,-0.546f,-0.5011f,-0.5219f,0.5217f,-0.8284f,0.2037f,-0.0686f,0f,0f,0f,1f],start_interpolation: 0,interpolation_duration: 1}
$data merge entity $(bone_magazine1) {transformation: [0f,0f,0f,-0.1687f,0f,0f,0f,-0.3566f,0f,0f,0f,0.163f,0f,0f,0f,1f],start_interpolation: 0,interpolation_duration: 1}
$data merge entity $(bone_left_arm) {transformation: [-0.5263f,0.4388f,0.7283f,0.0844f,-0.6714f,-0.74f,-0.0393f,-0.6461f,0.5217f,-0.5097f,0.6841f,0.0458f,0f,0f,0f,1f],start_interpolation: 0,interpolation_duration: 1}
data modify entity @s data merge value {"cameras":{},"locators":{"barrel1":{"px":-0.20533990781430822,"py":-0.09110507498244966,"pz":0.47536439867964553,"ry":351.44463369555234,"rx":-33.094425402180505}}}