# This file was generated by Animated Java via MC-Build. It is not recommended to edit this file directly.
$data merge entity $(bone_slide) {transformation: [-0.6639f,-0.7269f,-0.176f,-0.0864f,-0.6189f,0.6661f,-0.4163f,-0.2453f,0.4198f,-0.1674f,-0.892f,0.5769f,0f,0f,0f,1f],start_interpolation: 0,interpolation_duration: 1}
$data merge entity $(bone_barrel) {transformation: [-0.6639f,-0.7269f,-0.176f,0.045f,-0.6189f,0.6661f,-0.4163f,-0.2315f,0.4198f,-0.1674f,-0.892f,0.5446f,0f,0f,0f,1f],start_interpolation: 0,interpolation_duration: 1}
$data merge entity $(bone_magazine) {transformation: [0f,0f,0f,0.2258f,0f,0f,0f,-0.6452f,0f,0f,0f,0.4812f,0f,0f,0f,1f],start_interpolation: 0,interpolation_duration: 1}
$data merge entity $(bone_grip) {transformation: [-0.6639f,-0.7269f,-0.176f,-0.0241f,-0.6189f,0.6661f,-0.4163f,-0.4162f,0.4198f,-0.1674f,-0.892f,0.4236f,0f,0f,0f,1f],start_interpolation: 0,interpolation_duration: 1}
$data merge entity $(bone_trigger) {transformation: [-0.6639f,-0.7269f,-0.176f,-0.0219f,-0.6189f,0.6661f,-0.4163f,-0.4005f,0.4198f,-0.1674f,-0.892f,0.4502f,0f,0f,0f,1f],start_interpolation: 0,interpolation_duration: 1}
$data merge entity $(bone_trigger_gaurd) {transformation: [-0.6639f,-0.7269f,-0.176f,-0.0371f,-0.6189f,0.6661f,-0.4163f,-0.3678f,0.4198f,-0.1674f,-0.892f,0.4743f,0f,0f,0f,1f],start_interpolation: 0,interpolation_duration: 1}
$data merge entity $(bone_right_arm) {transformation: [-0.6639f,-0.176f,0.7269f,-0.0938f,-0.6189f,-0.4163f,-0.6661f,-0.584f,0.4198f,-0.892f,0.1674f,0.1479f,0f,0f,0f,1f],start_interpolation: 0,interpolation_duration: 1}
$data merge entity $(bone_magazine1) {transformation: [0f,0f,0f,0.0592f,0f,0f,0f,-0.46f,0f,0f,0f,0.429f,0f,0f,0f,1f],start_interpolation: 0,interpolation_duration: 1}
$data merge entity $(bone_left_arm) {transformation: [-0.8002f,0.302f,0.5182f,0.2353f,-0.5686f,-0.6567f,-0.4954f,-0.77f,0.1907f,-0.6911f,0.6972f,0.2435f,0f,0f,0f,1f],start_interpolation: 0,interpolation_duration: 1}
data modify entity @s data merge value {"cameras":{},"locators":{"barrel1":{"px":-0.049088189268847005,"py":-0.2666395317574798,"pz":0.6566153755702117,"ry":348.8379706491181,"rx":-24.602298963890266}}}