# This file was generated by Animated Java via MC-Build. It is not recommended to edit this file directly.
$data merge entity $(bone_slide) {transformation: [-0.7603f,-0.62f,-0.1937f,-0.183f,-0.5511f,0.7735f,-0.313f,-0.1804f,0.3438f,-0.1312f,-0.9298f,0.4189f,0f,0f,0f,1f],start_interpolation: 0,interpolation_duration: 1}
$data merge entity $(bone_barrel) {transformation: [-0.7603f,-0.62f,-0.1937f,-0.0496f,-0.5511f,0.7735f,-0.313f,-0.1827f,0.3438f,-0.1312f,-0.9298f,0.3919f,0f,0f,0f,1f],start_interpolation: 0,interpolation_duration: 1}
$data merge entity $(bone_magazine) {transformation: [0f,0f,0f,0.0748f,0f,0f,0f,-0.6112f,0f,0f,0f,0.2984f,0f,0f,0f,1f],start_interpolation: 0,interpolation_duration: 1}
$data merge entity $(bone_grip) {transformation: [-0.7603f,-0.62f,-0.1937f,-0.1384f,-0.5511f,0.7735f,-0.313f,-0.3453f,0.3438f,-0.1312f,-0.9298f,0.2533f,0f,0f,0f,1f],start_interpolation: 0,interpolation_duration: 1}
$data merge entity $(bone_trigger) {transformation: [-0.7603f,-0.62f,-0.1937f,-0.1351f,-0.5511f,0.7735f,-0.313f,-0.3323f,0.3438f,-0.1312f,-0.9298f,0.2812f,0f,0f,0f,1f],start_interpolation: 0,interpolation_duration: 1}
$data merge entity $(bone_trigger_gaurd) {transformation: [-0.7603f,-0.62f,-0.1937f,-0.1468f,-0.5511f,0.7735f,-0.313f,-0.2998f,0.3438f,-0.1312f,-0.9298f,0.3075f,0f,0f,0f,1f],start_interpolation: 0,interpolation_duration: 1}
$data merge entity $(bone_right_arm) {transformation: [-0.7603f,-0.1937f,0.62f,-0.2187f,-0.5511f,-0.313f,-0.7735f,-0.4785f,0.3438f,-0.9298f,0.1312f,-0.038f,0f,0f,0f,1f],start_interpolation: 0,interpolation_duration: 1}
$data merge entity $(bone_magazine1) {transformation: [0f,0f,0f,0.003f,0f,0f,0f,-0.4221f,0f,0f,0f,0.2757f,0f,0f,0f,1f],start_interpolation: 0,interpolation_duration: 1}
$data merge entity $(bone_left_arm) {transformation: [-0.9407f,0.2971f,0.1635f,0.1363f,-0.3068f,-0.5403f,-0.7835f,-0.7206f,-0.1444f,-0.7873f,0.5995f,0.0419f,0f,0f,0f,1f],start_interpolation: 0,interpolation_duration: 1}
data modify entity @s data merge value {"cameras":{},"locators":{"barrel1":{"px":-0.13423336047446613,"py":-0.1838932980513886,"pz":0.5846779910206833,"ry":348.2349002186728,"rx":-18.23868382139403}}}