# This file was generated by Animated Java via MC-Build. It is not recommended to edit this file directly.
$data merge entity $(slide) {transformation: [-0.8847f,-0.4287f,-0.183f,-0.0309f,-0.3953f,0.8981f,-0.1926f,-0.1801f,0.2469f,-0.0981f,-0.9641f,0.4706f,0f,0f,0f,1f],start_interpolation: 0,interpolation_duration: 1}
$data merge entity $(barrel) {transformation: [-0.8847f,-0.4287f,-0.183f,0.1006f,-0.3953f,0.8981f,-0.1926f,-0.2095f,0.2469f,-0.0981f,-0.9641f,0.4515f,0f,0f,0f,1f],start_interpolation: 0,interpolation_duration: 1}
$data merge entity $(magazine) {transformation: [0f,0f,0f,0.1376f,0f,0f,0f,-0.6466f,0f,0f,0f,0.3275f,0f,0f,0f,1f],start_interpolation: 0,interpolation_duration: 1}
$data merge entity $(grip) {transformation: [-0.8847f,-0.4287f,-0.183f,-0.0097f,-0.3953f,0.8981f,-0.1926f,-0.3379f,0.2469f,-0.0981f,-0.9641f,0.2938f,0f,0f,0f,1f],start_interpolation: 0,interpolation_duration: 1}
$data merge entity $(trigger) {transformation: [-0.8847f,-0.4287f,-0.183f,-0.006f,-0.3953f,0.8981f,-0.1926f,-0.3281f,0.2469f,-0.0981f,-0.9641f,0.3229f,0f,0f,0f,1f],start_interpolation: 0,interpolation_duration: 1}
$data merge entity $(trigger_gaurd) {transformation: [-0.8847f,-0.4287f,-0.183f,-0.0124f,-0.3953f,0.8981f,-0.1926f,-0.2959f,0.2469f,-0.0981f,-0.9641f,0.3513f,0f,0f,0f,1f],start_interpolation: 0,interpolation_duration: 1}
$data merge entity $(right_arm) {transformation: [-0.8847f,-0.183f,0.4287f,-0.0937f,-0.3953f,-0.1926f,-0.8981f,-0.4281f,0.2469f,-0.9641f,0.0981f,-0.0125f,0f,0f,0f,1f],start_interpolation: 0,interpolation_duration: 1}
$data merge entity $(magazine1) {transformation: [0f,0f,0f,0.0801f,0f,0f,0f,-0.3716f,0f,0f,0f,0.3126f,0f,0f,0f,1f],start_interpolation: 0,interpolation_duration: 1}
$data merge entity $(left_arm) {transformation: [-0.9283f,0.3451f,0.1383f,0.229f,-0.2855f,-0.4233f,-0.8598f,-0.6339f,-0.2381f,-0.8377f,0.4915f,0.0468f,0f,0f,0f,1f],start_interpolation: 0,interpolation_duration: 1}
data modify entity @s data merge value {"cameras":{},"locators":{"barrel1":{"px":0.002927341692590693,"py":-0.20653934307834157,"pz":0.6380035363084904,"ry":349.2520581559694,"rx":-11.107455141751041}}}