# This file was generated by Animated Java via MC-Build. It is not recommended to edit this file directly.
$data merge entity $(bone_slide) {transformation: [-0.8847f,-0.4287f,-0.183f,-0.0309f,-0.3953f,0.8981f,-0.1926f,-0.2988f,0.2469f,-0.0981f,-0.9641f,0.6706f,0f,0f,0f,1f],start_interpolation: 0,interpolation_duration: 1}
$data merge entity $(bone_barrel) {transformation: [-0.8847f,-0.4287f,-0.183f,0.1006f,-0.3953f,0.8981f,-0.1926f,-0.3283f,0.2469f,-0.0981f,-0.9641f,0.6515f,0f,0f,0f,1f],start_interpolation: 0,interpolation_duration: 1}
$data merge entity $(bone_magazine) {transformation: [0f,0f,0f,0.1376f,0f,0f,0f,-0.7654f,0f,0f,0f,0.5275f,0f,0f,0f,1f],start_interpolation: 0,interpolation_duration: 1}
$data merge entity $(bone_grip) {transformation: [-0.8847f,-0.4287f,-0.183f,-0.0097f,-0.3953f,0.8981f,-0.1926f,-0.4567f,0.2469f,-0.0981f,-0.9641f,0.4938f,0f,0f,0f,1f],start_interpolation: 0,interpolation_duration: 1}
$data merge entity $(bone_trigger) {transformation: [-0.8847f,-0.4287f,-0.183f,-0.006f,-0.3953f,0.8981f,-0.1926f,-0.4468f,0.2469f,-0.0981f,-0.9641f,0.5229f,0f,0f,0f,1f],start_interpolation: 0,interpolation_duration: 1}
$data merge entity $(bone_trigger_gaurd) {transformation: [-0.8847f,-0.4287f,-0.183f,-0.0124f,-0.3953f,0.8981f,-0.1926f,-0.4146f,0.2469f,-0.0981f,-0.9641f,0.5513f,0f,0f,0f,1f],start_interpolation: 0,interpolation_duration: 1}
$data merge entity $(bone_right_arm) {transformation: [-0.8847f,-0.183f,0.4287f,-0.0938f,-0.3953f,-0.1926f,-0.8981f,-0.5469f,0.2469f,-0.9641f,0.0981f,0.1875f,0f,0f,0f,1f],start_interpolation: 0,interpolation_duration: 1}
$data merge entity $(bone_magazine1) {transformation: [0f,0f,0f,0.0801f,0f,0f,0f,-0.4903f,0f,0f,0f,0.5126f,0f,0f,0f,1f],start_interpolation: 0,interpolation_duration: 1}
$data merge entity $(bone_left_arm) {transformation: [-0.9283f,0.3451f,0.1383f,0.229f,-0.2855f,-0.4233f,-0.8598f,-0.7527f,-0.2381f,-0.8377f,0.4915f,0.2468f,0f,0f,0f,1f],start_interpolation: 0,interpolation_duration: 1}
data modify entity @s data merge value {"cameras":{},"locators":{"barrel1":{"px":0.0029273416925907,"py":-0.3252893430783417,"pz":0.8380035363084903,"ry":349.2520581559694,"rx":-11.107455141751041},"ammo_display":{"px":0.07106086968729365,"py":-0.3593868753773001,"pz":0.5466303981263364,"ry":349.2520581559694,"rx":-11.107455141751041}}}