# This file was generated by Animated Java via MC-Build. It is not recommended to edit this file directly.
$data merge entity $(bone_slide) {transformation: [-0.8847f,-0.4287f,-0.183f,-0.1559f,-0.3953f,0.8981f,-0.1926f,-0.2113f,0.2469f,-0.0981f,-0.9641f,0.4706f,0f,0f,0f,1f],start_interpolation: 0,interpolation_duration: 1}
$data merge entity $(bone_barrel) {transformation: [-0.8847f,-0.4287f,-0.183f,-0.0244f,-0.3953f,0.8981f,-0.1926f,-0.2408f,0.2469f,-0.0981f,-0.9641f,0.4515f,0f,0f,0f,1f],start_interpolation: 0,interpolation_duration: 1}
$data merge entity $(bone_magazine) {transformation: [0f,0f,0f,0.0126f,0f,0f,0f,-0.6779f,0f,0f,0f,0.3275f,0f,0f,0f,1f],start_interpolation: 0,interpolation_duration: 1}
$data merge entity $(bone_grip) {transformation: [-0.8847f,-0.4287f,-0.183f,-0.1347f,-0.3953f,0.8981f,-0.1926f,-0.3692f,0.2469f,-0.0981f,-0.9641f,0.2938f,0f,0f,0f,1f],start_interpolation: 0,interpolation_duration: 1}
$data merge entity $(bone_trigger) {transformation: [-0.8847f,-0.4287f,-0.183f,-0.131f,-0.3953f,0.8981f,-0.1926f,-0.3593f,0.2469f,-0.0981f,-0.9641f,0.3229f,0f,0f,0f,1f],start_interpolation: 0,interpolation_duration: 1}
$data merge entity $(bone_trigger_gaurd) {transformation: [-0.8847f,-0.4287f,-0.183f,-0.1374f,-0.3953f,0.8981f,-0.1926f,-0.3271f,0.2469f,-0.0981f,-0.9641f,0.3513f,0f,0f,0f,1f],start_interpolation: 0,interpolation_duration: 1}
$data merge entity $(bone_right_arm) {transformation: [-0.8847f,-0.183f,0.4287f,-0.2187f,-0.3953f,-0.1926f,-0.8981f,-0.4594f,0.2469f,-0.9641f,0.0981f,-0.0125f,0f,0f,0f,1f],start_interpolation: 0,interpolation_duration: 1}
$data merge entity $(bone_magazine1) {transformation: [0f,0f,0f,-0.0449f,0f,0f,0f,-0.4028f,0f,0f,0f,0.3126f,0f,0f,0f,1f],start_interpolation: 0,interpolation_duration: 1}
$data merge entity $(bone_left_arm) {transformation: [-0.9283f,0.3451f,0.1383f,0.104f,-0.2855f,-0.4233f,-0.8598f,-0.6652f,-0.2381f,-0.8377f,0.4915f,0.0468f,0f,0f,0f,1f],start_interpolation: 0,interpolation_duration: 1}
data modify entity @s data merge value {"cameras":{},"locators":{"barrel1":{"px":-0.12207265830740932,"py":-0.23778934307834157,"pz":0.6380035363084904,"ry":349.2520581559694,"rx":-11.107455141751041}}}