# This file was generated by Animated Java via MC-Build. It is not recommended to edit this file directly.
$data merge entity $(bone_slide) {transformation: [-0.9666f,-0.2203f,-0.1306f,-0.0246f,-0.2094f,0.9735f,-0.0923f,-0.3276f,0.1475f,-0.0619f,-0.9871f,0.717f,0f,0f,0f,1f],start_interpolation: 0,interpolation_duration: 1}
$data merge entity $(bone_barrel) {transformation: [-0.9666f,-0.2203f,-0.1306f,0.0989f,-0.2094f,0.9735f,-0.0923f,-0.3835f,0.1475f,-0.0619f,-0.9871f,0.7058f,0f,0f,0f,1f],start_interpolation: 0,interpolation_duration: 1}
$data merge entity $(bone_magazine) {transformation: [0f,0f,0f,0.0548f,0f,0f,0f,-0.8104f,0f,0f,0f,0.552f,0f,0f,0f,1f],start_interpolation: 0,interpolation_duration: 1}
$data merge entity $(bone_grip) {transformation: [-0.9666f,-0.2203f,-0.1306f,-0.021f,-0.2094f,0.9735f,-0.0923f,-0.4757f,0.1475f,-0.0619f,-0.9871f,0.5308f,0f,0f,0f,1f],start_interpolation: 0,interpolation_duration: 1}
$data merge entity $(bone_trigger) {transformation: [-0.9666f,-0.2203f,-0.1306f,-0.0179f,-0.2094f,0.9735f,-0.0923f,-0.4687f,0.1475f,-0.0619f,-0.9871f,0.5607f,0f,0f,0f,1f],start_interpolation: 0,interpolation_duration: 1}
$data merge entity $(bone_trigger_gaurd) {transformation: [-0.9666f,-0.2203f,-0.1306f,-0.0201f,-0.2094f,0.9735f,-0.0923f,-0.4376f,0.1475f,-0.0619f,-0.9871f,0.591f,0f,0f,0f,1f],start_interpolation: 0,interpolation_duration: 1}
$data merge entity $(bone_right_arm) {transformation: [-0.9666f,-0.1306f,0.2203f,-0.0938f,-0.2094f,-0.0923f,-0.9735f,-0.5278f,0.1475f,-0.9871f,0.0619f,0.213f,0f,0f,0f,1f],start_interpolation: 0,interpolation_duration: 1}
$data merge entity $(bone_magazine1) {transformation: [0f,0f,0f,0.0021f,0f,0f,0f,-0.4584f,0f,0f,0f,0.5525f,0f,0f,0f,1f],start_interpolation: 0,interpolation_duration: 1}
$data merge entity $(bone_left_arm) {transformation: [-0.8977f,0.3904f,0.2043f,0.1761f,-0.3189f,-0.2559f,-0.9126f,-0.6624f,-0.304f,-0.8844f,0.3542f,0.2529f,0f,0f,0f,1f],start_interpolation: 0,interpolation_duration: 1}
data modify entity @s data merge value {"cameras":{},"locators":{"barrel1":{"px":-0.01251580085009004,"py":-0.3704514277014629,"pz":0.8839704047697867,"ry":352.46207115090067,"rx":-5.2951012433434075},"ammo_display":{"px":0.07323657109005283,"py":-0.4013879522454191,"pz":0.5969293151052917,"ry":352.46207115090067,"rx":-5.2951012433434075}}}