# This file was generated by Animated Java via MC-Build. It is not recommended to edit this file directly.
$data merge entity $(bone_slide) {transformation: [-0.9932f,-0.0846f,-0.0799f,-0.0302f,-0.0812f,0.9957f,-0.0445f,-0.3417f,0.0833f,-0.0377f,-0.9958f,0.7435f,0f,0f,0f,1f],start_interpolation: 0,interpolation_duration: 1}
$data merge entity $(bone_barrel) {transformation: [-0.9932f,-0.0846f,-0.0799f,0.0853f,-0.0812f,0.9957f,-0.0445f,-0.4134f,0.0833f,-0.0377f,-0.9958f,0.7374f,0f,0f,0f,1f],start_interpolation: 0,interpolation_duration: 1}
$data merge entity $(bone_magazine) {transformation: [0f,0f,0f,-0.0056f,0f,0f,0f,-0.8256f,0f,0f,0f,0.5654f,0f,0f,0f,1f],start_interpolation: 0,interpolation_duration: 1}
$data merge entity $(bone_grip) {transformation: [-0.9932f,-0.0846f,-0.0799f,-0.0347f,-0.0812f,0.9957f,-0.0445f,-0.4833f,0.0833f,-0.0377f,-0.9958f,0.5524f,0f,0f,0f,1f],start_interpolation: 0,interpolation_duration: 1}
$data merge entity $(bone_trigger) {transformation: [-0.9932f,-0.0846f,-0.0799f,-0.0326f,-0.0812f,0.9957f,-0.0445f,-0.4776f,0.0833f,-0.0377f,-0.9958f,0.5827f,0f,0f,0f,1f],start_interpolation: 0,interpolation_duration: 1}
$data merge entity $(bone_trigger_gaurd) {transformation: [-0.9932f,-0.0846f,-0.0799f,-0.0324f,-0.0812f,0.9957f,-0.0445f,-0.4474f,0.0833f,-0.0377f,-0.9958f,0.614f,0f,0f,0f,1f],start_interpolation: 0,interpolation_duration: 1}
$data merge entity $(bone_right_arm) {transformation: [-0.9932f,-0.0799f,0.0846f,-0.0938f,-0.0812f,-0.0445f,-0.9957f,-0.5156f,0.0833f,-0.9958f,0.0377f,0.2292f,0f,0f,0f,1f],start_interpolation: 0,interpolation_duration: 1}
$data merge entity $(bone_magazine1) {transformation: [0f,0f,0f,-0.0581f,0f,0f,0f,-0.4304f,0f,0f,0f,0.5796f,0f,0f,0f,1f],start_interpolation: 0,interpolation_duration: 1}
$data merge entity $(bone_left_arm) {transformation: [-0.8668f,0.3928f,0.3072f,0.1286f,-0.3786f,-0.1175f,-0.9181f,-0.5817f,-0.3245f,-0.9121f,0.2506f,0.2573f,0f,0f,0f,1f],start_interpolation: 0,interpolation_duration: 1}
data modify entity @s data merge value {"cameras":{},"locators":{"barrel1":{"px":-0.041814954060846246,"py":-0.3948192302190613,"pz":0.8158463850743621,"ry":355.4114916971316,"rx":-2.552591909658882}}}