# This file was generated by Animated Java via MC-Build. It is not recommended to edit this file directly.
$data merge entity $(bone_slide) {transformation: [-0.9962f,0.0876f,-0.0009f,-0.046f,0.0876f,0.9961f,-0.0061f,-0.352f,0.0004f,-0.0061f,-1f,0.7741f,0f,0f,0f,1f],start_interpolation: 0,interpolation_duration: 1}
$data merge entity $(bone_barrel) {transformation: [-0.9962f,0.0876f,-0.0009f,0.0559f,0.0876f,0.9961f,-0.0061f,-0.4422f,0.0004f,-0.0061f,-1f,0.7745f,0f,0f,0f,1f],start_interpolation: 0,interpolation_duration: 1}
$data merge entity $(bone_magazine) {transformation: [0f,0f,0f,-0.088f,0f,0f,0f,-0.8285f,0f,0f,0f,0.58f,0f,0f,0f,1f],start_interpolation: 0,interpolation_duration: 1}
$data merge entity $(bone_grip) {transformation: [-0.9962f,0.0876f,-0.0009f,-0.0579f,0.0876f,0.9961f,-0.0061f,-0.4861f,0.0004f,-0.0061f,-1f,0.5779f,0f,0f,0f,1f],start_interpolation: 0,interpolation_duration: 1}
$data merge entity $(bone_trigger) {transformation: [-0.9962f,0.0876f,-0.0009f,-0.0575f,0.0876f,0.9961f,-0.0061f,-0.4816f,0.0004f,-0.0061f,-1f,0.6085f,0f,0f,0f,1f],start_interpolation: 0,interpolation_duration: 1}
$data merge entity $(bone_trigger_gaurd) {transformation: [-0.9962f,0.0876f,-0.0009f,-0.0549f,0.0876f,0.9961f,-0.0061f,-0.4526f,0.0004f,-0.0061f,-1f,0.6408f,0f,0f,0f,1f],start_interpolation: 0,interpolation_duration: 1}
$data merge entity $(bone_right_arm) {transformation: [-0.9962f,-0.0009f,-0.0876f,-0.0938f,0.0876f,-0.0061f,-0.9961f,-0.5f,0.0004f,-1f,0.0061f,0.25f,0f,0f,0f,1f],start_interpolation: 0,interpolation_duration: 1}
$data merge entity $(bone_magazine1) {transformation: [0f,0f,0f,-0.114f,0f,0f,0f,-0.4142f,0f,0f,0f,0.5998f,0f,0f,0f,1f],start_interpolation: 0,interpolation_duration: 1}
$data merge entity $(bone_left_arm) {transformation: [-0.8344f,0.402f,0.377f,0.0844f,-0.3969f,0.0361f,-0.9171f,-0.5062f,-0.3824f,-0.9149f,0.1294f,0.2625f,0f,0f,0f,1f],start_interpolation: 0,interpolation_duration: 1}
$execute on vehicle unless entity @s[tag=aj.transforms_only] as $(locator_ammo_display) positioned ^0.0428551952 ^-0.4467370322 ^0.662057204 rotated ~359.946406689 ~-0.3472071488 run function animated_java:glock/animations/reload_mid/zzz/frames/34_locator_ammo_display
data modify entity @s data merge value {"cameras":{},"locators":{"barrel1":{"px":-0.07244435867083499,"py":-0.4035406348337855,"pz":0.9369084531575396,"ry":359.946406688955,"rx":-0.34720714881170406},"ammo_display":{"px":0.04285519518485263,"py":-0.44673703215949906,"pz":0.6620572040449361,"ry":359.946406688955,"rx":-0.34720714881170406}}}
execute on vehicle unless entity @s[tag=aj.transforms_only] at @s run function animated_java:glock/animations/reload_mid/zzz/frames/34_root_function