# This file was generated by Animated Java via MC-Build. It is not recommended to edit this file directly.
$data merge entity $(bone_slide) {transformation: [-0.9579f,-0.2536f,-0.1345f,-0.0278f,-0.1033f,0.7417f,-0.6628f,-0.1812f,0.2679f,-0.621f,-0.7367f,0.471f,0f,0f,0f,1f],start_interpolation: 0,interpolation_duration: 1}
$data merge entity $(bone_barrel) {transformation: [-0.9579f,-0.2536f,-0.1345f,0.0975f,-0.1033f,0.7417f,-0.6628f,-0.2299f,0.2679f,-0.621f,-0.7367f,0.4919f,0f,0f,0f,1f],start_interpolation: 0,interpolation_duration: 1}
$data merge entity $(bone_magazine) {transformation: [-0.9579f,-0.2536f,-0.1345f,-0.0205f,-0.1033f,0.7417f,-0.6628f,-0.4107f,0.2679f,-0.621f,-0.7367f,0.4088f,0f,0f,0f,1f],start_interpolation: 0,interpolation_duration: 1}
$data merge entity $(bone_grip) {transformation: [-0.9579f,-0.2536f,-0.1345f,-0.0205f,-0.1033f,0.7417f,-0.6628f,-0.4107f,0.2679f,-0.621f,-0.7367f,0.4088f,0f,0f,0f,1f],start_interpolation: 0,interpolation_duration: 1}
$data merge entity $(bone_trigger) {transformation: [-0.9579f,-0.2536f,-0.1345f,-0.0175f,-0.1033f,0.7417f,-0.6628f,-0.3872f,0.2679f,-0.621f,-0.7367f,0.4286f,0f,0f,0f,1f],start_interpolation: 0,interpolation_duration: 1}
$data merge entity $(bone_trigger_gaurd) {transformation: [-0.9579f,-0.2536f,-0.1345f,-0.0204f,-0.1033f,0.7417f,-0.6628f,-0.3442f,0.2679f,-0.621f,-0.7367f,0.4346f,0f,0f,0f,1f],start_interpolation: 0,interpolation_duration: 1}
$data merge entity $(bone_right_arm) {transformation: [-0.9579f,-0.1345f,0.2536f,-0.0938f,-0.1033f,-0.6628f,-0.7417f,-0.6428f,0.2679f,-0.7367f,0.621f,0.1856f,0f,0f,0f,1f],start_interpolation: 0,interpolation_duration: 1}
$data merge entity $(bone_magazine1) {transformation: [0f,0f,0f,0.1388f,0f,0f,0f,-0.6669f,0f,0f,0f,0.5755f,0f,0f,0f,1f],start_interpolation: 0,interpolation_duration: 1}
$data merge entity $(bone_left_arm) {transformation: [-0.9681f,-0.0305f,0.2487f,0.1558f,-0.2301f,0.5014f,-0.8341f,-0.5702f,-0.0992f,-0.8647f,-0.4924f,0.1857f,0f,0f,0f,1f],start_interpolation: 0,interpolation_duration: 1}
data modify entity @s data merge value {"cameras":{},"locators":{"barrel1":{"px":-0.02568141823321672,"py":-0.17842078055303195,"pz":0.5614294822403569,"ry":349.650942263478,"rx":-41.51017711740042}}}