# This file was generated by Animated Java via MC-Build. It is not recommended to edit this file directly.
$data merge entity $(bone_slide) {transformation: [-0.503f,0.8552f,-0.1246f,0.1159f,0.457f,0.1409f,-0.8782f,-0.2533f,-0.7336f,-0.4987f,-0.4617f,0.4058f,0f,0f,0f,1f],start_interpolation: 0,interpolation_duration: 1}
$data merge entity $(bone_barrel) {transformation: [-0.503f,0.8552f,-0.1246f,0.1017f,0.457f,0.1409f,-0.8782f,-0.3147f,-0.7336f,-0.4987f,-0.4617f,0.5264f,0f,0f,0f,1f],start_interpolation: 0,interpolation_duration: 1}
$data merge entity $(bone_magazine) {transformation: [-0.503f,0.8552f,-0.1246f,-0.3168f,0.457f,0.1409f,-0.8782f,-0.4935f,-0.7336f,-0.4987f,-0.4617f,0.5528f,0f,0f,0f,1f],start_interpolation: 0,interpolation_duration: 1}
$data merge entity $(bone_grip) {transformation: [-0.503f,0.8552f,-0.1246f,-0.0228f,0.457f,0.1409f,-0.8782f,-0.4451f,-0.7336f,-0.4987f,-0.4617f,0.3814f,0f,0f,0f,1f],start_interpolation: 0,interpolation_duration: 1}
$data merge entity $(bone_trigger) {transformation: [-0.503f,0.8552f,-0.1246f,-0.0152f,0.457f,0.1409f,-0.8782f,-0.4175f,-0.7336f,-0.4987f,-0.4617f,0.3934f,0f,0f,0f,1f],start_interpolation: 0,interpolation_duration: 1}
$data merge entity $(bone_trigger_gaurd) {transformation: [-0.503f,0.8552f,-0.1246f,0.0135f,0.457f,0.1409f,-0.8782f,-0.385f,-0.7336f,-0.4987f,-0.4617f,0.394f,0f,0f,0f,1f],start_interpolation: 0,interpolation_duration: 1}
$data merge entity $(bone_right_arm) {transformation: [-0.503f,-0.1246f,-0.8552f,-0.0938f,0.457f,-0.8782f,-0.1409f,-0.7196f,-0.7336f,-0.4617f,0.4987f,0.2122f,0f,0f,0f,1f],start_interpolation: 0,interpolation_duration: 1}
$data merge entity $(bone_magazine1) {transformation: [0f,0f,0f,0.2094f,0f,0f,0f,-0.9123f,0f,0f,0f,0.456f,0f,0f,0f,1f],start_interpolation: 0,interpolation_duration: 1}
$data merge entity $(bone_left_arm) {transformation: [-1f,0f,0f,0.2094f,0f,0.8434f,-0.5373f,-0.6497f,0f,-0.5373f,-0.8434f,0.1517f,0f,0f,0f,1f],start_interpolation: 0,interpolation_duration: 1}
data modify entity @s data merge value {"cameras":{},"locators":{"barrel1":{"px":0.07837156733372513,"py":-0.10827091489324714,"pz":0.4920409376775571,"ry":344.89872177829295,"rx":-61.43092084701738},"ammo_display":{"px":0.07711715650169002,"py":-0.4084581454533679,"pz":0.46776794729504756,"ry":344.89872177829295,"rx":-61.43092084701738}}}