# This file was generated by Animated Java via MC-Build. It is not recommended to edit this file directly.
$data merge entity $(bone_slide) {transformation: [-0.6159f,0.7828f,-0.0889f,-0.0347f,0.446f,0.2534f,-0.8584f,-0.1593f,-0.6495f,-0.5683f,-0.5052f,0.2122f,0f,0f,0f,1f],start_interpolation: 0,interpolation_duration: 1}
$data merge entity $(bone_barrel) {transformation: [-0.6159f,0.7828f,-0.0889f,-0.0307f,0.446f,0.2534f,-0.8584f,-0.2286f,-0.6495f,-0.5683f,-0.5052f,0.3293f,0f,0f,0f,1f],start_interpolation: 0,interpolation_duration: 1}
$data merge entity $(bone_magazine) {transformation: [0f,0f,0f,-0.4258f,0f,0f,0f,-0.4493f,0f,0f,0f,0.3839f,0f,0f,0f,1f],start_interpolation: -1,interpolation_duration: 0}
$data merge entity $(bone_grip) {transformation: [-0.6159f,0.7828f,-0.0889f,-0.1567f,0.446f,0.2534f,-0.8584f,-0.3622f,-0.6495f,-0.5683f,-0.5052f,0.1886f,0f,0f,0f,1f],start_interpolation: 0,interpolation_duration: 1}
$data merge entity $(bone_trigger) {transformation: [-0.6159f,0.7828f,-0.0889f,-0.1506f,0.446f,0.2534f,-0.8584f,-0.3348f,-0.6495f,-0.5683f,-0.5052f,0.2016f,0f,0f,0f,1f],start_interpolation: 0,interpolation_duration: 1}
$data merge entity $(bone_trigger_gaurd) {transformation: [-0.6159f,0.7828f,-0.0889f,-0.1251f,0.446f,0.2534f,-0.8584f,-0.2997f,-0.6495f,-0.5683f,-0.5052f,0.2016f,0f,0f,0f,1f],start_interpolation: 0,interpolation_duration: 1}
$data merge entity $(bone_right_arm) {transformation: [-0.6159f,-0.0889f,-0.7828f,-0.2187f,0.446f,-0.8584f,-0.2534f,-0.6323f,-0.6495f,-0.5052f,0.5683f,0.009f,0f,0f,0f,1f],start_interpolation: 0,interpolation_duration: 1}
$data merge entity $(bone_magazine1) {transformation: [0f,0f,0f,0.1131f,0f,0f,0f,-0.8174f,0f,0f,0f,0.2792f,0f,0f,0f,1f],start_interpolation: 0,interpolation_duration: 1}
$data merge entity $(bone_left_arm) {transformation: [-0.9987f,-0.0349f,-0.0371f,0.0954f,-0.0066f,0.8101f,-0.5862f,-0.5732f,0.0505f,-0.5852f,-0.8093f,-0.0396f,0f,0f,0f,1f],start_interpolation: 0,interpolation_duration: 1}
data modify entity @s data merge value {"cameras":{},"locators":{"barrel1":{"px":-0.07655206040189422,"py":-0.02394265770702808,"pz":0.31120584519274896,"ry":350.0217400114685,"rx":-59.13726468850145}}}