# This file was generated by Animated Java via MC-Build. It is not recommended to edit this file directly.
$data merge entity $(bone_slide) {transformation: [-0.6159f,0.7828f,-0.0889f,0.0903f,0.446f,0.2534f,-0.8584f,-0.2468f,-0.6495f,-0.5683f,-0.5052f,0.4122f,0f,0f,0f,1f],start_interpolation: 0,interpolation_duration: 1}
$data merge entity $(bone_barrel) {transformation: [-0.6159f,0.7828f,-0.0889f,0.0943f,0.446f,0.2534f,-0.8584f,-0.3161f,-0.6495f,-0.5683f,-0.5052f,0.5293f,0f,0f,0f,1f],start_interpolation: 0,interpolation_duration: 1}
$data merge entity $(bone_magazine) {transformation: [0f,0f,0f,-0.3008f,0f,0f,0f,-0.5368f,0f,0f,0f,0.5839f,0f,0f,0f,1f],start_interpolation: -1,interpolation_duration: 0}
$data merge entity $(bone_grip) {transformation: [-0.6159f,0.7828f,-0.0889f,-0.0317f,0.446f,0.2534f,-0.8584f,-0.4497f,-0.6495f,-0.5683f,-0.5052f,0.3886f,0f,0f,0f,1f],start_interpolation: 0,interpolation_duration: 1}
$data merge entity $(bone_trigger) {transformation: [-0.6159f,0.7828f,-0.0889f,-0.0256f,0.446f,0.2534f,-0.8584f,-0.4223f,-0.6495f,-0.5683f,-0.5052f,0.4016f,0f,0f,0f,1f],start_interpolation: 0,interpolation_duration: 1}
$data merge entity $(bone_trigger_gaurd) {transformation: [-0.6159f,0.7828f,-0.0889f,-0.0001f,0.446f,0.2534f,-0.8584f,-0.3872f,-0.6495f,-0.5683f,-0.5052f,0.4016f,0f,0f,0f,1f],start_interpolation: 0,interpolation_duration: 1}
$data merge entity $(bone_right_arm) {transformation: [-0.6159f,-0.0889f,-0.7828f,-0.0938f,0.446f,-0.8584f,-0.2534f,-0.7198f,-0.6495f,-0.5052f,0.5683f,0.209f,0f,0f,0f,1f],start_interpolation: 0,interpolation_duration: 1}
$data merge entity $(bone_magazine1) {transformation: [0f,0f,0f,0.2381f,0f,0f,0f,-0.9049f,0f,0f,0f,0.4792f,0f,0f,0f,1f],start_interpolation: 0,interpolation_duration: 1}
$data merge entity $(bone_left_arm) {transformation: [-0.9987f,-0.0349f,-0.0371f,0.2204f,-0.0066f,0.8101f,-0.5862f,-0.6607f,0.0505f,-0.5852f,-0.8093f,0.1604f,0f,0f,0f,1f],start_interpolation: 0,interpolation_duration: 1}
data modify entity @s data merge value {"cameras":{},"locators":{"barrel1":{"px":0.04844793959810574,"py":-0.11144265770702805,"pz":0.5112058451927489,"ry":350.0217400114685,"rx":-59.13726468850145},"ammo_display":{"px":0.07267394463749642,"py":-0.4083860896467423,"pz":0.4671510621641629,"ry":350.0217400114685,"rx":-59.13726468850145}}}