# This file was generated by Animated Java via MC-Build. It is not recommended to edit this file directly.
$data merge entity $(bone_slide) {transformation: [-0.8977f,0.4352f,-0.0692f,0.0381f,0.3286f,0.5564f,-0.7632f,-0.2256f,-0.2936f,-0.7078f,-0.6425f,0.4377f,0f,0f,0f,1f],start_interpolation: 0,interpolation_duration: 1}
$data merge entity $(bone_barrel) {transformation: [-0.8977f,0.4352f,-0.0692f,0.101f,0.3286f,0.5564f,-0.7632f,-0.3066f,-0.2936f,-0.7078f,-0.6425f,0.5271f,0f,0f,0f,1f],start_interpolation: 0,interpolation_duration: 1}
$data merge entity $(bone_magazine) {transformation: [0f,0f,0f,-0.1833f,0f,0f,0f,-0.6415f,0f,0f,0f,0.649f,0f,0f,0f,1f],start_interpolation: -1,interpolation_duration: 0}
$data merge entity $(bone_grip) {transformation: [-0.8977f,0.4352f,-0.0692f,-0.0337f,0.3286f,0.5564f,-0.7632f,-0.4502f,-0.2936f,-0.7078f,-0.6425f,0.4057f,0f,0f,0f,1f],start_interpolation: 0,interpolation_duration: 1}
$data merge entity $(bone_trigger) {transformation: [-0.8977f,0.4352f,-0.0692f,-0.0296f,0.3286f,0.5564f,-0.7632f,-0.4244f,-0.2936f,-0.7078f,-0.6425f,0.4222f,0f,0f,0f,1f],start_interpolation: 0,interpolation_duration: 1}
$data merge entity $(bone_trigger_gaurd) {transformation: [-0.8977f,0.4352f,-0.0692f,-0.0148f,0.3286f,0.5564f,-0.7632f,-0.3836f,-0.2936f,-0.7078f,-0.6425f,0.4227f,0f,0f,0f,1f],start_interpolation: 0,interpolation_duration: 1}
$data merge entity $(bone_right_arm) {transformation: [-0.8977f,-0.0692f,-0.4352f,-0.0938f,0.3286f,-0.7632f,-0.5564f,-0.6976f,-0.2936f,-0.6425f,0.7078f,0.1954f,0f,0f,0f,1f],start_interpolation: 0,interpolation_duration: 1}
$data merge entity $(bone_magazine1) {transformation: [0f,0f,0f,0.2987f,0f,0f,0f,-0.8119f,0f,0f,0f,0.5522f,0f,0f,0f,1f],start_interpolation: 0,interpolation_duration: 1}
$data merge entity $(bone_left_arm) {transformation: [-0.9846f,-0.1741f,-0.0124f,0.2302f,-0.0987f,0.6138f,-0.7833f,-0.666f,0.144f,-0.77f,-0.6215f,0.1839f,0f,0f,0f,1f],start_interpolation: 0,interpolation_duration: 1}
data modify entity @s data merge value {"cameras":{},"locators":{"barrel1":{"px":-0.0006140029976013615,"py":-0.19638245927716452,"pz":0.5141802950142783,"ry":353.8483790100426,"rx":-49.74586871342837}}}