# This file was generated by Animated Java via MC-Build. It is not recommended to edit this file directly.
$data merge entity $(slide) {transformation: [-0.8512f,0.5215f,-0.0595f,0.0441f,0.3506f,0.4805f,-0.8039f,-0.1168f,-0.3907f,-0.7051f,-0.5918f,0.2224f,0f,0f,0f,1f],start_interpolation: 0,interpolation_duration: 1}
$data merge entity $(barrel) {transformation: [-0.8512f,0.5215f,-0.0595f,0.095f,0.3506f,0.4805f,-0.8039f,-0.194f,-0.3907f,-0.7051f,-0.5918f,0.3222f,0f,0f,0f,1f],start_interpolation: 0,interpolation_duration: 1}
$data merge entity $(magazine) {transformation: [0f,0f,0f,-0.2165f,0f,0f,0f,-0.5045f,0f,0f,0f,0.4423f,0f,0f,0f,1f],start_interpolation: -1,interpolation_duration: 0}
$data merge entity $(grip) {transformation: [-0.8512f,0.5215f,-0.0595f,-0.0372f,0.3506f,0.4805f,-0.8039f,-0.3393f,-0.3907f,-0.7051f,-0.5918f,0.1999f,0f,0f,0f,1f],start_interpolation: 0,interpolation_duration: 1}
$data merge entity $(trigger) {transformation: [-0.8512f,0.5215f,-0.0595f,-0.0331f,0.3506f,0.4805f,-0.8039f,-0.3126f,-0.3907f,-0.7051f,-0.5918f,0.215f,0f,0f,0f,1f],start_interpolation: 0,interpolation_duration: 1}
$data merge entity $(trigger_gaurd) {transformation: [-0.8512f,0.5215f,-0.0595f,-0.0161f,0.3506f,0.4805f,-0.8039f,-0.2726f,-0.3907f,-0.7051f,-0.5918f,0.2138f,0f,0f,0f,1f],start_interpolation: 0,interpolation_duration: 1}
$data merge entity $(right_arm) {transformation: [-0.8512f,-0.0595f,-0.5215f,-0.0937f,0.3506f,-0.8039f,-0.4805f,-0.5981f,-0.3907f,-0.5918f,0.7051f,0.0029f,0f,0f,0f,1f],start_interpolation: 0,interpolation_duration: 1}
$data merge entity $(magazine1) {transformation: [0f,0f,0f,0.2785f,0f,0f,0f,-0.7598f,0f,0f,0f,0.3148f,0f,0f,0f,1f],start_interpolation: 0,interpolation_duration: 1}
$data merge entity $(left_arm) {transformation: [-0.9929f,-0.1008f,-0.0633f,0.2324f,-0.032f,0.7386f,-0.6734f,-0.5533f,0.1146f,-0.6666f,-0.7365f,-0.0269f,0f,0f,0f,1f],start_interpolation: 0,interpolation_duration: 1}
data modify entity @s data merge value {"cameras":{},"locators":{"barrel1":{"px":0.0066582936667837975,"py":-0.004793844134719172,"pz":0.3485716042334225,"ry":354.26303375272283,"rx":-53.50181891377517}}}