# This file was generated by Animated Java via MC-Build. It is not recommended to edit this file directly.
$data merge entity $(bone_magazine) {transformation: [-0.9924f,-0.052f,-0.1116f,-0.1945f,-0.0318f,0.984f,-0.1754f,-0.4316f,0.1189f,-0.1705f,-0.9781f,0.0494f,0f,0f,0f,1f],start_interpolation: 0,interpolation_duration: 0}
$data merge entity $(bone_chamber) {transformation: [-0.9924f,-0.052f,-0.1116f,-0.1843f,-0.0318f,0.984f,-0.1754f,-0.3739f,0.1189f,-0.1705f,-0.9781f,0.1497f,0f,0f,0f,1f],start_interpolation: 0,interpolation_duration: 0}
$data merge entity $(bone_akm1) {transformation: [-0.9924f,-0.052f,-0.1116f,-0.1756f,-0.0318f,0.984f,-0.1754f,-0.3602f,0.1189f,-0.1705f,-0.9781f,0.2261f,0f,0f,0f,1f],start_interpolation: 0,interpolation_duration: 0}
$data merge entity $(bone_magazine2) {transformation: [0f,0f,0f,-0.202f,0f,0f,0f,-0.4284f,0f,0f,0f,-0.0127f,0f,0f,0f,1f],start_interpolation: 0,interpolation_duration: 0}
$data merge entity $(bone_right_arm) {transformation: [-0.9924f,-0.1116f,0.052f,-0.25f,-0.0318f,-0.1754f,-0.984f,-0.5469f,0.1189f,-0.9781f,0.1705f,-0.3396f,0f,0f,0f,1f],start_interpolation: 0,interpolation_duration: 0}
$data merge entity $(bone_forearm) {transformation: [0.0211f,0.5659f,-0.8242f,0.0002f,0.6573f,-0.629f,-0.415f,-0.5693f,-0.7533f,-0.533f,-0.3852f,0.1828f,0f,0f,0f,1f],start_interpolation: 0,interpolation_duration: 0}
$data merge entity $(bone_magazine1) {transformation: [0f,0f,0f,-0.2619f,0f,0f,0f,-0.312f,0f,0f,0f,0.6826f,0f,0f,0f,1f],start_interpolation: 0,interpolation_duration: 0}
$data merge entity $(bone_chamber1) {transformation: [0f,0f,0f,-0.2619f,0f,0f,0f,-0.312f,0f,0f,0f,0.6826f,0f,0f,0f,1f],start_interpolation: 0,interpolation_duration: 0}
$data merge entity $(bone_akm3) {transformation: [0f,0f,0f,-0.2619f,0f,0f,0f,-0.312f,0f,0f,0f,0.6826f,0f,0f,0f,1f],start_interpolation: 0,interpolation_duration: 0}
$data merge entity $(bone_muzzleflash) {transformation: [-0.2672f,0.9564f,-0.1174f,-0.1406f,0.9636f,0.2652f,-0.0326f,-0.3578f,0f,-0.1219f,-0.9925f,0.7125f,0f,0f,0f,1f],start_interpolation: 0,interpolation_duration: 0}
$execute on vehicle unless entity @s[tag=aj.transforms_only] as $(locator_akm) positioned ^-0.1241248424 ^-0.2387014821 ^0.688321068 rotated ~353.4926024144 ~-10.1036196922 run function animated_java:akm/animations/shoot/zzz/frames/0_locator_akm
data modify entity @s data merge value {"cameras":{},"locators":{"akm":{"px":-0.12412484241666587,"py":-0.2387014821128356,"pz":0.6883210679931437,"ry":353.49260241438617,"rx":-10.103619692192833},"akm2":{"px":-0.2618571831471686,"py":-0.3120345879811352,"pz":0.6825697530577323,"ry":28.701017391757944,"rx":-7.9459500463581945}}}
execute on vehicle unless entity @s[tag=aj.transforms_only] at @s run function animated_java:akm/animations/shoot/zzz/frames/0_root_function