# This file was generated by Animated Java via MC-Build. It is not recommended to edit this file directly.
$data merge entity $(bone_magazine) {transformation: [-0.9924f,-0.052f,-0.1115f,-0.1633f,-0.0471f,0.9978f,-0.0463f,-0.4172f,0.1137f,-0.0407f,-0.9927f,0.4811f,0f,0f,0f,1f],start_interpolation: 0,interpolation_duration: 2}
$data merge entity $(bone_chamber) {transformation: [-0.9924f,-0.052f,-0.1115f,-0.1487f,-0.0471f,0.9978f,-0.0463f,-0.3713f,0.1137f,-0.0407f,-0.9927f,0.6269f,0f,0f,0f,1f],start_interpolation: 0,interpolation_duration: 2}
$data merge entity $(bone_akm1) {transformation: [-0.9924f,-0.052f,-0.1115f,-0.1444f,-0.0471f,0.9978f,-0.0463f,-0.3695f,0.1137f,-0.0407f,-0.9927f,0.6657f,0f,0f,0f,1f],start_interpolation: 0,interpolation_duration: 2}
$data merge entity $(bone_right_arm) {transformation: [-0.9924f,-0.1115f,0.052f,-0.2187f,-0.0471f,-0.0463f,-0.9978f,-0.4807f,0.1137f,-0.9927f,0.0407f,0.0805f,0f,0f,0f,1f],start_interpolation: 0,interpolation_duration: 2}
$data merge entity $(bone_magazine2) {transformation: [0f,0f,0f,-0.1427f,0f,0f,0f,-0.3671f,0f,0f,0f,0.8892f,0f,0f,0f,1f],start_interpolation: 0,interpolation_duration: 2}
$data merge entity $(bone_forearm) {transformation: [-0.3073f,0.4756f,-0.8242f,-0.0314f,0.9322f,-0.0237f,-0.3612f,-0.4247f,-0.1913f,-0.8793f,-0.4361f,0.5931f,0f,0f,0f,1f],start_interpolation: 0,interpolation_duration: 2}
$data merge entity $(bone_bicep) {transformation: [-0.3073f,0.4756f,-0.8242f,0.1637f,0.9322f,-0.0237f,-0.3612f,-0.4402f,-0.1913f,-0.8793f,-0.4361f,0.237f,0f,0f,0f,1f],start_interpolation: 0,interpolation_duration: 2}
data modify entity @s data merge value {"cameras":{},"locators":{"akm":{"px":-0.0929157073092585,"py":-0.30932337388604136,"pz":1.1398216964189325,"ry":353.58917955826223,"rx":-2.6518676160809123}}}