# This file was generated by Animated Java via MC-Build. It is not recommended to edit this file directly.
$data merge entity $(bone_magazine) {transformation: [-0.9934f,-0.0408f,-0.1074f,-0.1957f,-0.0371f,0.9987f,-0.0359f,-0.4813f,0.1087f,-0.0317f,-0.9936f,0.2929f,0f,0f,0f,1f],start_interpolation: 0,interpolation_duration: 0}
$data merge entity $(bone_chamber) {transformation: [-0.9934f,-0.0408f,-0.1074f,-0.1772f,-0.0371f,0.9987f,-0.0359f,-0.4355f,0.1087f,-0.0317f,-0.9936f,0.478f,0f,0f,0f,1f],start_interpolation: 0,interpolation_duration: 0}
$data merge entity $(bone_akm1) {transformation: [-0.9934f,-0.0408f,-0.1074f,-0.1772f,-0.0371f,0.9987f,-0.0359f,-0.4355f,0.1087f,-0.0317f,-0.9936f,0.478f,0f,0f,0f,1f],start_interpolation: 0,interpolation_duration: 0}
$data merge entity $(bone_magazine2) {transformation: [0f,0f,0f,-0.2028f,0f,0f,0f,-0.4694f,0f,0f,0f,0.232f,0f,0f,0f,1f],start_interpolation: 0,interpolation_duration: 0}
$data merge entity $(bone_right_arm) {transformation: [-0.9934f,-0.1074f,0.0408f,-0.25f,-0.0371f,-0.0359f,-0.9987f,-0.5405f,0.1087f,-0.9936f,0.0317f,-0.1085f,0f,0f,0f,1f],start_interpolation: 0,interpolation_duration: 0}
$data merge entity $(bone_forearm) {transformation: [0.0325f,0.5626f,-0.8261f,-0.0032f,0.7558f,-0.5547f,-0.348f,-0.6384f,-0.654f,-0.6131f,-0.4432f,0.4068f,0f,0f,0f,1f],start_interpolation: 0,interpolation_duration: 0}
$data merge entity $(bone_magazine1) {transformation: [0f,0f,0f,-0.2656f,0f,0f,0f,-0.4506f,0f,0f,0f,0.9363f,0f,0f,0f,1f],start_interpolation: 0,interpolation_duration: 0}
$data merge entity $(bone_chamber1) {transformation: [0f,0f,0f,-0.2656f,0f,0f,0f,-0.4506f,0f,0f,0f,0.9363f,0f,0f,0f,1f],start_interpolation: 0,interpolation_duration: 0}
$data merge entity $(bone_akm3) {transformation: [0f,0f,0f,-0.2656f,0f,0f,0f,-0.4506f,0f,0f,0f,0.9363f,0f,0f,0f,1f],start_interpolation: 0,interpolation_duration: 0}
data modify entity @s data merge value {"cameras":{},"locators":{"akm":{"px":-0.12725562523678202,"py":-0.38025961933501384,"pz":0.9529096940774713,"ry":353.83245118651143,"rx":-2.0590139770808835},"akm2":{"px":-0.2656307529534381,"py":-0.4505570704913864,"pz":0.9363316142115915,"ry":28.656994266288876,"rx":-1.1961226373346834}}}