# This file was generated by Animated Java via MC-Build. It is not recommended to edit this file directly.
$data merge entity $(bone_magazine) {transformation: [-0.9924f,-0.052f,-0.1116f,-0.1633f,-0.052f,0.9986f,-0.0029f,-0.3084f,0.1116f,0.0029f,-0.9938f,0.2487f,0f,0f,0f,1f],start_interpolation: 0,interpolation_duration: 1}
$data merge entity $(bone_chamber) {transformation: [-0.9924f,-0.052f,-0.1116f,-0.1444f,-0.052f,0.9986f,-0.0029f,-0.2689f,0.1116f,0.0029f,-0.9938f,0.4351f,0f,0f,0f,1f],start_interpolation: 0,interpolation_duration: 1}
$data merge entity $(bone_akm1) {transformation: [-0.9924f,-0.052f,-0.1116f,-0.1444f,-0.052f,0.9986f,-0.0029f,-0.2689f,0.1116f,0.0029f,-0.9938f,0.4351f,0f,0f,0f,1f],start_interpolation: 0,interpolation_duration: 1}
$data merge entity $(bone_right_arm) {transformation: [-0.9924f,-0.1116f,0.052f,-0.2187f,-0.052f,-0.0029f,-0.9986f,-0.3544f,0.1116f,-0.9938f,-0.0029f,-0.1544f,0f,0f,0f,1f],start_interpolation: 0,interpolation_duration: 1}
$data merge entity $(bone_left_arm) {transformation: [-0.3073f,0.4756f,-0.8242f,-0.0156f,0.9397f,0.0147f,-0.3418f,-0.3233f,-0.1504f,-0.8795f,-0.4514f,0.3331f,0f,0f,0f,1f],start_interpolation: 0,interpolation_duration: 1}
data modify entity @s data merge value {"cameras":{},"locators":{"akm":{"px":-0.09287484241666594,"py":-0.2294367060801702,"pz":0.9114168641478735,"ry":353.5939172543493,"rx":-0.16672688419649567}}}
execute on vehicle unless entity @s[tag=aj.transforms_only] at @s run function animated_java:akm/animations/shoot/zzz/frames/2_root_function