# This file was generated by Animated Java via MC-Build. It is not recommended to edit this file directly.
$data merge entity $(bone_magazine) {transformation: [-0.9924f,-0.052f,-0.1115f,-0.1633f,-0.052f,0.9986f,-0.0029f,-0.4647f,0.1115f,0.0029f,-0.9938f,0.2799f,0f,0f,0f,1f],start_interpolation: 0,interpolation_duration: 2}
$data merge entity $(bone_chamber) {transformation: [-0.9924f,-0.052f,-0.1115f,-0.1444f,-0.052f,0.9986f,-0.0029f,-0.4251f,0.1115f,0.0029f,-0.9938f,0.4664f,0f,0f,0f,1f],start_interpolation: 0,interpolation_duration: 2}
$data merge entity $(bone_akm1) {transformation: [-0.9924f,-0.052f,-0.1115f,-0.1444f,-0.052f,0.9986f,-0.0029f,-0.4251f,0.1115f,0.0029f,-0.9938f,0.4664f,0f,0f,0f,1f],start_interpolation: 0,interpolation_duration: 2}
$data merge entity $(bone_right_arm) {transformation: [-0.9924f,-0.1115f,0.052f,-0.2187f,-0.052f,-0.0029f,-0.9986f,-0.5107f,0.1115f,-0.9938f,-0.0029f,-0.1231f,0f,0f,0f,1f],start_interpolation: 0,interpolation_duration: 2}
$data merge entity $(bone_magazine2) {transformation: [0f,0f,0f,-0.1427f,0f,0f,0f,-0.4324f,0f,0f,0f,0.6898f,0f,0f,0f,1f],start_interpolation: 0,interpolation_duration: 2}
$data merge entity $(bone_forearm) {transformation: [-0.3073f,0.4756f,-0.8242f,-0.0314f,0.9397f,0.0147f,-0.3418f,-0.4771f,-0.1505f,-0.8795f,-0.4515f,0.3914f,0f,0f,0f,1f],start_interpolation: 0,interpolation_duration: 2}
$data merge entity $(bone_bicep) {transformation: [-0.3073f,0.4756f,-0.8242f,0.1637f,0.9397f,0.0147f,-0.3418f,-0.477f,-0.1505f,-0.8795f,-0.4515f,0.035f,0f,0f,0f,1f],start_interpolation: 0,interpolation_duration: 2}
data modify entity @s data merge value {"cameras":{},"locators":{"akm":{"px":-0.09295657252716275,"py":-0.38565842711093845,"pz":0.9426731966977648,"ry":353.59817518196917,"rx":-0.16823079800686216}}}
execute on vehicle unless entity @s[tag=aj.transforms_only] at @s run function animated_java:akm/animations/shoot/zzz/frames/2_root_function