# This file was generated by Animated Java via MC-Build. It is not recommended to edit this file directly.
$data merge entity $(bone_magazine) {transformation: [-0.9925f,-0.0513f,-0.1111f,-0.1946f,-0.0474f,0.9982f,-0.037f,-0.4537f,0.1128f,-0.0315f,-0.9931f,0.1733f,0f,0f,0f,1f],start_interpolation: 0,interpolation_duration: 2}
$data merge entity $(bone_chamber) {transformation: [-0.9925f,-0.0513f,-0.1111f,-0.1758f,-0.0474f,0.9982f,-0.037f,-0.4077f,0.1128f,-0.0315f,-0.9931f,0.3583f,0f,0f,0f,1f],start_interpolation: 0,interpolation_duration: 2}
$data merge entity $(bone_akm1) {transformation: [-0.9925f,-0.0513f,-0.1111f,-0.1758f,-0.0474f,0.9982f,-0.037f,-0.4077f,0.1128f,-0.0315f,-0.9931f,0.3583f,0f,0f,0f,1f],start_interpolation: 0,interpolation_duration: 2}
$data merge entity $(bone_magazine2) {transformation: [0f,0f,0f,-0.2021f,0f,0f,0f,-0.4419f,0f,0f,0f,0.1124f,0f,0f,0f,1f],start_interpolation: 0,interpolation_duration: 2}
$data merge entity $(bone_right_arm) {transformation: [-0.9925f,-0.1111f,0.0513f,-0.25f,-0.0474f,-0.037f,-0.9982f,-0.5135f,0.1128f,-0.9931f,0.0315f,-0.2279f,0f,0f,0f,1f],start_interpolation: 0,interpolation_duration: 2}
$data merge entity $(bone_forearm) {transformation: [0.0219f,0.5657f,-0.8243f,-0.0001f,0.7561f,-0.5488f,-0.3565f,-0.6088f,-0.6541f,-0.6154f,-0.4398f,0.2863f,0f,0f,0f,1f],start_interpolation: 0,interpolation_duration: 2}
$data merge entity $(bone_magazine1) {transformation: [0f,0f,0f,-0.2622f,0f,0f,0f,-0.4237f,0f,0f,0f,0.817f,0f,0f,0f,1f],start_interpolation: 0,interpolation_duration: 2}
$data merge entity $(bone_chamber1) {transformation: [0f,0f,0f,-0.2622f,0f,0f,0f,-0.4237f,0f,0f,0f,0.817f,0f,0f,0f,1f],start_interpolation: 0,interpolation_duration: 2}
$data merge entity $(bone_akm3) {transformation: [0f,0f,0f,-0.2622f,0f,0f,0f,-0.4237f,0f,0f,0f,0.817f,0f,0f,0f,1f],start_interpolation: 0,interpolation_duration: 2}
data modify entity @s data merge value {"cameras":{},"locators":{"akm":{"px":-0.12450712724584159,"py":-0.3519671007902564,"pz":0.833005284022607,"ry":353.61486971982794,"rx":-2.121817194353843},"akm2":{"px":-0.2622157580554836,"py":-0.42369177469197905,"pz":0.817000769161225,"ry":28.427460677639147,"rx":-0.9112128364135621}}}