# This file was generated by Animated Java via MC-Build. It is not recommended to edit this file directly.
$data merge entity $(bone_magazine) {transformation: [-0.9934f,-0.0402f,-0.1071f,-0.1957f,-0.0365f,0.9987f,-0.0359f,-0.4565f,0.1084f,-0.0317f,-0.9936f,0.2682f,0f,0f,0f,1f],start_interpolation: 0,interpolation_duration: 2}
$data merge entity $(bone_chamber) {transformation: [-0.9934f,-0.0402f,-0.1071f,-0.1772f,-0.0365f,0.9987f,-0.0359f,-0.4108f,0.1084f,-0.0317f,-0.9936f,0.4532f,0f,0f,0f,1f],start_interpolation: 0,interpolation_duration: 2}
$data merge entity $(bone_akm1) {transformation: [-0.9934f,-0.0402f,-0.1071f,-0.1772f,-0.0365f,0.9987f,-0.0359f,-0.4108f,0.1084f,-0.0317f,-0.9936f,0.4532f,0f,0f,0f,1f],start_interpolation: 0,interpolation_duration: 2}
$data merge entity $(bone_magazine2) {transformation: [0f,0f,0f,-0.2028f,0f,0f,0f,-0.4447f,0f,0f,0f,0.2072f,0f,0f,0f,1f],start_interpolation: 0,interpolation_duration: 2}
$data merge entity $(bone_right_arm) {transformation: [-0.9934f,-0.1071f,0.0402f,-0.25f,-0.0365f,-0.0359f,-0.9987f,-0.5158f,0.1084f,-0.9936f,0.0317f,-0.1333f,0f,0f,0f,1f],start_interpolation: 0,interpolation_duration: 2}
$data merge entity $(bone_forearm) {transformation: [0.0331f,0.5624f,-0.8262f,-0.0034f,0.7558f,-0.555f,-0.3475f,-0.6138f,-0.654f,-0.6129f,-0.4434f,0.382f,0f,0f,0f,1f],start_interpolation: 0,interpolation_duration: 2}
$data merge entity $(bone_magazine1) {transformation: [0f,0f,0f,-0.2658f,0f,0f,0f,-0.4258f,0f,0f,0f,0.9115f,0f,0f,0f,1f],start_interpolation: 0,interpolation_duration: 2}
$data merge entity $(bone_chamber1) {transformation: [0f,0f,0f,-0.2658f,0f,0f,0f,-0.4258f,0f,0f,0f,0.9115f,0f,0f,0f,1f],start_interpolation: 0,interpolation_duration: 2}
$data merge entity $(bone_akm3) {transformation: [0f,0f,0f,-0.2658f,0f,0f,0f,-0.4258f,0f,0f,0f,0.9115f,0f,0f,0f,1f],start_interpolation: 0,interpolation_duration: 2}
data modify entity @s data merge value {"cameras":{},"locators":{"akm":{"px":-0.12741592254727727,"py":-0.35555611002331483,"pz":0.9281283557857449,"ry":353.84519062106403,"rx":-2.055487485405063},"akm2":{"px":-0.26582948661247574,"py":-0.42576992780042316,"pz":0.9115167508766708,"ry":28.670334572307922,"rx":-1.2129115372371564}}}