# This file was generated by Animated Java via MC-Build. It is not recommended to edit this file directly.
$data merge entity $(bone_magazine) {transformation: [-0.9932f,-0.0435f,-0.1083f,-0.1954f,-0.0398f,0.9986f,-0.0362f,-0.4616f,0.1098f,-0.0316f,-0.9935f,0.1763f,0f,0f,0f,1f],start_interpolation: 0,interpolation_duration: 2}
$data merge entity $(bone_chamber) {transformation: [-0.9932f,-0.0435f,-0.1083f,-0.1768f,-0.0398f,0.9986f,-0.0362f,-0.4158f,0.1098f,-0.0316f,-0.9935f,0.3614f,0f,0f,0f,1f],start_interpolation: 0,interpolation_duration: 2}
$data merge entity $(bone_akm1) {transformation: [-0.9932f,-0.0435f,-0.1083f,-0.1768f,-0.0398f,0.9986f,-0.0362f,-0.4158f,0.1098f,-0.0316f,-0.9935f,0.3614f,0f,0f,0f,1f],start_interpolation: 0,interpolation_duration: 2}
$data merge entity $(bone_magazine2) {transformation: [0f,0f,0f,-0.2026f,0f,0f,0f,-0.4498f,0f,0f,0f,0.1154f,0f,0f,0f,1f],start_interpolation: 0,interpolation_duration: 2}
$data merge entity $(bone_right_arm) {transformation: [-0.9932f,-0.1083f,0.0435f,-0.25f,-0.0398f,-0.0362f,-0.9986f,-0.521f,0.1098f,-0.9935f,0.0316f,-0.2251f,0f,0f,0f,1f],start_interpolation: 0,interpolation_duration: 2}
$data merge entity $(bone_forearm) {transformation: [0.0298f,0.5634f,-0.8257f,-0.0024f,0.7559f,-0.5532f,-0.3502f,-0.6182f,-0.654f,-0.6137f,-0.4423f,0.2899f,0f,0f,0f,1f],start_interpolation: 0,interpolation_duration: 2}
$data merge entity $(bone_magazine1) {transformation: [0f,0f,0f,-0.2648f,0f,0f,0f,-0.4311f,0f,0f,0f,0.8198f,0f,0f,0f,1f],start_interpolation: 0,interpolation_duration: 2}
$data merge entity $(bone_chamber1) {transformation: [0f,0f,0f,-0.2648f,0f,0f,0f,-0.4311f,0f,0f,0f,0.8198f,0f,0f,0f,1f],start_interpolation: 0,interpolation_duration: 2}
$data merge entity $(bone_akm3) {transformation: [0f,0f,0f,-0.2648f,0f,0f,0f,-0.4311f,0f,0f,0f,0.8198f,0f,0f,0f,1f],start_interpolation: 0,interpolation_duration: 2}
data modify entity @s data merge value {"cameras":{},"locators":{"akm":{"px":-0.1265499415649371,"py":-0.3604423785110227,"pz":0.836225118055519,"ry":353.77643349320203,"rx":-2.0747178612551296},"akm2":{"px":-0.2647552898668707,"py":-0.43110748823396156,"pz":0.8197945273689629,"ry":28.59820517738609,"rx":-1.1224399236505844}}}