# This file was generated by Animated Java via MC-Build. It is not recommended to edit this file directly.
$data merge entity $(bone_magazine) {transformation: [-0.993f,-0.0462f,-0.1091f,-0.1952f,-0.0455f,0.9989f,-0.009f,-0.4304f,0.1094f,-0.004f,-0.994f,0.156f,0f,0f,0f,1f],start_interpolation: 0,interpolation_duration: 2}
$data merge entity $(bone_chamber) {transformation: [-0.993f,-0.0462f,-0.1091f,-0.1766f,-0.0455f,0.9989f,-0.009f,-0.3897f,0.1094f,-0.004f,-0.994f,0.3422f,0f,0f,0f,1f],start_interpolation: 0,interpolation_duration: 2}
$data merge entity $(bone_akm1) {transformation: [-0.993f,-0.0462f,-0.1091f,-0.1766f,-0.0455f,0.9989f,-0.009f,-0.3897f,0.1094f,-0.004f,-0.994f,0.3422f,0f,0f,0f,1f],start_interpolation: 0,interpolation_duration: 2}
$data merge entity $(bone_magazine2) {transformation: [0f,0f,0f,-0.2025f,0f,0f,0f,-0.4169f,0f,0f,0f,0.0954f,0f,0f,0f,1f],start_interpolation: 0,interpolation_duration: 2}
$data merge entity $(bone_right_arm) {transformation: [-0.993f,-0.1091f,0.0462f,-0.25f,-0.0455f,-0.009f,-0.9989f,-0.4788f,0.1094f,-0.994f,0.004f,-0.2468f,0f,0f,0f,1f],start_interpolation: 0,interpolation_duration: 2}
$data merge entity $(bone_forearm) {transformation: [0.0271f,0.5643f,-0.8251f,-0.0017f,0.7738f,-0.5344f,-0.3401f,-0.5896f,-0.6329f,-0.6292f,-0.4512f,0.2651f,0f,0f,0f,1f],start_interpolation: 0,interpolation_duration: 2}
$data merge entity $(bone_magazine1) {transformation: [0f,0f,0f,-0.2641f,0f,0f,0f,-0.4179f,0f,0f,0f,0.8001f,0f,0f,0f,1f],start_interpolation: 0,interpolation_duration: 2}
$data merge entity $(bone_chamber1) {transformation: [0f,0f,0f,-0.2641f,0f,0f,0f,-0.4179f,0f,0f,0f,0.8001f,0f,0f,0f,1f],start_interpolation: 0,interpolation_duration: 2}
$data merge entity $(bone_akm3) {transformation: [0f,0f,0f,-0.2641f,0f,0f,0f,-0.4179f,0f,0f,0f,0.8001f,0f,0f,0f,1f],start_interpolation: 0,interpolation_duration: 2}
data modify entity @s data merge value {"cameras":{},"locators":{"akm":{"px":-0.1260469112076345,"py":-0.34732169140928776,"pz":0.8183804635487015,"ry":353.7353558455774,"rx":-0.515993291298691},"akm2":{"px":-0.26407444174095346,"py":-0.4178833234452839,"pz":0.8001130816614878,"ry":28.545501373687955,"rx":0.3443445069550452}}}