# This file was generated by Animated Java via MC-Build. It is not recommended to edit this file directly.
$data merge entity $(bone_magazine) {transformation: [-0.9929f,-0.0462f,-0.1092f,-0.1952f,-0.043f,0.9986f,-0.0315f,-0.484f,0.1105f,-0.0266f,-0.9935f,0.1961f,0f,0f,0f,1f],start_interpolation: 0,interpolation_duration: 0}
$data merge entity $(bone_chamber) {transformation: [-0.9929f,-0.0462f,-0.1092f,-0.1765f,-0.043f,0.9986f,-0.0315f,-0.4391f,0.1105f,-0.0266f,-0.9935f,0.3813f,0f,0f,0f,1f],start_interpolation: 0,interpolation_duration: 0}
$data merge entity $(bone_akm1) {transformation: [-0.9929f,-0.0462f,-0.1092f,-0.1765f,-0.043f,0.9986f,-0.0315f,-0.4391f,0.1105f,-0.0266f,-0.9935f,0.3813f,0f,0f,0f,1f],start_interpolation: 0,interpolation_duration: 0}
$data merge entity $(bone_magazine2) {transformation: [0f,0f,0f,-0.2025f,0f,0f,0f,-0.4719f,0f,0f,0f,0.1352f,0f,0f,0f,1f],start_interpolation: 0,interpolation_duration: 0}
$data merge entity $(bone_right_arm) {transformation: [-0.9929f,-0.1092f,0.0462f,-0.25f,-0.043f,-0.0315f,-0.9986f,-0.5415f,0.1105f,-0.9935f,0.0266f,-0.2056f,0f,0f,0f,1f],start_interpolation: 0,interpolation_duration: 0}
$data merge entity $(bone_forearm) {transformation: [0.0271f,0.5642f,-0.8252f,-0.0016f,0.7592f,-0.5486f,-0.3502f,-0.6407f,-0.6503f,-0.617f,-0.4432f,0.3087f,0f,0f,0f,1f],start_interpolation: 0,interpolation_duration: 0}
$data merge entity $(bone_magazine1) {transformation: [0f,0f,0f,-0.2639f,0f,0f,0f,-0.4569f,0f,0f,0f,0.8397f,0f,0f,0f,1f],start_interpolation: 0,interpolation_duration: 0}
$data merge entity $(bone_chamber1) {transformation: [0f,0f,0f,-0.2639f,0f,0f,0f,-0.4569f,0f,0f,0f,0.8397f,0f,0f,0f,1f],start_interpolation: 0,interpolation_duration: 0}
$data merge entity $(bone_akm3) {transformation: [0f,0f,0f,-0.2639f,0f,0f,0f,-0.4569f,0f,0f,0f,0.8397f,0f,0f,0f,1f],start_interpolation: 0,interpolation_duration: 0}
data modify entity @s data merge value {"cameras":{},"locators":{"akm":{"px":-0.12590503397348576,"py":-0.38598270290033926,"pz":0.8563883955453941,"ry":353.7249732138729,"rx":-1.8041642675456067},"akm2":{"px":-0.2639387607863742,"py":-0.4569316662085572,"pz":0.839739815745395,"ry":28.540479439047914,"rx":-0.7959060955733093}}}