# This file was generated by Animated Java via MC-Build. It is not recommended to edit this file directly.
$data merge entity $(bone_magazine) {transformation: [-0.9924f,-0.0526f,-0.1116f,-0.1945f,-0.0485f,0.998f,-0.0396f,-0.4823f,0.1135f,-0.0338f,-0.993f,0.2805f,0f,0f,0f,1f],start_interpolation: 0,interpolation_duration: 1}
$data merge entity $(bone_chamber) {transformation: [-0.9924f,-0.0526f,-0.1116f,-0.1756f,-0.0485f,0.998f,-0.0396f,-0.4359f,0.1135f,-0.0338f,-0.993f,0.4654f,0f,0f,0f,1f],start_interpolation: 0,interpolation_duration: 1}
$data merge entity $(bone_akm1) {transformation: [-0.9924f,-0.0526f,-0.1116f,-0.1756f,-0.0485f,0.998f,-0.0396f,-0.4359f,0.1135f,-0.0338f,-0.993f,0.4654f,0f,0f,0f,1f],start_interpolation: 0,interpolation_duration: 1}
$data merge entity $(bone_magazine2) {transformation: [0f,0f,0f,-0.2021f,0f,0f,0f,-0.4707f,0f,0f,0f,0.2195f,0f,0f,0f,1f],start_interpolation: 0,interpolation_duration: 1}
$data merge entity $(bone_right_arm) {transformation: [-0.9924f,-0.1116f,0.0526f,-0.25f,-0.0485f,-0.0396f,-0.998f,-0.5431f,0.1135f,-0.993f,0.0338f,-0.1205f,0f,0f,0f,1f],start_interpolation: 0,interpolation_duration: 1}
$data merge entity $(bone_forearm) {transformation: [0.0206f,0.5661f,-0.8241f,0.0003f,0.7545f,-0.5496f,-0.3587f,-0.6369f,-0.6559f,-0.6144f,-0.4385f,0.3938f,0f,0f,0f,1f],start_interpolation: 0,interpolation_duration: 1}
$data merge entity $(bone_magazine1) {transformation: [0f,0f,0f,-0.2618f,0f,0f,0f,-0.4509f,0f,0f,0f,0.9241f,0f,0f,0f,1f],start_interpolation: 0,interpolation_duration: 1}
$data merge entity $(bone_chamber1) {transformation: [0f,0f,0f,-0.2618f,0f,0f,0f,-0.4509f,0f,0f,0f,0.9241f,0f,0f,0f,1f],start_interpolation: 0,interpolation_duration: 1}
$data merge entity $(bone_akm3) {transformation: [0f,0f,0f,-0.2618f,0f,0f,0f,-0.4509f,0f,0f,0f,0.9241f,0f,0f,0f,1f],start_interpolation: 0,interpolation_duration: 1}
data modify entity @s data merge value {"cameras":{},"locators":{"akm":{"px":-0.12416381228002121,"py":-0.3789164560703594,"pz":0.9399082038479487,"ry":353.58699170853083,"rx":-2.2672016947379436},"akm2":{"px":-0.26178572625434604,"py":-0.4508615402719001,"pz":0.9241489527553469,"ry":28.399485120459843,"rx":-0.9963189533798743}}}