# This file was generated by Animated Java via MC-Build. It is not recommended to edit this file directly.
$data merge entity $(bone_magazine) {transformation: [-0.9929f,-0.0463f,-0.1093f,-0.1951f,-0.0422f,0.9983f,-0.039f,-0.4765f,0.111f,-0.0341f,-0.9932f,0.2759f,0f,0f,0f,1f],start_interpolation: 0,interpolation_duration: 2}
$data merge entity $(bone_chamber) {transformation: [-0.9929f,-0.0463f,-0.1093f,-0.1764f,-0.0422f,0.9983f,-0.039f,-0.4302f,0.111f,-0.0341f,-0.9932f,0.4608f,0f,0f,0f,1f],start_interpolation: 0,interpolation_duration: 2}
$data merge entity $(bone_akm1) {transformation: [-0.9929f,-0.0463f,-0.1093f,-0.1764f,-0.0422f,0.9983f,-0.039f,-0.4302f,0.111f,-0.0341f,-0.9932f,0.4608f,0f,0f,0f,1f],start_interpolation: 0,interpolation_duration: 2}
$data merge entity $(bone_magazine2) {transformation: [0f,0f,0f,-0.2025f,0f,0f,0f,-0.4648f,0f,0f,0f,0.2149f,0f,0f,0f,1f],start_interpolation: 0,interpolation_duration: 2}
$data merge entity $(bone_right_arm) {transformation: [-0.9929f,-0.1093f,0.0463f,-0.25f,-0.0422f,-0.039f,-0.9983f,-0.5371f,0.111f,-0.9932f,0.0341f,-0.1253f,0f,0f,0f,1f],start_interpolation: 0,interpolation_duration: 2}
$data merge entity $(bone_forearm) {transformation: [0.027f,0.5642f,-0.8252f,-0.0016f,0.7543f,-0.5532f,-0.3536f,-0.6323f,-0.656f,-0.6129f,-0.4405f,0.3897f,0f,0f,0f,1f],start_interpolation: 0,interpolation_duration: 2}
$data merge entity $(bone_magazine1) {transformation: [0f,0f,0f,-0.2638f,0f,0f,0f,-0.4446f,0f,0f,0f,0.9194f,0f,0f,0f,1f],start_interpolation: 0,interpolation_duration: 2}
$data merge entity $(bone_chamber1) {transformation: [0f,0f,0f,-0.2638f,0f,0f,0f,-0.4446f,0f,0f,0f,0.9194f,0f,0f,0f,1f],start_interpolation: 0,interpolation_duration: 2}
$data merge entity $(bone_akm3) {transformation: [0f,0f,0f,-0.2638f,0f,0f,0f,-0.4446f,0f,0f,0f,0.9194f,0f,0f,0f,1f],start_interpolation: 0,interpolation_duration: 2}
data modify entity @s data merge value {"cameras":{},"locators":{"akm":{"px":-0.12581513324541527,"py":-0.373491610089635,"pz":0.9354887628460682,"ry":353.7178356721371,"rx":-2.2339222793696907},"akm2":{"px":-0.26384502990389247,"py":-0.44457456444035437,"pz":0.9193890246200426,"ry":28.538465341379805,"rx":-1.1732018142172587}}}