# This file was generated by Animated Java via MC-Build. It is not recommended to edit this file directly.
$data merge entity $(bone_magazine) {transformation: [-0.9933f,-0.0412f,-0.1075f,-0.1956f,-0.0373f,0.9986f,-0.0378f,-0.4773f,0.1089f,-0.0335f,-0.9935f,0.2762f,0f,0f,0f,1f],start_interpolation: 0,interpolation_duration: 2}
$data merge entity $(bone_chamber) {transformation: [-0.9933f,-0.0412f,-0.1075f,-0.1771f,-0.0373f,0.9986f,-0.0378f,-0.4313f,0.1089f,-0.0335f,-0.9935f,0.4612f,0f,0f,0f,1f],start_interpolation: 0,interpolation_duration: 2}
$data merge entity $(bone_akm1) {transformation: [-0.9933f,-0.0412f,-0.1075f,-0.1771f,-0.0373f,0.9986f,-0.0378f,-0.4313f,0.1089f,-0.0335f,-0.9935f,0.4612f,0f,0f,0f,1f],start_interpolation: 0,interpolation_duration: 2}
$data merge entity $(bone_magazine2) {transformation: [0f,0f,0f,-0.2028f,0f,0f,0f,-0.4656f,0f,0f,0f,0.2152f,0f,0f,0f,1f],start_interpolation: 0,interpolation_duration: 2}
$data merge entity $(bone_right_arm) {transformation: [-0.9933f,-0.1075f,0.0412f,-0.25f,-0.0373f,-0.0378f,-0.9986f,-0.5374f,0.1089f,-0.9935f,0.0335f,-0.1251f,0f,0f,0f,1f],start_interpolation: 0,interpolation_duration: 2}
$data merge entity $(bone_forearm) {transformation: [0.0321f,0.5627f,-0.8261f,-0.0031f,0.7546f,-0.5556f,-0.3491f,-0.6342f,-0.6554f,-0.6121f,-0.4424f,0.3903f,0f,0f,0f,1f],start_interpolation: 0,interpolation_duration: 2}
$data merge entity $(bone_magazine1) {transformation: [0f,0f,0f,-0.2655f,0f,0f,0f,-0.4455f,0f,0f,0f,0.9195f,0f,0f,0f,1f],start_interpolation: 0,interpolation_duration: 2}
$data merge entity $(bone_chamber1) {transformation: [0f,0f,0f,-0.2655f,0f,0f,0f,-0.4455f,0f,0f,0f,0.9195f,0f,0f,0f,1f],start_interpolation: 0,interpolation_duration: 2}
$data merge entity $(bone_akm3) {transformation: [0f,0f,0f,-0.2655f,0f,0f,0f,-0.4455f,0f,0f,0f,0.9195f,0f,0f,0f,1f],start_interpolation: 0,interpolation_duration: 2}
data modify entity @s data merge value {"cameras":{},"locators":{"akm":{"px":-0.1271374852436861,"py":-0.3751315360641596,"pz":0.9359706411910242,"ry":353.823068799318,"rx":-2.1640345101106524},"akm2":{"px":-0.26548868959045924,"py":-0.4455113301814813,"pz":0.9195429457493697,"ry":28.648704013677474,"rx":-1.2763094324678215}}}