# This file was generated by Animated Java via MC-Build. It is not recommended to edit this file directly.
$data merge entity $(bone_magazine) {transformation: [-0.9936f,-0.0384f,-0.1065f,-0.1959f,-0.0348f,0.9988f,-0.0357f,-0.4809f,0.1077f,-0.0318f,-0.9937f,0.2779f,0f,0f,0f,1f],start_interpolation: 0,interpolation_duration: 1}
$data merge entity $(bone_chamber) {transformation: [-0.9936f,-0.0384f,-0.1065f,-0.1775f,-0.0348f,0.9988f,-0.0357f,-0.4352f,0.1077f,-0.0318f,-0.9937f,0.463f,0f,0f,0f,1f],start_interpolation: 0,interpolation_duration: 1}
$data merge entity $(bone_akm1) {transformation: [-0.9936f,-0.0384f,-0.1065f,-0.1775f,-0.0348f,0.9988f,-0.0357f,-0.4352f,0.1077f,-0.0318f,-0.9937f,0.463f,0f,0f,0f,1f],start_interpolation: 0,interpolation_duration: 1}
$data merge entity $(bone_magazine2) {transformation: [0f,0f,0f,-0.203f,0f,0f,0f,-0.469f,0f,0f,0f,0.2169f,0f,0f,0f,1f],start_interpolation: 0,interpolation_duration: 1}
$data merge entity $(bone_right_arm) {transformation: [-0.9936f,-0.1065f,0.0384f,-0.25f,-0.0348f,-0.0357f,-0.9988f,-0.54f,0.1077f,-0.9937f,0.0318f,-0.1236f,0f,0f,0f,1f],start_interpolation: 0,interpolation_duration: 1}
$data merge entity $(bone_forearm) {transformation: [0.0349f,0.5618f,-0.8265f,-0.004f,0.7557f,-0.556f,-0.3461f,-0.6385f,-0.654f,-0.6125f,-0.444f,0.3919f,0f,0f,0f,1f],start_interpolation: 0,interpolation_duration: 1}
$data merge entity $(bone_magazine1) {transformation: [0f,0f,0f,-0.2664f,0f,0f,0f,-0.45f,0f,0f,0f,0.9213f,0f,0f,0f,1f],start_interpolation: 0,interpolation_duration: 1}
$data merge entity $(bone_chamber1) {transformation: [0f,0f,0f,-0.2664f,0f,0f,0f,-0.45f,0f,0f,0f,0.9213f,0f,0f,0f,1f],start_interpolation: 0,interpolation_duration: 1}
$data merge entity $(bone_akm3) {transformation: [0f,0f,0f,-0.2664f,0f,0f,0f,-0.45f,0f,0f,0f,0.9213f,0f,0f,0f,1f],start_interpolation: 0,interpolation_duration: 1}
data modify entity @s data merge value {"cameras":{},"locators":{"akm":{"px":-0.12789098749629746,"py":-0.3800139598380281,"pz":0.9379741578394836,"ry":353.8829784397302,"rx":-2.045124786330007},"akm2":{"px":-0.26641818231993963,"py":-0.44997965665200873,"pz":0.9212631463395847,"ry":28.709840824507324,"rx":-1.262781028091661}}}