# This file was generated by Animated Java via MC-Build. It is not recommended to edit this file directly.
$data merge entity $(bone_magazine) {transformation: [-0.9932f,-0.0432f,-0.1081f,-0.1955f,-0.0414f,0.999f,-0.0191f,-0.4871f,0.1088f,-0.0145f,-0.994f,0.1845f,0f,0f,0f,1f],start_interpolation: 0,interpolation_duration: 2}
$data merge entity $(bone_chamber) {transformation: [-0.9932f,-0.0432f,-0.1081f,-0.1769f,-0.0414f,0.999f,-0.0191f,-0.4445f,0.1088f,-0.0145f,-0.994f,0.3703f,0f,0f,0f,1f],start_interpolation: 0,interpolation_duration: 2}
$data merge entity $(bone_akm1) {transformation: [-0.9932f,-0.0432f,-0.1081f,-0.1769f,-0.0414f,0.999f,-0.0191f,-0.4445f,0.1088f,-0.0145f,-0.994f,0.3703f,0f,0f,0f,1f],start_interpolation: 0,interpolation_duration: 2}
$data merge entity $(bone_magazine2) {transformation: [0f,0f,0f,-0.2027f,0f,0f,0f,-0.4742f,0f,0f,0f,0.1237f,0f,0f,0f,1f],start_interpolation: 0,interpolation_duration: 2}
$data merge entity $(bone_right_arm) {transformation: [-0.9932f,-0.1081f,0.0432f,-0.25f,-0.0414f,-0.0191f,-0.999f,-0.5396f,0.1088f,-0.994f,0.0145f,-0.2179f,0f,0f,0f,1f],start_interpolation: 0,interpolation_duration: 2}
$data merge entity $(bone_forearm) {transformation: [0.0301f,0.5634f,-0.8257f,-0.0026f,0.767f,-0.5427f,-0.3423f,-0.6457f,-0.6409f,-0.623f,-0.4485f,0.2954f,0f,0f,0f,1f],start_interpolation: 0,interpolation_duration: 2}
$data merge entity $(bone_magazine1) {transformation: [0f,0f,0f,-0.265f,0f,0f,0f,-0.4677f,0f,0f,0f,0.8283f,0f,0f,0f,1f],start_interpolation: 0,interpolation_duration: 2}
$data merge entity $(bone_chamber1) {transformation: [0f,0f,0f,-0.265f,0f,0f,0f,-0.4677f,0f,0f,0f,0.8283f,0f,0f,0f,1f],start_interpolation: 0,interpolation_duration: 2}
$data merge entity $(bone_akm3) {transformation: [0f,0f,0f,-0.265f,0f,0f,0f,-0.4677f,0f,0f,0f,0.8283f,0f,0f,0f,1f],start_interpolation: 0,interpolation_duration: 2}
data modify entity @s data merge value {"cameras":{},"locators":{"akm":{"px":-0.12675276999035068,"py":-0.39732168238343424,"pz":0.8460182921303625,"ry":353.79249452396743,"rx":-1.0936043838671823},"akm2":{"px":-0.26497489425774423,"py":-0.4676527847910912,"pz":0.8283428645865717,"ry":28.60588885767433,"rx":-0.2656740221370396}}}