# This file was generated by Animated Java via MC-Build. It is not recommended to edit this file directly.
$data merge entity $(bone_magazine) {transformation: [-0.9914f,-0.0624f,-0.1151f,-0.1935f,-0.0581f,0.9975f,-0.0402f,-0.4225f,0.1173f,-0.0332f,-0.9925f,0.1567f,0f,0f,0f,1f],start_interpolation: 0,interpolation_duration: 2}
$data merge entity $(bone_chamber) {transformation: [-0.9914f,-0.0624f,-0.1151f,-0.1744f,-0.0581f,0.9975f,-0.0402f,-0.376f,0.1173f,-0.0332f,-0.9925f,0.3415f,0f,0f,0f,1f],start_interpolation: 0,interpolation_duration: 2}
$data merge entity $(bone_akm1) {transformation: [-0.9914f,-0.0624f,-0.1151f,-0.1744f,-0.0581f,0.9975f,-0.0402f,-0.376f,0.1173f,-0.0332f,-0.9925f,0.3415f,0f,0f,0f,1f],start_interpolation: 0,interpolation_duration: 2}
$data merge entity $(bone_magazine2) {transformation: [0f,0f,0f,-0.2014f,0f,0f,0f,-0.4109f,0f,0f,0f,0.0957f,0f,0f,0f,1f],start_interpolation: 0,interpolation_duration: 2}
$data merge entity $(bone_right_arm) {transformation: [-0.9914f,-0.1151f,0.0624f,-0.25f,-0.0581f,-0.0402f,-0.9975f,-0.4837f,0.1173f,-0.9925f,0.0332f,-0.2442f,0f,0f,0f,1f],start_interpolation: 0,interpolation_duration: 2}
$data merge entity $(bone_forearm) {transformation: [0.0107f,0.569f,-0.8223f,0.0032f,0.755f,-0.5438f,-0.3665f,-0.5753f,-0.6557f,-0.6169f,-0.4354f,0.2691f,0f,0f,0f,1f],start_interpolation: 0,interpolation_duration: 2}
$data merge entity $(bone_magazine1) {transformation: [0f,0f,0f,-0.2586f,0f,0f,0f,-0.392f,0f,0f,0f,0.8006f,0f,0f,0f,1f],start_interpolation: 0,interpolation_duration: 2}
$data merge entity $(bone_chamber1) {transformation: [0f,0f,0f,-0.2586f,0f,0f,0f,-0.392f,0f,0f,0f,0.8006f,0f,0f,0f,1f],start_interpolation: 0,interpolation_duration: 2}
$data merge entity $(bone_akm3) {transformation: [0f,0f,0f,-0.2586f,0f,0f,0f,-0.392f,0f,0f,0f,0.8006f,0f,0f,0f,1f],start_interpolation: 0,interpolation_duration: 2}
data modify entity @s data merge value {"cameras":{},"locators":{"akm":{"px":-0.12159335954754033,"py":-0.31874239401733256,"pz":0.8158324467183846,"ry":353.3846061383321,"rx":-2.3050766640880136},"akm2":{"px":-0.25857050342151067,"py":-0.39201475145852077,"pz":0.8005791181353082,"ry":28.182022323863805,"rx":-0.7100371744345948}}}