# This file was generated by Animated Java via MC-Build. It is not recommended to edit this file directly.
$data merge entity $(bone_magazine) {transformation: [-0.9904f,-0.0711f,-0.1182f,-0.1926f,-0.0669f,0.997f,-0.0393f,-0.4253f,0.1207f,-0.031f,-0.9922f,0.1582f,0f,0f,0f,1f],start_interpolation: 0,interpolation_duration: 2}
$data merge entity $(bone_chamber) {transformation: [-0.9904f,-0.0711f,-0.1182f,-0.1732f,-0.0669f,0.997f,-0.0393f,-0.379f,0.1207f,-0.031f,-0.9922f,0.3431f,0f,0f,0f,1f],start_interpolation: 0,interpolation_duration: 2}
$data merge entity $(bone_akm1) {transformation: [-0.9904f,-0.0711f,-0.1182f,-0.1732f,-0.0669f,0.997f,-0.0393f,-0.379f,0.1207f,-0.031f,-0.9922f,0.3431f,0f,0f,0f,1f],start_interpolation: 0,interpolation_duration: 2}
$data merge entity $(bone_magazine2) {transformation: [0f,0f,0f,-0.2008f,0f,0f,0f,-0.4137f,0f,0f,0f,0.0973f,0f,0f,0f,1f],start_interpolation: 0,interpolation_duration: 2}
$data merge entity $(bone_right_arm) {transformation: [-0.9904f,-0.1182f,0.0711f,-0.25f,-0.0669f,-0.0393f,-0.997f,-0.4863f,0.1207f,-0.9922f,0.031f,-0.2425f,0f,0f,0f,1f],start_interpolation: 0,interpolation_duration: 2}
$data merge entity $(bone_forearm) {transformation: [0.0019f,0.5715f,-0.8206f,0.0058f,0.7563f,-0.5377f,-0.3727f,-0.5766f,-0.6542f,-0.6199f,-0.4332f,0.2697f,0f,0f,0f,1f],start_interpolation: 0,interpolation_duration: 2}
$data merge entity $(bone_magazine1) {transformation: [0f,0f,0f,-0.2557f,0f,0f,0f,-0.3966f,0f,0f,0f,0.8024f,0f,0f,0f,1f],start_interpolation: 0,interpolation_duration: 2}
$data merge entity $(bone_chamber1) {transformation: [0f,0f,0f,-0.2557f,0f,0f,0f,-0.3966f,0f,0f,0f,0.8024f,0f,0f,0f,1f],start_interpolation: 0,interpolation_duration: 2}
$data merge entity $(bone_akm3) {transformation: [0f,0f,0f,-0.2557f,0f,0f,0f,-0.3966f,0f,0f,0f,0.8024f,0f,0f,0f,1f],start_interpolation: 0,interpolation_duration: 2}
data modify entity @s data merge value {"cameras":{},"locators":{"akm":{"px":-0.1192589902658348,"py":-0.3222069945667563,"pz":0.817343481918463,"ry":353.2037417358547,"rx":-2.253905743581563},"akm2":{"px":-0.25565562277102005,"py":-0.3966229661074641,"pz":0.8024283163940392,"ry":27.984864240416783,"rx":-0.3822554796024071}}}