# This file was generated by Animated Java via MC-Build. It is not recommended to edit this file directly.
$data merge entity $(bone_magazine) {transformation: [-0.9925f,-0.0514f,-0.1112f,-0.1946f,-0.0476f,0.9982f,-0.0367f,-0.427f,0.1129f,-0.0311f,-0.9931f,0.1608f,0f,0f,0f,1f],start_interpolation: 0,interpolation_duration: 2}
$data merge entity $(bone_chamber) {transformation: [-0.9925f,-0.0514f,-0.1112f,-0.1758f,-0.0476f,0.9982f,-0.0367f,-0.3811f,0.1129f,-0.0311f,-0.9931f,0.3458f,0f,0f,0f,1f],start_interpolation: 0,interpolation_duration: 2}
$data merge entity $(bone_akm1) {transformation: [-0.9925f,-0.0514f,-0.1112f,-0.1758f,-0.0476f,0.9982f,-0.0367f,-0.3811f,0.1129f,-0.0311f,-0.9931f,0.3458f,0f,0f,0f,1f],start_interpolation: 0,interpolation_duration: 2}
$data merge entity $(bone_magazine2) {transformation: [0f,0f,0f,-0.2021f,0f,0f,0f,-0.4152f,0f,0f,0f,0.0998f,0f,0f,0f,1f],start_interpolation: 0,interpolation_duration: 2}
$data merge entity $(bone_right_arm) {transformation: [-0.9925f,-0.1112f,0.0514f,-0.25f,-0.0476f,-0.0367f,-0.9982f,-0.4867f,0.1129f,-0.9931f,0.0311f,-0.2405f,0f,0f,0f,1f],start_interpolation: 0,interpolation_duration: 2}
$data merge entity $(bone_forearm) {transformation: [0.0218f,0.5658f,-0.8243f,-0.0001f,0.7563f,-0.5485f,-0.3565f,-0.5821f,-0.6538f,-0.6157f,-0.4398f,0.2737f,0f,0f,0f,1f],start_interpolation: 0,interpolation_duration: 2}
$data merge entity $(bone_magazine1) {transformation: [0f,0f,0f,-0.2622f,0f,0f,0f,-0.3973f,0f,0f,0f,0.8045f,0f,0f,0f,1f],start_interpolation: 0,interpolation_duration: 2}
$data merge entity $(bone_chamber1) {transformation: [0f,0f,0f,-0.2622f,0f,0f,0f,-0.3973f,0f,0f,0f,0.8045f,0f,0f,0f,1f],start_interpolation: 0,interpolation_duration: 2}
$data merge entity $(bone_akm3) {transformation: [0f,0f,0f,-0.2622f,0f,0f,0f,-0.3973f,0f,0f,0f,0.8045f,0f,0f,0f,1f],start_interpolation: 0,interpolation_duration: 2}
data modify entity @s data merge value {"cameras":{},"locators":{"akm":{"px":-0.12446858702284275,"py":-0.3255171240512924,"pz":0.8204809866464466,"ry":353.61193614111994,"rx":-2.1021558484917304},"akm2":{"px":-0.26216800868387946,"py":-0.3972554729025915,"pz":0.8044585361463434,"ry":28.424102634746106,"rx":-0.8891632429658985}}}