# This file was generated by Animated Java via MC-Build. It is not recommended to edit this file directly.
$data merge entity $(bone_muzzleflash) {transformation: [0f,0f,0f,-0.2031f,0f,0f,0f,-0.696f,0f,0f,0f,0.3914f,0f,0f,0f,1f],start_interpolation: 0,interpolation_duration: 1}
$data merge entity $(bone_slide) {transformation: [-0.9954f,0.0956f,-0.0011f,-0.0417f,0.0956f,0.9952f,-0.0189f,-0.2268f,-0.0007f,-0.0189f,-0.9998f,0.5594f,0f,0f,0f,1f],start_interpolation: 0,interpolation_duration: 1}
$data merge entity $(bone_barrel) {transformation: [-0.9954f,0.0956f,-0.0011f,0.0595f,0.0956f,0.9952f,-0.0189f,-0.3178f,-0.0007f,-0.0189f,-0.9998f,0.561f,0f,0f,0f,1f],start_interpolation: 0,interpolation_duration: 1}
$data merge entity $(bone_magazine) {transformation: [-0.9954f,0.0956f,-0.0011f,-0.0547f,0.0956f,0.9952f,-0.0189f,-0.3634f,-0.0007f,-0.0189f,-0.9998f,0.365f,0f,0f,0f,1f],start_interpolation: 0,interpolation_duration: 1}
$data merge entity $(bone_grip) {transformation: [-0.9954f,0.0956f,-0.0011f,-0.0547f,0.0956f,0.9952f,-0.0189f,-0.3634f,-0.0007f,-0.0189f,-0.9998f,0.365f,0f,0f,0f,1f],start_interpolation: 0,interpolation_duration: 1}
$data merge entity $(bone_trigger) {transformation: [-0.9954f,0.0956f,-0.0011f,-0.0542f,0.0956f,0.9952f,-0.0189f,-0.3584f,-0.0007f,-0.0189f,-0.9998f,0.3956f,0f,0f,0f,1f],start_interpolation: 0,interpolation_duration: 1}
$data merge entity $(bone_trigger_gaurd) {transformation: [-0.9954f,0.0956f,-0.0011f,-0.0514f,0.0956f,0.9952f,-0.0189f,-0.3291f,-0.0007f,-0.0189f,-0.9998f,0.4275f,0f,0f,0f,1f],start_interpolation: 0,interpolation_duration: 1}
$data merge entity $(bone_right_arm) {transformation: [-0.9954f,-0.0011f,-0.0956f,-0.0913f,0.0956f,-0.0189f,-0.9952f,-0.3874f,-0.0007f,-0.9998f,0.0189f,0.0374f,0f,0f,0f,1f],start_interpolation: 0,interpolation_duration: 1}
$data merge entity $(bone_magazine1) {transformation: [0f,0f,0f,-0.1108f,0f,0f,0f,-0.2969f,0f,0f,0f,0.3861f,0f,0f,0f,1f],start_interpolation: 0,interpolation_duration: 1}
$data merge entity $(bone_left_arm) {transformation: [-0.8376f,0.4022f,0.3696f,0.0868f,-0.3951f,0.0211f,-0.9184f,-0.3949f,-0.3772f,-0.9153f,0.1412f,0.05f,0f,0f,0f,1f],start_interpolation: 0,interpolation_duration: 1}
data modify entity @s data merge value {"cameras":{},"locators":{"barrel1":{"px":-0.06850574055123533,"py":-0.27606698680732117,"pz":0.7229232685435703,"ry":359.93765740853246,"rx":-1.0834668860308279}}}