# This file was generated by Animated Java via MC-Build. It is not recommended to edit this file directly.
$data merge entity $(bone_muzzleflash) {transformation: [0f,0f,0f,-0.2031f,0f,0f,0f,-0.707f,0f,0f,0f,0.4f,0f,0f,0f,1f],start_interpolation: 0,interpolation_duration: 1}
$data merge entity $(bone_slide) {transformation: [-0.9912f,0.1325f,0.0007f,-0.0248f,0.1325f,0.9905f,0.0369f,-0.2542f,0.0042f,0.0367f,-0.9993f,0.594f,0f,0f,0f,1f],start_interpolation: 0,interpolation_duration: 1}
$data merge entity $(bone_barrel) {transformation: [-0.9912f,0.1325f,0.0007f,0.0729f,0.1325f,0.9905f,0.0369f,-0.3488f,0.0042f,0.0367f,-0.9993f,0.5906f,0f,0f,0f,1f],start_interpolation: 0,interpolation_duration: 1}
$data merge entity $(bone_magazine) {transformation: [-0.9912f,0.1325f,0.0007f,-0.0423f,0.1325f,0.9905f,0.0369f,-0.3791f,0.0042f,0.0367f,-0.9993f,0.3923f,0f,0f,0f,1f],start_interpolation: 0,interpolation_duration: 1}
$data merge entity $(bone_grip) {transformation: [-0.9912f,0.1325f,0.0007f,-0.0423f,0.1325f,0.9905f,0.0369f,-0.3791f,0.0042f,0.0367f,-0.9993f,0.3923f,0f,0f,0f,1f],start_interpolation: 0,interpolation_duration: 1}
$data merge entity $(bone_trigger) {transformation: [-0.9912f,0.1325f,0.0007f,-0.0418f,0.1325f,0.9905f,0.0369f,-0.3759f,0.0042f,0.0367f,-0.9993f,0.423f,0f,0f,0f,1f],start_interpolation: 0,interpolation_duration: 1}
$data merge entity $(bone_trigger_gaurd) {transformation: [-0.9912f,0.1325f,0.0007f,-0.038f,0.1325f,0.9905f,0.0369f,-0.3485f,0.0042f,0.0367f,-0.9993f,0.4565f,0f,0f,0f,1f],start_interpolation: 0,interpolation_duration: 1}
$data merge entity $(bone_right_arm) {transformation: [-0.9912f,0.0007f,-0.1325f,-0.079f,0.1325f,0.0369f,-0.9905f,-0.3835f,0.0042f,-0.9993f,-0.0367f,0.0638f,0f,0f,0f,1f],start_interpolation: 0,interpolation_duration: 1}
$data merge entity $(bone_magazine1) {transformation: [0f,0f,0f,-0.096f,0f,0f,0f,-0.3119f,0f,0f,0f,0.417f,0f,0f,0f,1f],start_interpolation: 0,interpolation_duration: 1}
$data merge entity $(bone_left_arm) {transformation: [-0.8508f,0.405f,0.3349f,0.0986f,-0.342f,0.0571f,-0.938f,-0.3983f,-0.399f,-0.9125f,0.0899f,0.076f,0f,0f,0f,1f],start_interpolation: 0,interpolation_duration: 1}
data modify entity @s data merge value {"cameras":{},"locators":{"barrel1":{"px":-0.05385140760051133,"py":-0.3114426535622036,"pz":0.7544566241047703,"ry":0.04210196239500874,"rx":2.1143716828370804}}}