# This file was generated by Animated Java via MC-Build. It is not recommended to edit this file directly.
$data merge entity $(bone_muzzleflash) {transformation: [0f,0f,0f,-0.3281f,0f,0f,0f,-0.7384f,0f,0f,0f,0.4f,0f,0f,0f,1f],start_interpolation: 0,interpolation_duration: 1}
$data merge entity $(bone_slide) {transformation: [-0.9912f,0.1322f,0.0007f,-0.1499f,0.1322f,0.9905f,0.0371f,-0.2856f,0.0042f,0.0369f,-0.9993f,0.5941f,0f,0f,0f,1f],start_interpolation: 0,interpolation_duration: 1}
$data merge entity $(bone_barrel) {transformation: [-0.9912f,0.1322f,0.0007f,-0.0522f,0.1322f,0.9905f,0.0371f,-0.3802f,0.0042f,0.0369f,-0.9993f,0.5906f,0f,0f,0f,1f],start_interpolation: 0,interpolation_duration: 1}
$data merge entity $(bone_magazine) {transformation: [-0.9912f,0.1322f,0.0007f,-0.1674f,0.1322f,0.9905f,0.0371f,-0.4105f,0.0042f,0.0369f,-0.9993f,0.3923f,0f,0f,0f,1f],start_interpolation: 0,interpolation_duration: 1}
$data merge entity $(bone_grip) {transformation: [-0.9912f,0.1322f,0.0007f,-0.1674f,0.1322f,0.9905f,0.0371f,-0.4105f,0.0042f,0.0369f,-0.9993f,0.3923f,0f,0f,0f,1f],start_interpolation: 0,interpolation_duration: 1}
$data merge entity $(bone_trigger) {transformation: [-0.9912f,0.1322f,0.0007f,-0.1669f,0.1322f,0.9905f,0.0371f,-0.4073f,0.0042f,0.0369f,-0.9993f,0.4231f,0f,0f,0f,1f],start_interpolation: 0,interpolation_duration: 1}
$data merge entity $(bone_trigger_gaurd) {transformation: [-0.9912f,0.1322f,0.0007f,-0.1631f,0.1322f,0.9905f,0.0371f,-0.3799f,0.0042f,0.0369f,-0.9993f,0.4566f,0f,0f,0f,1f],start_interpolation: 0,interpolation_duration: 1}
$data merge entity $(bone_right_arm) {transformation: [-0.9912f,0.0007f,-0.1322f,-0.2041f,0.1322f,0.0371f,-0.9905f,-0.4148f,0.0042f,-0.9993f,-0.0369f,0.0639f,0f,0f,0f,1f],start_interpolation: 0,interpolation_duration: 1}
$data merge entity $(bone_magazine1) {transformation: [0f,0f,0f,-0.2211f,0f,0f,0f,-0.3434f,0f,0f,0f,0.4171f,0f,0f,0f,1f],start_interpolation: 0,interpolation_duration: 1}
$data merge entity $(bone_left_arm) {transformation: [-0.8506f,0.405f,0.3352f,-0.0264f,-0.3422f,0.0575f,-0.9379f,-0.4296f,-0.3991f,-0.9125f,0.0897f,0.0761f,0f,0f,0f,1f],start_interpolation: 0,interpolation_duration: 1}
data modify entity @s data merge value {"cameras":{},"locators":{"barrel1":{"px":-0.17897419753503788,"py":-0.34292546045125033,"pz":0.7545525247977083,"ry":0.04208044556855839,"rx":2.1280438195429237}}}