# This file was generated by Animated Java via MC-Build. It is not recommended to edit this file directly.
$data merge entity $(muzzleflash) {transformation: [0f,0f,0f,-0.2031f,0f,0f,0f,-0.7072f,0f,0f,0f,0.4f,0f,0f,0f,1f],start_interpolation: 0,interpolation_duration: 1}
$data merge entity $(slide) {transformation: [-0.9912f,0.1322f,0.0007f,-0.0249f,0.1322f,0.9905f,0.0371f,-0.2544f,0.0042f,0.0369f,-0.9993f,0.5941f,0f,0f,0f,1f],start_interpolation: 0,interpolation_duration: 1}
$data merge entity $(barrel) {transformation: [-0.9912f,0.1322f,0.0007f,0.0728f,0.1322f,0.9905f,0.0371f,-0.349f,0.0042f,0.0369f,-0.9993f,0.5906f,0f,0f,0f,1f],start_interpolation: 0,interpolation_duration: 1}
$data merge entity $(magazine) {transformation: [-0.9912f,0.1322f,0.0007f,-0.0424f,0.1322f,0.9905f,0.0371f,-0.3793f,0.0042f,0.0369f,-0.9993f,0.3923f,0f,0f,0f,1f],start_interpolation: 0,interpolation_duration: 1}
$data merge entity $(grip) {transformation: [-0.9912f,0.1322f,0.0007f,-0.0424f,0.1322f,0.9905f,0.0371f,-0.3793f,0.0042f,0.0369f,-0.9993f,0.3923f,0f,0f,0f,1f],start_interpolation: 0,interpolation_duration: 1}
$data merge entity $(trigger) {transformation: [-0.9912f,0.1322f,0.0007f,-0.0419f,0.1322f,0.9905f,0.0371f,-0.3761f,0.0042f,0.0369f,-0.9993f,0.4231f,0f,0f,0f,1f],start_interpolation: 0,interpolation_duration: 1}
$data merge entity $(trigger_gaurd) {transformation: [-0.9912f,0.1322f,0.0007f,-0.0381f,0.1322f,0.9905f,0.0371f,-0.3487f,0.0042f,0.0369f,-0.9993f,0.4566f,0f,0f,0f,1f],start_interpolation: 0,interpolation_duration: 1}
$data merge entity $(right_arm) {transformation: [-0.9912f,0.0007f,-0.1322f,-0.0791f,0.1322f,0.0371f,-0.9905f,-0.3835f,0.0042f,-0.9993f,-0.0369f,0.0639f,0f,0f,0f,1f],start_interpolation: 0,interpolation_duration: 1}
$data merge entity $(magazine1) {transformation: [0f,0f,0f,-0.0961f,0f,0f,0f,-0.3121f,0f,0f,0f,0.4171f,0f,0f,0f,1f],start_interpolation: 0,interpolation_duration: 1}
$data merge entity $(left_arm) {transformation: [-0.8506f,0.405f,0.3352f,0.0986f,-0.3422f,0.0575f,-0.9379f,-0.3983f,-0.3991f,-0.9125f,0.0897f,0.0761f,0f,0f,0f,1f],start_interpolation: 0,interpolation_duration: 1}
data modify entity @s data merge value {"cameras":{},"locators":{"barrel1":{"px":-0.05397419753503787,"py":-0.31167546045125033,"pz":0.7545525247977084,"ry":0.04208044556855839,"rx":2.1280438195429237}}}