# This file was generated by Animated Java via MC-Build. It is not recommended to edit this file directly.
$data merge entity $(bone_muzzleflash) {transformation: [0f,0f,0f,-0.2031f,0f,0f,0f,-0.7699f,0f,0f,0f,0.4f,0f,0f,0f,1f],start_interpolation: 0,interpolation_duration: 1}
$data merge entity $(bone_slide) {transformation: [-0.9913f,0.1319f,0.0007f,-0.0251f,0.1318f,0.9906f,0.0373f,-0.317f,0.0042f,0.0371f,-0.9993f,0.5942f,0f,0f,0f,1f],start_interpolation: 0,interpolation_duration: 1}
$data merge entity $(bone_barrel) {transformation: [-0.9913f,0.1319f,0.0007f,0.0727f,0.1318f,0.9906f,0.0373f,-0.4116f,0.0042f,0.0371f,-0.9993f,0.5907f,0f,0f,0f,1f],start_interpolation: 0,interpolation_duration: 1}
$data merge entity $(bone_magazine) {transformation: [-0.9913f,0.1319f,0.0007f,-0.0425f,0.1318f,0.9906f,0.0373f,-0.4419f,0.0042f,0.0371f,-0.9993f,0.3924f,0f,0f,0f,1f],start_interpolation: 0,interpolation_duration: 1}
$data merge entity $(bone_grip) {transformation: [-0.9913f,0.1319f,0.0007f,-0.0425f,0.1318f,0.9906f,0.0373f,-0.4419f,0.0042f,0.0371f,-0.9993f,0.3924f,0f,0f,0f,1f],start_interpolation: 0,interpolation_duration: 1}
$data merge entity $(bone_trigger) {transformation: [-0.9913f,0.1319f,0.0007f,-0.042f,0.1318f,0.9906f,0.0373f,-0.4387f,0.0042f,0.0371f,-0.9993f,0.4232f,0f,0f,0f,1f],start_interpolation: 0,interpolation_duration: 1}
$data merge entity $(bone_trigger_gaurd) {transformation: [-0.9913f,0.1319f,0.0007f,-0.0382f,0.1318f,0.9906f,0.0373f,-0.4113f,0.0042f,0.0371f,-0.9993f,0.4567f,0f,0f,0f,1f],start_interpolation: 0,interpolation_duration: 1}
$data merge entity $(bone_right_arm) {transformation: [-0.9913f,0.0007f,-0.1319f,-0.0792f,0.1318f,0.0373f,-0.9906f,-0.4461f,0.0042f,-0.9993f,-0.0371f,0.064f,0f,0f,0f,1f],start_interpolation: 0,interpolation_duration: 1}
$data merge entity $(bone_magazine1) {transformation: [0f,0f,0f,-0.0962f,0f,0f,0f,-0.3748f,0f,0f,0f,0.4172f,0f,0f,0f,1f],start_interpolation: 0,interpolation_duration: 1}
$data merge entity $(bone_left_arm) {transformation: [-0.8505f,0.405f,0.3355f,0.0985f,-0.3424f,0.0578f,-0.9378f,-0.4609f,-0.3992f,-0.9125f,0.0895f,0.0762f,0f,0f,0f,1f],start_interpolation: 0,interpolation_duration: 1}
data modify entity @s data merge value {"cameras":{},"locators":{"barrel1":{"px":-0.054100646277176555,"py":-0.3743749653852554,"pz":0.7546282525771839,"ry":0.041898048358859796,"rx":2.1388452841007948}}}