# This file was generated by Animated Java via MC-Build. It is not recommended to edit this file directly.
$data merge entity $(muzzleflash) {transformation: [0f,0f,0f,-0.2031f,0f,0f,0f,-0.7075f,0f,0f,0f,0.4f,0f,0f,0f,1f],start_interpolation: 0,interpolation_duration: 1}
$data merge entity $(slide) {transformation: [-0.9913f,0.1316f,0.0007f,-0.0252f,0.1315f,0.9906f,0.0375f,-0.2547f,0.0042f,0.0372f,-0.9993f,0.5942f,0f,0f,0f,1f],start_interpolation: 0,interpolation_duration: 1}
$data merge entity $(barrel) {transformation: [-0.9913f,0.1316f,0.0007f,0.0725f,0.1315f,0.9906f,0.0375f,-0.3492f,0.0042f,0.0372f,-0.9993f,0.5908f,0f,0f,0f,1f],start_interpolation: 0,interpolation_duration: 1}
$data merge entity $(magazine) {transformation: [-0.9913f,0.1316f,0.0007f,-0.0427f,0.1315f,0.9906f,0.0375f,-0.3795f,0.0042f,0.0372f,-0.9993f,0.3924f,0f,0f,0f,1f],start_interpolation: 0,interpolation_duration: 1}
$data merge entity $(grip) {transformation: [-0.9913f,0.1316f,0.0007f,-0.0427f,0.1315f,0.9906f,0.0375f,-0.3795f,0.0042f,0.0372f,-0.9993f,0.3924f,0f,0f,0f,1f],start_interpolation: 0,interpolation_duration: 1}
$data merge entity $(trigger) {transformation: [-0.9913f,0.1316f,0.0007f,-0.0421f,0.1315f,0.9906f,0.0375f,-0.3763f,0.0042f,0.0372f,-0.9993f,0.4232f,0f,0f,0f,1f],start_interpolation: 0,interpolation_duration: 1}
$data merge entity $(trigger_gaurd) {transformation: [-0.9913f,0.1316f,0.0007f,-0.0383f,0.1315f,0.9906f,0.0375f,-0.3489f,0.0042f,0.0372f,-0.9993f,0.4567f,0f,0f,0f,1f],start_interpolation: 0,interpolation_duration: 1}
$data merge entity $(right_arm) {transformation: [-0.9913f,0.0007f,-0.1316f,-0.0793f,0.1315f,0.0375f,-0.9906f,-0.3837f,0.0042f,-0.9993f,-0.0372f,0.064f,0f,0f,0f,1f],start_interpolation: 0,interpolation_duration: 1}
$data merge entity $(magazine1) {transformation: [0f,0f,0f,-0.0964f,0f,0f,0f,-0.3124f,0f,0f,0f,0.4172f,0f,0f,0f,1f],start_interpolation: 0,interpolation_duration: 1}
$data merge entity $(left_arm) {transformation: [-0.8504f,0.405f,0.3358f,0.0984f,-0.3426f,0.058f,-0.9377f,-0.3984f,-0.3993f,-0.9125f,0.0894f,0.0762f,0f,0f,0f,1f],start_interpolation: 0,interpolation_duration: 1}
data modify entity @s data merge value {"cameras":{},"locators":{"barrel1":{"px":-0.05423074335201398,"py":-0.3120399866270614,"pz":0.7546831556131756,"ry":0.0415529061277482,"rx":2.1466816316270756}}}