# This file was generated by Animated Java via MC-Build. It is not recommended to edit this file directly.
$data merge entity $(bone_muzzleflash) {transformation: [0f,0f,0f,-0.2031f,0f,0f,0f,-0.7078f,0f,0f,0f,0.4f,0f,0f,0f,1f],start_interpolation: 0,interpolation_duration: 1}
$data merge entity $(bone_slide) {transformation: [-0.9914f,0.1309f,0.0007f,-0.0255f,0.1309f,0.9907f,0.0376f,-0.2548f,0.0042f,0.0373f,-0.9993f,0.5943f,0f,0f,0f,1f],start_interpolation: 0,interpolation_duration: 1}
$data merge entity $(bone_barrel) {transformation: [-0.9914f,0.1309f,0.0007f,0.0723f,0.1309f,0.9907f,0.0376f,-0.3493f,0.0042f,0.0373f,-0.9993f,0.5908f,0f,0f,0f,1f],start_interpolation: 0,interpolation_duration: 1}
$data merge entity $(bone_magazine) {transformation: [-0.9914f,0.1309f,0.0007f,-0.0429f,0.1309f,0.9907f,0.0376f,-0.3797f,0.0042f,0.0373f,-0.9993f,0.3925f,0f,0f,0f,1f],start_interpolation: 0,interpolation_duration: 1}
$data merge entity $(bone_grip) {transformation: [-0.9914f,0.1309f,0.0007f,-0.0429f,0.1309f,0.9907f,0.0376f,-0.3797f,0.0042f,0.0373f,-0.9993f,0.3925f,0f,0f,0f,1f],start_interpolation: 0,interpolation_duration: 1}
$data merge entity $(bone_trigger) {transformation: [-0.9914f,0.1309f,0.0007f,-0.0423f,0.1309f,0.9907f,0.0376f,-0.3765f,0.0042f,0.0373f,-0.9993f,0.4233f,0f,0f,0f,1f],start_interpolation: 0,interpolation_duration: 1}
$data merge entity $(bone_trigger_gaurd) {transformation: [-0.9914f,0.1309f,0.0007f,-0.0386f,0.1309f,0.9907f,0.0376f,-0.3491f,0.0042f,0.0373f,-0.9993f,0.4568f,0f,0f,0f,1f],start_interpolation: 0,interpolation_duration: 1}
$data merge entity $(bone_right_arm) {transformation: [-0.9914f,0.0007f,-0.1309f,-0.0795f,0.1309f,0.0376f,-0.9907f,-0.3839f,0.0042f,-0.9993f,-0.0373f,0.064f,0f,0f,0f,1f],start_interpolation: 0,interpolation_duration: 1}
$data merge entity $(bone_magazine1) {transformation: [0f,0f,0f,-0.0966f,0f,0f,0f,-0.3126f,0f,0f,0f,0.4173f,0f,0f,0f,1f],start_interpolation: 0,interpolation_duration: 1}
$data merge entity $(bone_left_arm) {transformation: [-0.8502f,0.405f,0.3364f,0.0982f,-0.3431f,0.0584f,-0.9375f,-0.3984f,-0.3993f,-0.9125f,0.0893f,0.0762f,0f,0f,0f,1f],start_interpolation: 0,interpolation_duration: 1}
data modify entity @s data merge value {"cameras":{},"locators":{"barrel1":{"px":-0.05450185160220731,"py":-0.3122618658277686,"pz":0.7547278674572336,"ry":0.040368556061963545,"rx":2.1530811268496204}}}