# This file was generated by Animated Java via MC-Build. It is not recommended to edit this file directly.
$data merge entity $(bone_muzzleflash) {transformation: [0f,0f,0f,-0.2031f,0f,0f,0f,-0.7707f,0f,0f,0f,0.4f,0f,0f,0f,1f],start_interpolation: 0,interpolation_duration: 1}
$data merge entity $(bone_slide) {transformation: [-0.9915f,0.1297f,0.0006f,-0.026f,0.1297f,0.9909f,0.0373f,-0.3174f,0.0043f,0.0371f,-0.9993f,0.5942f,0f,0f,0f,1f],start_interpolation: 0,interpolation_duration: 1}
$data merge entity $(bone_barrel) {transformation: [-0.9915f,0.1297f,0.0006f,0.072f,0.1297f,0.9909f,0.0373f,-0.4118f,0.0043f,0.0371f,-0.9993f,0.5907f,0f,0f,0f,1f],start_interpolation: 0,interpolation_duration: 1}
$data merge entity $(bone_magazine) {transformation: [-0.9915f,0.1297f,0.0006f,-0.0432f,0.1297f,0.9909f,0.0373f,-0.4423f,0.0043f,0.0371f,-0.9993f,0.3924f,0f,0f,0f,1f],start_interpolation: 0,interpolation_duration: 1}
$data merge entity $(bone_grip) {transformation: [-0.9915f,0.1297f,0.0006f,-0.0432f,0.1297f,0.9909f,0.0373f,-0.4423f,0.0043f,0.0371f,-0.9993f,0.3924f,0f,0f,0f,1f],start_interpolation: 0,interpolation_duration: 1}
$data merge entity $(bone_trigger) {transformation: [-0.9915f,0.1297f,0.0006f,-0.0427f,0.1297f,0.9909f,0.0373f,-0.4391f,0.0043f,0.0371f,-0.9993f,0.4232f,0f,0f,0f,1f],start_interpolation: 0,interpolation_duration: 1}
$data merge entity $(bone_trigger_gaurd) {transformation: [-0.9915f,0.1297f,0.0006f,-0.0389f,0.1297f,0.9909f,0.0373f,-0.4117f,0.0043f,0.0371f,-0.9993f,0.4567f,0f,0f,0f,1f],start_interpolation: 0,interpolation_duration: 1}
$data merge entity $(bone_right_arm) {transformation: [-0.9915f,0.0006f,-0.1297f,-0.0799f,0.1297f,0.0373f,-0.9909f,-0.4466f,0.0043f,-0.9993f,-0.0371f,0.0639f,0f,0f,0f,1f],start_interpolation: 0,interpolation_duration: 1}
$data merge entity $(bone_magazine1) {transformation: [0f,0f,0f,-0.097f,0f,0f,0f,-0.3753f,0f,0f,0f,0.4172f,0f,0f,0f,1f],start_interpolation: 0,interpolation_duration: 1}
$data merge entity $(bone_left_arm) {transformation: [-0.8498f,0.4048f,0.3376f,0.0978f,-0.3442f,0.0587f,-0.937f,-0.461f,-0.3991f,-0.9125f,0.0895f,0.0761f,0f,0f,0f,1f],start_interpolation: 0,interpolation_duration: 1}
data modify entity @s data merge value {"cameras":{},"locators":{"barrel1":{"px":-0.05487037741672042,"py":-0.37483913321935913,"pz":0.7546154934656397,"ry":0.031607076851145166,"rx":2.139168859941444}}}