# This file was generated by Animated Java via MC-Build. It is not recommended to edit this file directly.
$data merge entity $(bone_muzzleflash) {transformation: [0f,0f,0f,-0.2024f,0f,0f,0f,-0.7712f,0f,0f,0f,0.4f,0f,0f,0f,1f],start_interpolation: 0,interpolation_duration: 1}
$data merge entity $(bone_slide) {transformation: [-0.992f,0.126f,-0.0005f,-0.0269f,0.1259f,0.9914f,0.035f,-0.3168f,0.0049f,0.0347f,-0.9994f,0.593f,0f,0f,0f,1f],start_interpolation: 0,interpolation_duration: 1}
$data merge entity $(bone_barrel) {transformation: [-0.992f,0.126f,-0.0005f,0.0714f,0.1259f,0.9914f,0.035f,-0.4109f,0.0049f,0.0347f,-0.9994f,0.5896f,0f,0f,0f,1f],start_interpolation: 0,interpolation_duration: 1}
$data merge entity $(bone_magazine) {transformation: [-0.992f,0.126f,-0.0005f,-0.0439f,0.1259f,0.9914f,0.035f,-0.4423f,0.0049f,0.0347f,-0.9994f,0.3915f,0f,0f,0f,1f],start_interpolation: 0,interpolation_duration: 1}
$data merge entity $(bone_grip) {transformation: [-0.992f,0.126f,-0.0005f,-0.0439f,0.1259f,0.9914f,0.035f,-0.4423f,0.0049f,0.0347f,-0.9994f,0.3915f,0f,0f,0f,1f],start_interpolation: 0,interpolation_duration: 1}
$data merge entity $(bone_trigger) {transformation: [-0.992f,0.126f,-0.0005f,-0.0433f,0.1259f,0.9914f,0.035f,-0.439f,0.0049f,0.0347f,-0.9994f,0.4222f,0f,0f,0f,1f],start_interpolation: 0,interpolation_duration: 1}
$data merge entity $(bone_trigger_gaurd) {transformation: [-0.992f,0.126f,-0.0005f,-0.0396f,0.1259f,0.9914f,0.035f,-0.4115f,0.0049f,0.0347f,-0.9994f,0.4557f,0f,0f,0f,1f],start_interpolation: 0,interpolation_duration: 1}
$data merge entity $(bone_right_arm) {transformation: [-0.992f,-0.0005f,-0.126f,-0.0808f,0.1259f,0.035f,-0.9914f,-0.4475f,0.0049f,-0.9994f,-0.0347f,0.0631f,0f,0f,0f,1f],start_interpolation: 0,interpolation_duration: 1}
$data merge entity $(bone_magazine1) {transformation: [0f,0f,0f,-0.0979f,0f,0f,0f,-0.3754f,0f,0f,0f,0.4162f,0f,0f,0f,1f],start_interpolation: 0,interpolation_duration: 1}
$data merge entity $(bone_left_arm) {transformation: [-0.8489f,0.4037f,0.3412f,0.0969f,-0.3484f,0.0581f,-0.9355f,-0.4611f,-0.3975f,-0.913f,0.0913f,0.0751f,0f,0f,0f,1f],start_interpolation: 0,interpolation_duration: 1}
data modify entity @s data merge value {"cameras":{},"locators":{"barrel1":{"px":-0.055443382172460094,"py":-0.374010227264854,"pz":0.7535721130902941,"ry":359.9693399059115,"rx":2.0086148203776495}}}