# This file was generated by Animated Java via MC-Build. It is not recommended to edit this file directly.
$data merge entity $(bone_muzzleflash) {transformation: [0f,0f,0f,-0.2022f,0f,0f,0f,-0.7713f,0f,0f,0f,0.4f,0f,0f,0f,1f],start_interpolation: 0,interpolation_duration: 1}
$data merge entity $(bone_slide) {transformation: [-0.9922f,0.1247f,-0.001f,-0.0272f,0.1246f,0.9916f,0.034f,-0.3165f,0.0052f,0.0336f,-0.9994f,0.5924f,0f,0f,0f,1f],start_interpolation: 0,interpolation_duration: 1}
$data merge entity $(bone_barrel) {transformation: [-0.9922f,0.1247f,-0.001f,0.0712f,0.1246f,0.9916f,0.034f,-0.4104f,0.0052f,0.0336f,-0.9994f,0.5891f,0f,0f,0f,1f],start_interpolation: 0,interpolation_duration: 1}
$data merge entity $(bone_magazine) {transformation: [-0.9922f,0.1247f,-0.001f,-0.044f,0.1246f,0.9916f,0.034f,-0.4422f,0.0052f,0.0336f,-0.9994f,0.3911f,0f,0f,0f,1f],start_interpolation: 0,interpolation_duration: 1}
$data merge entity $(bone_grip) {transformation: [-0.9922f,0.1247f,-0.001f,-0.044f,0.1246f,0.9916f,0.034f,-0.4422f,0.0052f,0.0336f,-0.9994f,0.3911f,0f,0f,0f,1f],start_interpolation: 0,interpolation_duration: 1}
$data merge entity $(bone_trigger) {transformation: [-0.9922f,0.1247f,-0.001f,-0.0435f,0.1246f,0.9916f,0.034f,-0.4389f,0.0052f,0.0336f,-0.9994f,0.4218f,0f,0f,0f,1f],start_interpolation: 0,interpolation_duration: 1}
$data merge entity $(bone_trigger_gaurd) {transformation: [-0.9922f,0.1247f,-0.001f,-0.0398f,0.1246f,0.9916f,0.034f,-0.4114f,0.0052f,0.0336f,-0.9994f,0.4552f,0f,0f,0f,1f],start_interpolation: 0,interpolation_duration: 1}
$data merge entity $(bone_right_arm) {transformation: [-0.9922f,-0.001f,-0.1247f,-0.0811f,0.1246f,0.034f,-0.9916f,-0.4478f,0.0052f,-0.9994f,-0.0336f,0.0627f,0f,0f,0f,1f],start_interpolation: 0,interpolation_duration: 1}
$data merge entity $(bone_magazine1) {transformation: [0f,0f,0f,-0.0982f,0f,0f,0f,-0.3754f,0f,0f,0f,0.4157f,0f,0f,0f,1f],start_interpolation: 0,interpolation_duration: 1}
$data merge entity $(bone_left_arm) {transformation: [-0.8486f,0.4033f,0.3425f,0.0967f,-0.3499f,0.0577f,-0.935f,-0.4611f,-0.3968f,-0.9133f,0.0921f,0.0747f,0f,0f,0f,1f],start_interpolation: 0,interpolation_duration: 1}
data modify entity @s data merge value {"cameras":{},"locators":{"barrel1":{"px":-0.05556279053403423,"py":-0.3735479811605769,"pz":0.7531015574386901,"ry":359.9434833496899,"rx":1.949310924482584}}}