# This file was generated by Animated Java via MC-Build. It is not recommended to edit this file directly.
$data merge entity $(bone_muzzleflash) {transformation: [0f,0f,0f,-0.202f,0f,0f,0f,-0.8651f,0f,0f,0f,0.4f,0f,0f,0f,1f],start_interpolation: 0,interpolation_duration: 1}
$data merge entity $(bone_slide) {transformation: [-0.9923f,0.124f,-0.0012f,-0.0273f,0.1239f,0.9917f,0.0334f,-0.4101f,0.0054f,0.033f,-0.9994f,0.5921f,0f,0f,0f,1f],start_interpolation: 0,interpolation_duration: 1}
$data merge entity $(bone_barrel) {transformation: [-0.9923f,0.124f,-0.0012f,0.0712f,0.1239f,0.9917f,0.0334f,-0.5039f,0.0054f,0.033f,-0.9994f,0.5889f,0f,0f,0f,1f],start_interpolation: 0,interpolation_duration: 1}
$data merge entity $(bone_magazine) {transformation: [-0.9923f,0.124f,-0.0012f,-0.0441f,0.1239f,0.9917f,0.0334f,-0.5359f,0.0054f,0.033f,-0.9994f,0.3909f,0f,0f,0f,1f],start_interpolation: 0,interpolation_duration: 1}
$data merge entity $(bone_grip) {transformation: [-0.9923f,0.124f,-0.0012f,-0.0441f,0.1239f,0.9917f,0.0334f,-0.5359f,0.0054f,0.033f,-0.9994f,0.3909f,0f,0f,0f,1f],start_interpolation: 0,interpolation_duration: 1}
$data merge entity $(bone_trigger) {transformation: [-0.9923f,0.124f,-0.0012f,-0.0435f,0.1239f,0.9917f,0.0334f,-0.5325f,0.0054f,0.033f,-0.9994f,0.4216f,0f,0f,0f,1f],start_interpolation: 0,interpolation_duration: 1}
$data merge entity $(bone_trigger_gaurd) {transformation: [-0.9923f,0.124f,-0.0012f,-0.0399f,0.1239f,0.9917f,0.0334f,-0.505f,0.0054f,0.033f,-0.9994f,0.455f,0f,0f,0f,1f],start_interpolation: 0,interpolation_duration: 1}
$data merge entity $(bone_right_arm) {transformation: [-0.9923f,-0.0012f,-0.124f,-0.0813f,0.1239f,0.0334f,-0.9917f,-0.5417f,0.0054f,-0.9994f,-0.033f,0.0625f,0f,0f,0f,1f],start_interpolation: 0,interpolation_duration: 1}
$data merge entity $(bone_magazine1) {transformation: [0f,0f,0f,-0.0983f,0f,0f,0f,-0.4691f,0f,0f,0f,0.4155f,0f,0f,0f,1f],start_interpolation: 0,interpolation_duration: 1}
$data merge entity $(bone_left_arm) {transformation: [-0.8484f,0.403f,0.3432f,0.0965f,-0.3508f,0.0575f,-0.9347f,-0.5549f,-0.3964f,-0.9134f,0.0926f,0.0745f,0f,0f,0f,1f],start_interpolation: 0,interpolation_duration: 1}
data modify entity @s data merge value {"cameras":{},"locators":{"barrel1":{"px":-0.05561921805099963,"py":-0.46703404889875255,"pz":0.7528414671971753,"ry":359.929585572537,"rx":1.9164401440124759}}}