# This file was generated by Animated Java via MC-Build. It is not recommended to edit this file directly.
$data merge entity $(bone_muzzleflash) {transformation: [0f,0f,0f,-0.3269f,0f,0f,0f,-0.7401f,0f,0f,0f,0.4f,0f,0f,0f,1f],start_interpolation: 0,interpolation_duration: 1}
$data merge entity $(bone_slide) {transformation: [-0.9924f,0.1233f,-0.0015f,-0.1525f,0.1232f,0.9918f,0.0328f,-0.2849f,0.0055f,0.0324f,-0.9995f,0.5918f,0f,0f,0f,1f],start_interpolation: 0,interpolation_duration: 1}
$data merge entity $(bone_barrel) {transformation: [-0.9924f,0.1233f,-0.0015f,-0.0539f,0.1232f,0.9918f,0.0328f,-0.3786f,0.0055f,0.0324f,-0.9995f,0.5886f,0f,0f,0f,1f],start_interpolation: 0,interpolation_duration: 1}
$data merge entity $(bone_magazine) {transformation: [-0.9924f,0.1233f,-0.0015f,-0.1692f,0.1232f,0.9918f,0.0328f,-0.4108f,0.0055f,0.0324f,-0.9995f,0.3906f,0f,0f,0f,1f],start_interpolation: 0,interpolation_duration: 1}
$data merge entity $(bone_grip) {transformation: [-0.9924f,0.1233f,-0.0015f,-0.1692f,0.1232f,0.9918f,0.0328f,-0.4108f,0.0055f,0.0324f,-0.9995f,0.3906f,0f,0f,0f,1f],start_interpolation: 0,interpolation_duration: 1}
$data merge entity $(bone_trigger) {transformation: [-0.9924f,0.1233f,-0.0015f,-0.1686f,0.1232f,0.9918f,0.0328f,-0.4075f,0.0055f,0.0324f,-0.9995f,0.4214f,0f,0f,0f,1f],start_interpolation: 0,interpolation_duration: 1}
$data merge entity $(bone_trigger_gaurd) {transformation: [-0.9924f,0.1233f,-0.0015f,-0.165f,0.1232f,0.9918f,0.0328f,-0.3799f,0.0055f,0.0324f,-0.9995f,0.4547f,0f,0f,0f,1f],start_interpolation: 0,interpolation_duration: 1}
$data merge entity $(bone_right_arm) {transformation: [-0.9924f,-0.0015f,-0.1233f,-0.2064f,0.1232f,0.0328f,-0.9918f,-0.4168f,0.0055f,-0.9995f,-0.0324f,0.0623f,0f,0f,0f,1f],start_interpolation: 0,interpolation_duration: 1}
$data merge entity $(bone_magazine1) {transformation: [0f,0f,0f,-0.2235f,0f,0f,0f,-0.344f,0f,0f,0f,0.4152f,0f,0f,0f,1f],start_interpolation: 0,interpolation_duration: 1}
$data merge entity $(bone_left_arm) {transformation: [-0.8483f,0.4028f,0.3439f,-0.0286f,-0.3516f,0.0572f,-0.9344f,-0.4299f,-0.396f,-0.9135f,0.0931f,0.0742f,0f,0f,0f,1f],start_interpolation: 0,interpolation_duration: 1}
data modify entity @s data merge value {"cameras":{},"locators":{"barrel1":{"px":-0.18067455339543192,"py":-0.3417495167225553,"pz":0.7525658817480825,"ry":359.9151412252154,"rx":1.8815435070200648}}}