# This file was generated by Animated Java via MC-Build. It is not recommended to edit this file directly.
$data merge entity $(bone_muzzleflash) {transformation: [0f,0f,0f,-0.2019f,0f,0f,0f,-0.7714f,0f,0f,0f,0.4f,0f,0f,0f,1f],start_interpolation: 0,interpolation_duration: 1}
$data merge entity $(bone_slide) {transformation: [-0.9924f,0.1233f,-0.0015f,-0.0275f,0.1232f,0.9918f,0.0328f,-0.3161f,0.0055f,0.0324f,-0.9995f,0.5918f,0f,0f,0f,1f],start_interpolation: 0,interpolation_duration: 1}
$data merge entity $(bone_barrel) {transformation: [-0.9924f,0.1233f,-0.0015f,0.0711f,0.1232f,0.9918f,0.0328f,-0.4099f,0.0055f,0.0324f,-0.9995f,0.5886f,0f,0f,0f,1f],start_interpolation: 0,interpolation_duration: 1}
$data merge entity $(bone_magazine) {transformation: [-0.9924f,0.1233f,-0.0015f,-0.0442f,0.1232f,0.9918f,0.0328f,-0.442f,0.0055f,0.0324f,-0.9995f,0.3906f,0f,0f,0f,1f],start_interpolation: 0,interpolation_duration: 1}
$data merge entity $(bone_grip) {transformation: [-0.9924f,0.1233f,-0.0015f,-0.0442f,0.1232f,0.9918f,0.0328f,-0.442f,0.0055f,0.0324f,-0.9995f,0.3906f,0f,0f,0f,1f],start_interpolation: 0,interpolation_duration: 1}
$data merge entity $(bone_trigger) {transformation: [-0.9924f,0.1233f,-0.0015f,-0.0436f,0.1232f,0.9918f,0.0328f,-0.4387f,0.0055f,0.0324f,-0.9995f,0.4214f,0f,0f,0f,1f],start_interpolation: 0,interpolation_duration: 1}
$data merge entity $(bone_trigger_gaurd) {transformation: [-0.9924f,0.1233f,-0.0015f,-0.04f,0.1232f,0.9918f,0.0328f,-0.4111f,0.0055f,0.0324f,-0.9995f,0.4547f,0f,0f,0f,1f],start_interpolation: 0,interpolation_duration: 1}
$data merge entity $(bone_right_arm) {transformation: [-0.9924f,-0.0015f,-0.1233f,-0.0814f,0.1232f,0.0328f,-0.9918f,-0.4481f,0.0055f,-0.9995f,-0.0324f,0.0623f,0f,0f,0f,1f],start_interpolation: 0,interpolation_duration: 1}
$data merge entity $(bone_magazine1) {transformation: [0f,0f,0f,-0.0985f,0f,0f,0f,-0.3753f,0f,0f,0f,0.4152f,0f,0f,0f,1f],start_interpolation: 0,interpolation_duration: 1}
$data merge entity $(bone_left_arm) {transformation: [-0.8483f,0.4028f,0.3439f,0.0964f,-0.3516f,0.0572f,-0.9344f,-0.4612f,-0.396f,-0.9135f,0.0931f,0.0742f,0f,0f,0f,1f],start_interpolation: 0,interpolation_duration: 1}
data modify entity @s data merge value {"cameras":{},"locators":{"barrel1":{"px":-0.05567455339543196,"py":-0.3729995167225553,"pz":0.7525658817480825,"ry":359.9151412252154,"rx":1.8815435070200648}}}