# This file was generated by Animated Java via MC-Build. It is not recommended to edit this file directly.
$data merge entity $(bone_muzzleflash) {transformation: [0f,0f,0f,-0.2009f,0f,0f,0f,-0.7715f,0f,0f,0f,0.4f,0f,0f,0f,1f],start_interpolation: 0,interpolation_duration: 1}
$data merge entity $(bone_slide) {transformation: [-0.9929f,0.1187f,-0.0031f,-0.0283f,0.1186f,0.9925f,0.0285f,-0.3146f,0.0065f,0.028f,-0.9996f,0.5896f,0f,0f,0f,1f],start_interpolation: 0,interpolation_duration: 1}
$data merge entity $(bone_barrel) {transformation: [-0.9929f,0.1187f,-0.0031f,0.0707f,0.1186f,0.9925f,0.0285f,-0.4079f,0.0065f,0.028f,-0.9996f,0.5866f,0f,0f,0f,1f],start_interpolation: 0,interpolation_duration: 1}
$data merge entity $(bone_magazine) {transformation: [-0.9929f,0.1187f,-0.0031f,-0.0448f,0.1186f,0.9925f,0.0285f,-0.4415f,0.0065f,0.028f,-0.9996f,0.389f,0f,0f,0f,1f],start_interpolation: 0,interpolation_duration: 1}
$data merge entity $(bone_grip) {transformation: [-0.9929f,0.1187f,-0.0031f,-0.0448f,0.1186f,0.9925f,0.0285f,-0.4415f,0.0065f,0.028f,-0.9996f,0.389f,0f,0f,0f,1f],start_interpolation: 0,interpolation_duration: 1}
$data merge entity $(bone_trigger) {transformation: [-0.9929f,0.1187f,-0.0031f,-0.0442f,0.1186f,0.9925f,0.0285f,-0.438f,0.0065f,0.028f,-0.9996f,0.4197f,0f,0f,0f,1f],start_interpolation: 0,interpolation_duration: 1}
$data merge entity $(bone_trigger_gaurd) {transformation: [-0.9929f,0.1187f,-0.0031f,-0.0406f,0.1186f,0.9925f,0.0285f,-0.4103f,0.0065f,0.028f,-0.9996f,0.4529f,0f,0f,0f,1f],start_interpolation: 0,interpolation_duration: 1}
$data merge entity $(bone_right_arm) {transformation: [-0.9929f,-0.0031f,-0.1187f,-0.0825f,0.1186f,0.0285f,-0.9925f,-0.4491f,0.0065f,-0.9996f,-0.028f,0.0607f,0f,0f,0f,1f],start_interpolation: 0,interpolation_duration: 1}
$data merge entity $(bone_magazine1) {transformation: [0f,0f,0f,-0.0993f,0f,0f,0f,-0.3748f,0f,0f,0f,0.4133f,0f,0f,0f,1f],start_interpolation: 0,interpolation_duration: 1}
$data merge entity $(bone_left_arm) {transformation: [-0.8472f,0.4011f,0.3483f,0.0954f,-0.3572f,0.0552f,-0.9324f,-0.4613f,-0.3932f,-0.9144f,0.0966f,0.0724f,0f,0f,0f,1f],start_interpolation: 0,interpolation_duration: 1}
data modify entity @s data merge value {"cameras":{},"locators":{"barrel1":{"px":-0.056029123334548,"py":-0.3709132279624663,"pz":0.7506309914396343,"ry":359.8211596665999,"rx":1.6346908195871608}}}