# This file was generated by Animated Java via MC-Build. It is not recommended to edit this file directly.
$data merge entity $(muzzleflash) {transformation: [0f,0f,0f,-0.2008f,0f,0f,0f,-0.709f,0f,0f,0f,0.4f,0f,0f,0f,1f],start_interpolation: 0,interpolation_duration: 1}
$data merge entity $(slide) {transformation: [-0.993f,0.1179f,-0.0034f,-0.0285f,0.1178f,0.9927f,0.0277f,-0.2518f,0.0066f,0.0271f,-0.9996f,0.5892f,0f,0f,0f,1f],start_interpolation: 0,interpolation_duration: 1}
$data merge entity $(barrel) {transformation: [-0.993f,0.1179f,-0.0034f,0.0706f,0.1178f,0.9927f,0.0277f,-0.345f,0.0066f,0.0271f,-0.9996f,0.5862f,0f,0f,0f,1f],start_interpolation: 0,interpolation_duration: 1}
$data merge entity $(magazine) {transformation: [-0.993f,0.1179f,-0.0034f,-0.0449f,0.1178f,0.9927f,0.0277f,-0.3788f,0.0066f,0.0271f,-0.9996f,0.3887f,0f,0f,0f,1f],start_interpolation: 0,interpolation_duration: 1}
$data merge entity $(grip) {transformation: [-0.993f,0.1179f,-0.0034f,-0.0449f,0.1178f,0.9927f,0.0277f,-0.3788f,0.0066f,0.0271f,-0.9996f,0.3887f,0f,0f,0f,1f],start_interpolation: 0,interpolation_duration: 1}
$data merge entity $(trigger) {transformation: [-0.993f,0.1179f,-0.0034f,-0.0443f,0.1178f,0.9927f,0.0277f,-0.3753f,0.0066f,0.0271f,-0.9996f,0.4194f,0f,0f,0f,1f],start_interpolation: 0,interpolation_duration: 1}
$data merge entity $(trigger_gaurd) {transformation: [-0.993f,0.1179f,-0.0034f,-0.0408f,0.1178f,0.9927f,0.0277f,-0.3476f,0.0066f,0.0271f,-0.9996f,0.4526f,0f,0f,0f,1f],start_interpolation: 0,interpolation_duration: 1}
$data merge entity $(right_arm) {transformation: [-0.993f,-0.0034f,-0.1179f,-0.0826f,0.1178f,0.0277f,-0.9927f,-0.3868f,0.0066f,-0.9996f,-0.0271f,0.0604f,0f,0f,0f,1f],start_interpolation: 0,interpolation_duration: 1}
$data merge entity $(magazine1) {transformation: [0f,0f,0f,-0.0995f,0f,0f,0f,-0.3122f,0f,0f,0f,0.413f,0f,0f,0f,1f],start_interpolation: 0,interpolation_duration: 1}
$data merge entity $(left_arm) {transformation: [-0.847f,0.4009f,0.3491f,0.0952f,-0.3582f,0.0547f,-0.932f,-0.3988f,-0.3927f,-0.9145f,0.0972f,0.0721f,0f,0f,0f,1f],start_interpolation: 0,interpolation_duration: 1}
data modify entity @s data merge value {"cameras":{},"locators":{"barrel1":{"px":-0.05609948194957785,"py":-0.308011245086523,"pz":0.7502689710410455,"ry":359.8049647541168,"rx":1.5881533229063367}}}