# This file was generated by Animated Java via MC-Build. It is not recommended to edit this file directly.
$data merge entity $(bone_muzzleflash) {transformation: [0f,0f,0f,-0.2001f,0f,0f,0f,-0.8652f,0f,0f,0f,0.4f,0f,0f,0f,1f],start_interpolation: 0,interpolation_duration: 1}
$data merge entity $(bone_slide) {transformation: [-0.9934f,0.1146f,-0.0045f,-0.0292f,0.1144f,0.9931f,0.0243f,-0.4068f,0.0073f,0.0236f,-0.9997f,0.5874f,0f,0f,0f,1f],start_interpolation: 0,interpolation_duration: 1}
$data merge entity $(bone_barrel) {transformation: [-0.9934f,0.1146f,-0.0045f,0.0702f,0.1144f,0.9931f,0.0243f,-0.4997f,0.0073f,0.0236f,-0.9997f,0.5847f,0f,0f,0f,1f],start_interpolation: 0,interpolation_duration: 1}
$data merge entity $(bone_magazine) {transformation: [-0.9934f,0.1146f,-0.0045f,-0.0454f,0.1144f,0.9931f,0.0243f,-0.5346f,0.0073f,0.0236f,-0.9997f,0.3874f,0f,0f,0f,1f],start_interpolation: 0,interpolation_duration: 1}
$data merge entity $(bone_grip) {transformation: [-0.9934f,0.1146f,-0.0045f,-0.0454f,0.1144f,0.9931f,0.0243f,-0.5346f,0.0073f,0.0236f,-0.9997f,0.3874f,0f,0f,0f,1f],start_interpolation: 0,interpolation_duration: 1}
$data merge entity $(bone_trigger) {transformation: [-0.9934f,0.1146f,-0.0045f,-0.0447f,0.1144f,0.9931f,0.0243f,-0.531f,0.0073f,0.0236f,-0.9997f,0.4181f,0f,0f,0f,1f],start_interpolation: 0,interpolation_duration: 1}
$data merge entity $(bone_trigger_gaurd) {transformation: [-0.9934f,0.1146f,-0.0045f,-0.0413f,0.1144f,0.9931f,0.0243f,-0.5031f,0.0073f,0.0236f,-0.9997f,0.4512f,0f,0f,0f,1f],start_interpolation: 0,interpolation_duration: 1}
$data merge entity $(bone_right_arm) {transformation: [-0.9934f,-0.0045f,-0.1146f,-0.0834f,0.1144f,0.0243f,-0.9931f,-0.5437f,0.0073f,-0.9997f,-0.0236f,0.0592f,0f,0f,0f,1f],start_interpolation: 0,interpolation_duration: 1}
$data merge entity $(bone_magazine1) {transformation: [0f,0f,0f,-0.1001f,0f,0f,0f,-0.4681f,0f,0f,0f,0.4115f,0f,0f,0f,1f],start_interpolation: 0,interpolation_duration: 1}
$data merge entity $(bone_left_arm) {transformation: [-0.8462f,0.3997f,0.3524f,0.0945f,-0.3625f,0.053f,-0.9305f,-0.5552f,-0.3906f,-0.9151f,0.1001f,0.0707f,0f,0f,0f,1f],start_interpolation: 0,interpolation_duration: 1}
data modify entity @s data merge value {"cameras":{},"locators":{"barrel1":{"px":-0.056442060663087136,"py":-0.4625332183074705,"pz":0.7487369842235319,"ry":359.7413300372923,"rx":1.3899577144779705}}}