# This file was generated by Animated Java via MC-Build. It is not recommended to edit this file directly.
$data merge entity $(bone_muzzleflash) {transformation: [0f,0f,0f,-0.1996f,0f,0f,0f,-0.7089f,0f,0f,0f,0.4f,0f,0f,0f,1f],start_interpolation: 0,interpolation_duration: 1}
$data merge entity $(bone_slide) {transformation: [-0.9937f,0.112f,-0.0053f,-0.0298f,0.1119f,0.9935f,0.0215f,-0.2495f,0.0077f,0.0208f,-0.9998f,0.586f,0f,0f,0f,1f],start_interpolation: 0,interpolation_duration: 1}
$data merge entity $(bone_barrel) {transformation: [-0.9937f,0.112f,-0.0053f,0.0698f,0.1119f,0.9935f,0.0215f,-0.3422f,0.0077f,0.0208f,-0.9998f,0.5835f,0f,0f,0f,1f],start_interpolation: 0,interpolation_duration: 1}
$data merge entity $(bone_magazine) {transformation: [-0.9937f,0.112f,-0.0053f,-0.0458f,0.1119f,0.9935f,0.0215f,-0.3779f,0.0077f,0.0208f,-0.9998f,0.3863f,0f,0f,0f,1f],start_interpolation: 0,interpolation_duration: 1}
$data merge entity $(bone_grip) {transformation: [-0.9937f,0.112f,-0.0053f,-0.0458f,0.1119f,0.9935f,0.0215f,-0.3779f,0.0077f,0.0208f,-0.9998f,0.3863f,0f,0f,0f,1f],start_interpolation: 0,interpolation_duration: 1}
$data merge entity $(bone_trigger) {transformation: [-0.9937f,0.112f,-0.0053f,-0.0451f,0.1119f,0.9935f,0.0215f,-0.3742f,0.0077f,0.0208f,-0.9998f,0.4171f,0f,0f,0f,1f],start_interpolation: 0,interpolation_duration: 1}
$data merge entity $(bone_trigger_gaurd) {transformation: [-0.9937f,0.112f,-0.0053f,-0.0417f,0.1119f,0.9935f,0.0215f,-0.3462f,0.0077f,0.0208f,-0.9998f,0.4501f,0f,0f,0f,1f],start_interpolation: 0,interpolation_duration: 1}
$data merge entity $(bone_right_arm) {transformation: [-0.9937f,-0.0053f,-0.112f,-0.084f,0.1119f,0.0215f,-0.9935f,-0.3881f,0.0077f,-0.9998f,-0.0208f,0.0582f,0f,0f,0f,1f],start_interpolation: 0,interpolation_duration: 1}
$data merge entity $(bone_magazine1) {transformation: [0f,0f,0f,-0.1007f,0f,0f,0f,-0.3115f,0f,0f,0f,0.4103f,0f,0f,0f,1f],start_interpolation: 0,interpolation_duration: 1}
$data merge entity $(bone_left_arm) {transformation: [-0.8455f,0.399f,0.3549f,0.0939f,-0.3657f,0.0515f,-0.9293f,-0.399f,-0.389f,-0.9155f,0.1024f,0.0697f,0f,0f,0f,1f],start_interpolation: 0,interpolation_duration: 1}
data modify entity @s data merge value {"cameras":{},"locators":{"barrel1":{"px":-0.0567847662252785,"py":-0.3048876839467847,"pz":0.7475222666653563,"ry":359.69679670465086,"rx":1.231265515845157}}}