# This file was generated by Animated Java via MC-Build. It is not recommended to edit this file directly.
$data merge entity $(bone_muzzleflash) {transformation: [0f,0f,0f,-0.1995f,0f,0f,0f,-0.7088f,0f,0f,0f,0.4f,0f,0f,0f,1f],start_interpolation: 0,interpolation_duration: 1}
$data merge entity $(bone_slide) {transformation: [-0.9938f,0.1111f,-0.0055f,-0.03f,0.111f,0.9936f,0.0205f,-0.2492f,0.0078f,0.0198f,-0.9998f,0.5856f,0f,0f,0f,1f],start_interpolation: 0,interpolation_duration: 1}
$data merge entity $(bone_barrel) {transformation: [-0.9938f,0.1111f,-0.0055f,0.0697f,0.111f,0.9936f,0.0205f,-0.3417f,0.0078f,0.0198f,-0.9998f,0.5831f,0f,0f,0f,1f],start_interpolation: 0,interpolation_duration: 1}
$data merge entity $(bone_magazine) {transformation: [-0.9938f,0.1111f,-0.0055f,-0.0459f,0.111f,0.9936f,0.0205f,-0.3777f,0.0078f,0.0198f,-0.9998f,0.386f,0f,0f,0f,1f],start_interpolation: 0,interpolation_duration: 1}
$data merge entity $(bone_grip) {transformation: [-0.9938f,0.1111f,-0.0055f,-0.0459f,0.111f,0.9936f,0.0205f,-0.3777f,0.0078f,0.0198f,-0.9998f,0.386f,0f,0f,0f,1f],start_interpolation: 0,interpolation_duration: 1}
$data merge entity $(bone_trigger) {transformation: [-0.9938f,0.1111f,-0.0055f,-0.0453f,0.111f,0.9936f,0.0205f,-0.374f,0.0078f,0.0198f,-0.9998f,0.4167f,0f,0f,0f,1f],start_interpolation: 0,interpolation_duration: 1}
$data merge entity $(bone_trigger_gaurd) {transformation: [-0.9938f,0.1111f,-0.0055f,-0.0419f,0.111f,0.9936f,0.0205f,-0.346f,0.0078f,0.0198f,-0.9998f,0.4497f,0f,0f,0f,1f],start_interpolation: 0,interpolation_duration: 1}
$data merge entity $(bone_right_arm) {transformation: [-0.9938f,-0.0055f,-0.1111f,-0.0843f,0.111f,0.0205f,-0.9936f,-0.3883f,0.0078f,-0.9998f,-0.0198f,0.0579f,0f,0f,0f,1f],start_interpolation: 0,interpolation_duration: 1}
$data merge entity $(bone_magazine1) {transformation: [0f,0f,0f,-0.1009f,0f,0f,0f,-0.3113f,0f,0f,0f,0.41f,0f,0f,0f,1f],start_interpolation: 0,interpolation_duration: 1}
$data merge entity $(bone_left_arm) {transformation: [-0.8453f,0.3987f,0.3557f,0.0937f,-0.3669f,0.051f,-0.9289f,-0.399f,-0.3885f,-0.9157f,0.1032f,0.0693f,0f,0f,0f,1f],start_interpolation: 0,interpolation_duration: 1}
data modify entity @s data merge value {"cameras":{},"locators":{"barrel1":{"px":-0.05691937302477745,"py":-0.30440859566945805,"pz":0.7471091283072113,"ry":359.68293351520197,"rx":1.1769540861447625}}}