# This file was generated by Animated Java via MC-Build. It is not recommended to edit this file directly.
$data merge entity $(bone_muzzleflash) {transformation: [0f,0f,0f,-0.3242f,0f,0f,0f,-0.74f,0f,0f,0f,0.4f,0f,0f,0f,1f],start_interpolation: 0,interpolation_duration: 1}
$data merge entity $(bone_slide) {transformation: [-0.994f,0.1094f,-0.006f,-0.1555f,0.1093f,0.9938f,0.0186f,-0.2797f,0.008f,0.0179f,-0.9998f,0.5846f,0f,0f,0f,1f],start_interpolation: 0,interpolation_duration: 1}
$data merge entity $(bone_barrel) {transformation: [-0.994f,0.1094f,-0.006f,-0.0556f,0.1093f,0.9938f,0.0186f,-0.3721f,0.008f,0.0179f,-0.9998f,0.5823f,0f,0f,0f,1f],start_interpolation: 0,interpolation_duration: 1}
$data merge entity $(bone_magazine) {transformation: [-0.994f,0.1094f,-0.006f,-0.1712f,0.1093f,0.9938f,0.0186f,-0.4087f,0.008f,0.0179f,-0.9998f,0.3853f,0f,0f,0f,1f],start_interpolation: 0,interpolation_duration: 1}
$data merge entity $(bone_grip) {transformation: [-0.994f,0.1094f,-0.006f,-0.1712f,0.1093f,0.9938f,0.0186f,-0.4087f,0.008f,0.0179f,-0.9998f,0.3853f,0f,0f,0f,1f],start_interpolation: 0,interpolation_duration: 1}
$data merge entity $(bone_trigger) {transformation: [-0.994f,0.1094f,-0.006f,-0.1706f,0.1093f,0.9938f,0.0186f,-0.4049f,0.008f,0.0179f,-0.9998f,0.416f,0f,0f,0f,1f],start_interpolation: 0,interpolation_duration: 1}
$data merge entity $(bone_trigger_gaurd) {transformation: [-0.994f,0.1094f,-0.006f,-0.1672f,0.1093f,0.9938f,0.0186f,-0.3768f,0.008f,0.0179f,-0.9998f,0.449f,0f,0f,0f,1f],start_interpolation: 0,interpolation_duration: 1}
$data merge entity $(bone_right_arm) {transformation: [-0.994f,-0.006f,-0.1094f,-0.2097f,0.1093f,0.0186f,-0.9938f,-0.4199f,0.008f,-0.9998f,-0.0179f,0.0572f,0f,0f,0f,1f],start_interpolation: 0,interpolation_duration: 1}
$data merge entity $(bone_magazine1) {transformation: [0f,0f,0f,-0.2263f,0f,0f,0f,-0.3423f,0f,0f,0f,0.4092f,0f,0f,0f,1f],start_interpolation: 0,interpolation_duration: 1}
$data merge entity $(bone_left_arm) {transformation: [-0.8448f,0.3982f,0.3574f,-0.0317f,-0.3691f,0.0499f,-0.928f,-0.4303f,-0.3874f,-0.9159f,0.1048f,0.0686f,0f,0f,0f,1f],start_interpolation: 0,interpolation_duration: 1}
data modify entity @s data merge value {"cameras":{},"locators":{"barrel1":{"px":-0.18222358561746704,"py":-0.3346852008523991,"pz":0.7462753593945698,"ry":359.65709073970856,"rx":1.0667766009849813}}}