# This file was generated by Animated Java via MC-Build. It is not recommended to edit this file directly.
$data merge entity $(bone_muzzleflash) {transformation: [0f,0f,0f,-0.3241f,0f,0f,0f,-0.74f,0f,0f,0f,0.4f,0f,0f,0f,1f],start_interpolation: 0,interpolation_duration: 1}
$data merge entity $(bone_slide) {transformation: [-0.9941f,0.1085f,-0.0062f,-0.1557f,0.1084f,0.994f,0.0176f,-0.2793f,0.0081f,0.0169f,-0.9998f,0.5841f,0f,0f,0f,1f],start_interpolation: 0,interpolation_duration: 1}
$data merge entity $(bone_barrel) {transformation: [-0.9941f,0.1085f,-0.0062f,-0.0558f,0.1084f,0.994f,0.0176f,-0.3716f,0.0081f,0.0169f,-0.9998f,0.5819f,0f,0f,0f,1f],start_interpolation: 0,interpolation_duration: 1}
$data merge entity $(bone_magazine) {transformation: [-0.9941f,0.1085f,-0.0062f,-0.1714f,0.1084f,0.994f,0.0176f,-0.4085f,0.0081f,0.0169f,-0.9998f,0.385f,0f,0f,0f,1f],start_interpolation: 0,interpolation_duration: 1}
$data merge entity $(bone_grip) {transformation: [-0.9941f,0.1085f,-0.0062f,-0.1714f,0.1084f,0.994f,0.0176f,-0.4085f,0.0081f,0.0169f,-0.9998f,0.385f,0f,0f,0f,1f],start_interpolation: 0,interpolation_duration: 1}
$data merge entity $(bone_trigger) {transformation: [-0.9941f,0.1085f,-0.0062f,-0.1708f,0.1084f,0.994f,0.0176f,-0.4047f,0.0081f,0.0169f,-0.9998f,0.4156f,0f,0f,0f,1f],start_interpolation: 0,interpolation_duration: 1}
$data merge entity $(bone_trigger_gaurd) {transformation: [-0.9941f,0.1085f,-0.0062f,-0.1674f,0.1084f,0.994f,0.0176f,-0.3766f,0.0081f,0.0169f,-0.9998f,0.4486f,0f,0f,0f,1f],start_interpolation: 0,interpolation_duration: 1}
$data merge entity $(bone_right_arm) {transformation: [-0.9941f,-0.0062f,-0.1085f,-0.2099f,0.1084f,0.0176f,-0.994f,-0.4201f,0.0081f,-0.9998f,-0.0169f,0.0569f,0f,0f,0f,1f],start_interpolation: 0,interpolation_duration: 1}
$data merge entity $(bone_magazine1) {transformation: [0f,0f,0f,-0.2266f,0f,0f,0f,-0.3422f,0f,0f,0f,0.4087f,0f,0f,0f,1f],start_interpolation: 0,interpolation_duration: 1}
$data merge entity $(bone_left_arm) {transformation: [-0.8445f,0.398f,0.3582f,-0.0319f,-0.3702f,0.0494f,-0.9276f,-0.4304f,-0.3869f,-0.916f,0.1056f,0.0682f,0f,0f,0f,1f],start_interpolation: 0,interpolation_duration: 1}
data modify entity @s data merge value {"cameras":{},"locators":{"barrel1":{"px":-0.18239464891806764,"py":-0.3341927689299887,"pz":0.7458563557653437,"ry":359.6452464319068,"rx":1.0111003949839834}}}