# This file was generated by Animated Java via MC-Build. It is not recommended to edit this file directly.
$data merge entity $(bone_muzzleflash) {transformation: [0f,0f,0f,-0.3239f,0f,0f,0f,-0.7399f,0f,0f,0f,0.4f,0f,0f,0f,1f],start_interpolation: 0,interpolation_duration: 1}
$data merge entity $(bone_slide) {transformation: [-0.9943f,0.1068f,-0.0066f,-0.1563f,0.1066f,0.9942f,0.0157f,-0.2786f,0.0082f,0.0149f,-0.9999f,0.5832f,0f,0f,0f,1f],start_interpolation: 0,interpolation_duration: 1}
$data merge entity $(bone_barrel) {transformation: [-0.9943f,0.1068f,-0.0066f,-0.0561f,0.1066f,0.9942f,0.0157f,-0.3707f,0.0082f,0.0149f,-0.9999f,0.5811f,0f,0f,0f,1f],start_interpolation: 0,interpolation_duration: 1}
$data merge entity $(bone_magazine) {transformation: [-0.9943f,0.1068f,-0.0066f,-0.1718f,0.1066f,0.9942f,0.0157f,-0.4082f,0.0082f,0.0149f,-0.9999f,0.3843f,0f,0f,0f,1f],start_interpolation: 0,interpolation_duration: 1}
$data merge entity $(bone_grip) {transformation: [-0.9943f,0.1068f,-0.0066f,-0.1718f,0.1066f,0.9942f,0.0157f,-0.4082f,0.0082f,0.0149f,-0.9999f,0.3843f,0f,0f,0f,1f],start_interpolation: 0,interpolation_duration: 1}
$data merge entity $(bone_trigger) {transformation: [-0.9943f,0.1068f,-0.0066f,-0.1711f,0.1066f,0.9942f,0.0157f,-0.4044f,0.0082f,0.0149f,-0.9999f,0.4149f,0f,0f,0f,1f],start_interpolation: 0,interpolation_duration: 1}
$data merge entity $(bone_trigger_gaurd) {transformation: [-0.9943f,0.1068f,-0.0066f,-0.1678f,0.1066f,0.9942f,0.0157f,-0.3762f,0.0082f,0.0149f,-0.9999f,0.4478f,0f,0f,0f,1f],start_interpolation: 0,interpolation_duration: 1}
$data merge entity $(bone_right_arm) {transformation: [-0.9943f,-0.0066f,-0.1068f,-0.2104f,0.1066f,0.0157f,-0.9942f,-0.4205f,0.0082f,-0.9999f,-0.0149f,0.0562f,0f,0f,0f,1f],start_interpolation: 0,interpolation_duration: 1}
$data merge entity $(bone_magazine1) {transformation: [0f,0f,0f,-0.227f,0f,0f,0f,-0.342f,0f,0f,0f,0.4079f,0f,0f,0f,1f],start_interpolation: 0,interpolation_duration: 1}
$data merge entity $(bone_left_arm) {transformation: [-0.844f,0.3976f,0.3599f,-0.0324f,-0.3725f,0.0483f,-0.9268f,-0.4304f,-0.3859f,-0.9163f,0.1073f,0.0675f,0f,0f,0f,1f],start_interpolation: 0,interpolation_duration: 1}
data modify entity @s data merge value {"cameras":{},"locators":{"barrel1":{"px":-0.18277828417649677,"py":-0.3332011044582139,"pz":0.7450181947437815,"ry":359.62404587617357,"rx":0.8990498183849093}}}