# This file was generated by Animated Java via MC-Build. It is not recommended to edit this file directly.
$data merge entity $(bone_muzzleflash) {transformation: [0f,0f,0f,-0.2031f,0f,0f,0f,-0.756f,0f,0f,0f,0.3907f,0f,0f,0f,1f],start_interpolation: 0,interpolation_duration: 1}
$data merge entity $(bone_slide) {transformation: [-0.995f,0.1001f,-0.0012f,-0.0396f,0.1001f,0.9948f,-0.0205f,-0.2872f,-0.0009f,-0.0205f,-0.9998f,0.558f,0f,0f,0f,1f],start_interpolation: 0,interpolation_duration: 1}
$data merge entity $(bone_barrel) {transformation: [-0.995f,0.1001f,-0.0012f,0.0611f,0.1001f,0.9948f,-0.0205f,-0.3787f,-0.0009f,-0.0205f,-0.9998f,0.5597f,0f,0f,0f,1f],start_interpolation: 0,interpolation_duration: 1}
$data merge entity $(bone_magazine) {transformation: [-0.995f,0.1001f,-0.0012f,-0.0532f,0.1001f,0.9948f,-0.0205f,-0.4241f,-0.0009f,-0.0205f,-0.9998f,0.3638f,0f,0f,0f,1f],start_interpolation: 0,interpolation_duration: 1}
$data merge entity $(bone_grip) {transformation: [-0.995f,0.1001f,-0.0012f,-0.0532f,0.1001f,0.9948f,-0.0205f,-0.4241f,-0.0009f,-0.0205f,-0.9998f,0.3638f,0f,0f,0f,1f],start_interpolation: 0,interpolation_duration: 1}
$data merge entity $(bone_trigger) {transformation: [-0.995f,0.1001f,-0.0012f,-0.0527f,0.1001f,0.9948f,-0.0205f,-0.4191f,-0.0009f,-0.0205f,-0.9998f,0.3943f,0f,0f,0f,1f],start_interpolation: 0,interpolation_duration: 1}
$data merge entity $(bone_trigger_gaurd) {transformation: [-0.995f,0.1001f,-0.0012f,-0.0498f,0.1001f,0.9948f,-0.0205f,-0.3897f,-0.0009f,-0.0205f,-0.9998f,0.4262f,0f,0f,0f,1f],start_interpolation: 0,interpolation_duration: 1}
$data merge entity $(bone_right_arm) {transformation: [-0.995f,-0.0012f,-0.1001f,-0.0899f,0.1001f,-0.0205f,-0.9948f,-0.4484f,-0.0009f,-0.9998f,0.0205f,0.0362f,0f,0f,0f,1f],start_interpolation: 0,interpolation_duration: 1}
$data merge entity $(bone_magazine1) {transformation: [0f,0f,0f,-0.109f,0f,0f,0f,-0.3573f,0f,0f,0f,0.3848f,0f,0f,0f,1f],start_interpolation: 0,interpolation_duration: 1}
$data merge entity $(bone_left_arm) {transformation: [-0.8394f,0.4023f,0.3655f,0.0881f,-0.3919f,0.0179f,-0.9198f,-0.4567f,-0.3766f,-0.9153f,0.1427f,0.0488f,0f,0f,0f,1f],start_interpolation: 0,interpolation_duration: 1}
data modify entity @s data merge value {"cameras":{},"locators":{"barrel1":{"px":-0.06662285969281115,"py":-0.33610507513710136,"pz":0.7215439621162882,"ry":359.93164500620145,"rx":-1.1762435448362998}}}