# This file was generated by Animated Java via MC-Build. It is not recommended to edit this file directly.
$data merge entity $(bone_muzzleflash) {transformation: [0f,0f,0f,-0.3238f,0f,0f,0f,-0.7399f,0f,0f,0f,0.4f,0f,0f,0f,1f],start_interpolation: 0,interpolation_duration: 1}
$data merge entity $(bone_slide) {transformation: [-0.9944f,0.1059f,-0.0067f,-0.1565f,0.1058f,0.9943f,0.0147f,-0.2783f,0.0082f,0.0139f,-0.9999f,0.5827f,0f,0f,0f,1f],start_interpolation: 0,interpolation_duration: 1}
$data merge entity $(bone_barrel) {transformation: [-0.9944f,0.1059f,-0.0067f,-0.0564f,0.1058f,0.9943f,0.0147f,-0.3703f,0.0082f,0.0139f,-0.9999f,0.5807f,0f,0f,0f,1f],start_interpolation: 0,interpolation_duration: 1}
$data merge entity $(bone_magazine) {transformation: [-0.9944f,0.1059f,-0.0067f,-0.172f,0.1058f,0.9943f,0.0147f,-0.4081f,0.0082f,0.0139f,-0.9999f,0.3839f,0f,0f,0f,1f],start_interpolation: 0,interpolation_duration: 1}
$data merge entity $(bone_grip) {transformation: [-0.9944f,0.1059f,-0.0067f,-0.172f,0.1058f,0.9943f,0.0147f,-0.4081f,0.0082f,0.0139f,-0.9999f,0.3839f,0f,0f,0f,1f],start_interpolation: 0,interpolation_duration: 1}
$data merge entity $(bone_trigger) {transformation: [-0.9944f,0.1059f,-0.0067f,-0.1713f,0.1058f,0.9943f,0.0147f,-0.4042f,0.0082f,0.0139f,-0.9999f,0.4146f,0f,0f,0f,1f],start_interpolation: 0,interpolation_duration: 1}
$data merge entity $(bone_trigger_gaurd) {transformation: [-0.9944f,0.1059f,-0.0067f,-0.1681f,0.1058f,0.9943f,0.0147f,-0.3759f,0.0082f,0.0139f,-0.9999f,0.4474f,0f,0f,0f,1f],start_interpolation: 0,interpolation_duration: 1}
$data merge entity $(bone_right_arm) {transformation: [-0.9944f,-0.0067f,-0.1059f,-0.2106f,0.1058f,0.0147f,-0.9943f,-0.4207f,0.0082f,-0.9999f,-0.0139f,0.0559f,0f,0f,0f,1f],start_interpolation: 0,interpolation_duration: 1}
$data merge entity $(bone_magazine1) {transformation: [0f,0f,0f,-0.2273f,0f,0f,0f,-0.3418f,0f,0f,0f,0.4075f,0f,0f,0f,1f],start_interpolation: 0,interpolation_duration: 1}
$data merge entity $(bone_left_arm) {transformation: [-0.8437f,0.3974f,0.3607f,-0.0326f,-0.3736f,0.0478f,-0.9264f,-0.4305f,-0.3854f,-0.9164f,0.1082f,0.0672f,0f,0f,0f,1f],start_interpolation: 0,interpolation_duration: 1}
data modify entity @s data merge value {"cameras":{},"locators":{"barrel1":{"px":-0.18299227463143178,"py":-0.3327037315566551,"pz":0.7446006779901849,"ry":359.6148214562536,"rx":0.8428669678767517}}}