# This file was generated by Animated Java via MC-Build. It is not recommended to edit this file directly.
$data merge entity $(bone_muzzleflash) {transformation: [0f,0f,0f,-0.1986f,0f,0f,0f,-0.7711f,0f,0f,0f,0.4f,0f,0f,0f,1f],start_interpolation: 0,interpolation_duration: 1}
$data merge entity $(bone_slide) {transformation: [-0.9945f,0.1042f,-0.007f,-0.0322f,0.1041f,0.9945f,0.0128f,-0.3088f,0.0083f,0.012f,-0.9999f,0.5818f,0f,0f,0f,1f],start_interpolation: 0,interpolation_duration: 1}
$data merge entity $(bone_barrel) {transformation: [-0.9945f,0.1042f,-0.007f,0.0682f,0.1041f,0.9945f,0.0128f,-0.4007f,0.0083f,0.012f,-0.9999f,0.5799f,0f,0f,0f,1f],start_interpolation: 0,interpolation_duration: 1}
$data merge entity $(bone_magazine) {transformation: [-0.9945f,0.1042f,-0.007f,-0.0474f,0.1041f,0.9945f,0.0128f,-0.439f,0.0083f,0.012f,-0.9999f,0.3832f,0f,0f,0f,1f],start_interpolation: 0,interpolation_duration: 1}
$data merge entity $(bone_grip) {transformation: [-0.9945f,0.1042f,-0.007f,-0.0474f,0.1041f,0.9945f,0.0128f,-0.439f,0.0083f,0.012f,-0.9999f,0.3832f,0f,0f,0f,1f],start_interpolation: 0,interpolation_duration: 1}
$data merge entity $(bone_trigger) {transformation: [-0.9945f,0.1042f,-0.007f,-0.0468f,0.1041f,0.9945f,0.0128f,-0.4351f,0.0083f,0.012f,-0.9999f,0.4139f,0f,0f,0f,1f],start_interpolation: 0,interpolation_duration: 1}
$data merge entity $(bone_trigger_gaurd) {transformation: [-0.9945f,0.1042f,-0.007f,-0.0435f,0.1041f,0.9945f,0.0128f,-0.4067f,0.0083f,0.012f,-0.9999f,0.4467f,0f,0f,0f,1f],start_interpolation: 0,interpolation_duration: 1}
$data merge entity $(bone_right_arm) {transformation: [-0.9945f,-0.007f,-0.1042f,-0.0861f,0.1041f,0.0128f,-0.9945f,-0.4523f,0.0083f,-0.9999f,-0.012f,0.0553f,0f,0f,0f,1f],start_interpolation: 0,interpolation_duration: 1}
$data merge entity $(bone_magazine1) {transformation: [0f,0f,0f,-0.1028f,0f,0f,0f,-0.3728f,0f,0f,0f,0.4067f,0f,0f,0f,1f],start_interpolation: 0,interpolation_duration: 1}
$data merge entity $(bone_left_arm) {transformation: [-0.8432f,0.3971f,0.3624f,0.0919f,-0.3758f,0.0467f,-0.9255f,-0.4618f,-0.3845f,-0.9166f,0.1099f,0.0665f,0f,0f,0f,1f],start_interpolation: 0,interpolation_duration: 1}
data modify entity @s data merge value {"cameras":{},"locators":{"barrel1":{"px":-0.05846810041534564,"py":-0.3629605331010316,"pz":0.7437728900785271,"ry":359.5994495708503,"rx":0.7306668397617037}}}