# This file was generated by Animated Java via MC-Build. It is not recommended to edit this file directly.
$data merge entity $(bone_muzzleflash) {transformation: [0f,0f,0f,-0.1986f,0f,0f,0f,-0.8648f,0f,0f,0f,0.4f,0f,0f,0f,1f],start_interpolation: 0,interpolation_duration: 1}
$data merge entity $(bone_slide) {transformation: [-0.9946f,0.1033f,-0.0071f,-0.0325f,0.1032f,0.9946f,0.0118f,-0.4022f,0.0083f,0.011f,-0.9999f,0.5813f,0f,0f,0f,1f],start_interpolation: 0,interpolation_duration: 1}
$data merge entity $(bone_barrel) {transformation: [-0.9946f,0.1033f,-0.0071f,0.0679f,0.1032f,0.9946f,0.0118f,-0.494f,0.0083f,0.011f,-0.9999f,0.5795f,0f,0f,0f,1f],start_interpolation: 0,interpolation_duration: 1}
$data merge entity $(bone_magazine) {transformation: [-0.9946f,0.1033f,-0.0071f,-0.0477f,0.1032f,0.9946f,0.0118f,-0.5326f,0.0083f,0.011f,-0.9999f,0.3829f,0f,0f,0f,1f],start_interpolation: 0,interpolation_duration: 1}
$data merge entity $(bone_grip) {transformation: [-0.9946f,0.1033f,-0.0071f,-0.0477f,0.1032f,0.9946f,0.0118f,-0.5326f,0.0083f,0.011f,-0.9999f,0.3829f,0f,0f,0f,1f],start_interpolation: 0,interpolation_duration: 1}
$data merge entity $(bone_trigger) {transformation: [-0.9946f,0.1033f,-0.0071f,-0.047f,0.1032f,0.9946f,0.0118f,-0.5286f,0.0083f,0.011f,-0.9999f,0.4136f,0f,0f,0f,1f],start_interpolation: 0,interpolation_duration: 1}
$data merge entity $(bone_trigger_gaurd) {transformation: [-0.9946f,0.1033f,-0.0071f,-0.0438f,0.1032f,0.9946f,0.0118f,-0.5003f,0.0083f,0.011f,-0.9999f,0.4463f,0f,0f,0f,1f],start_interpolation: 0,interpolation_duration: 1}
$data merge entity $(bone_right_arm) {transformation: [-0.9946f,-0.0071f,-0.1033f,-0.0864f,0.1032f,0.0118f,-0.9946f,-0.5463f,0.0083f,-0.9999f,-0.011f,0.0549f,0f,0f,0f,1f],start_interpolation: 0,interpolation_duration: 1}
$data merge entity $(bone_magazine1) {transformation: [0f,0f,0f,-0.1031f,0f,0f,0f,-0.4664f,0f,0f,0f,0.4063f,0f,0f,0f,1f],start_interpolation: 0,interpolation_duration: 1}
$data merge entity $(bone_left_arm) {transformation: [-0.8429f,0.397f,0.3632f,0.0917f,-0.3769f,0.0461f,-0.9251f,-0.5556f,-0.384f,-0.9167f,0.1108f,0.0662f,0f,0f,0f,1f],start_interpolation: 0,interpolation_duration: 1}
data modify entity @s data merge value {"cameras":{},"locators":{"barrel1":{"px":-0.05873131730935091,"py":-0.4562165504894907,"pz":0.7433642724789591,"ry":359.59343048091284,"rx":0.6748425417048872}}}