# This file was generated by Animated Java via MC-Build. It is not recommended to edit this file directly.
$data merge entity $(muzzleflash) {transformation: [0f,0f,0f,-0.1985f,0f,0f,0f,-0.7084f,0f,0f,0f,0.4f,0f,0f,0f,1f],start_interpolation: 0,interpolation_duration: 1}
$data merge entity $(slide) {transformation: [-0.9949f,0.1008f,-0.0073f,-0.0335f,0.1007f,0.9949f,0.0089f,-0.2449f,0.0081f,0.0081f,-0.9999f,0.5799f,0f,0f,0f,1f],start_interpolation: 0,interpolation_duration: 1}
$data merge entity $(barrel) {transformation: [-0.9949f,0.1008f,-0.0073f,0.0671f,0.1007f,0.9949f,0.0089f,-0.3364f,0.0081f,0.0081f,-0.9999f,0.5784f,0f,0f,0f,1f],start_interpolation: 0,interpolation_duration: 1}
$data merge entity $(magazine) {transformation: [-0.9949f,0.1008f,-0.0073f,-0.0484f,0.1007f,0.9949f,0.0089f,-0.3759f,0.0081f,0.0081f,-0.9999f,0.3819f,0f,0f,0f,1f],start_interpolation: 0,interpolation_duration: 1}
$data merge entity $(grip) {transformation: [-0.9949f,0.1008f,-0.0073f,-0.0484f,0.1007f,0.9949f,0.0089f,-0.3759f,0.0081f,0.0081f,-0.9999f,0.3819f,0f,0f,0f,1f],start_interpolation: 0,interpolation_duration: 1}
$data merge entity $(trigger) {transformation: [-0.9949f,0.1008f,-0.0073f,-0.0478f,0.1007f,0.9949f,0.0089f,-0.3718f,0.0081f,0.0081f,-0.9999f,0.4126f,0f,0f,0f,1f],start_interpolation: 0,interpolation_duration: 1}
$data merge entity $(trigger_gaurd) {transformation: [-0.9949f,0.1008f,-0.0073f,-0.0446f,0.1007f,0.9949f,0.0089f,-0.3434f,0.0081f,0.0081f,-0.9999f,0.4453f,0f,0f,0f,1f],start_interpolation: 0,interpolation_duration: 1}
$data merge entity $(right_arm) {transformation: [-0.9949f,-0.0073f,-0.1008f,-0.0871f,0.1007f,0.0089f,-0.9949f,-0.3906f,0.0081f,-0.9999f,-0.0081f,0.054f,0f,0f,0f,1f],start_interpolation: 0,interpolation_duration: 1}
$data merge entity $(magazine1) {transformation: [0f,0f,0f,-0.104f,0f,0f,0f,-0.3098f,0f,0f,0f,0.4052f,0f,0f,0f,1f],start_interpolation: 0,interpolation_duration: 1}
$data merge entity $(left_arm) {transformation: [-0.842f,0.3967f,0.3656f,0.091f,-0.3801f,0.0445f,-0.9239f,-0.3994f,-0.3828f,-0.9168f,0.1133f,0.0653f,0f,0f,0f,1f],start_interpolation: 0,interpolation_duration: 1}
data modify entity @s data merge value {"cameras":{},"locators":{"barrel1":{"px":-0.05963035466117134,"py":-0.29850606446578704,"pz":0.7421694875179102,"ry":359.58279908415807,"rx":0.5096348820805279}}}