# This file was generated by Animated Java via MC-Build. It is not recommended to edit this file directly.
$data merge entity $(bone_muzzleflash) {transformation: [0f,0f,0f,-0.1985f,0f,0f,0f,-0.8646f,0f,0f,0f,0.4f,0f,0f,0f,1f],start_interpolation: 0,interpolation_duration: 1}
$data merge entity $(bone_slide) {transformation: [-0.995f,0.1f,-0.0073f,-0.0339f,0.0999f,0.995f,0.008f,-0.4008f,0.0081f,0.0072f,-0.9999f,0.5795f,0f,0f,0f,1f],start_interpolation: 0,interpolation_duration: 1}
$data merge entity $(bone_barrel) {transformation: [-0.995f,0.1f,-0.0073f,0.0668f,0.0999f,0.995f,0.008f,-0.4922f,0.0081f,0.0072f,-0.9999f,0.578f,0f,0f,0f,1f],start_interpolation: 0,interpolation_duration: 1}
$data merge entity $(bone_magazine) {transformation: [-0.995f,0.1f,-0.0073f,-0.0487f,0.0999f,0.995f,0.008f,-0.532f,0.0081f,0.0072f,-0.9999f,0.3816f,0f,0f,0f,1f],start_interpolation: 0,interpolation_duration: 1}
$data merge entity $(bone_grip) {transformation: [-0.995f,0.1f,-0.0073f,-0.0487f,0.0999f,0.995f,0.008f,-0.532f,0.0081f,0.0072f,-0.9999f,0.3816f,0f,0f,0f,1f],start_interpolation: 0,interpolation_duration: 1}
$data merge entity $(bone_trigger) {transformation: [-0.995f,0.1f,-0.0073f,-0.048f,0.0999f,0.995f,0.008f,-0.5279f,0.0081f,0.0072f,-0.9999f,0.4123f,0f,0f,0f,1f],start_interpolation: 0,interpolation_duration: 1}
$data merge entity $(bone_trigger_gaurd) {transformation: [-0.995f,0.1f,-0.0073f,-0.0449f,0.0999f,0.995f,0.008f,-0.4994f,0.0081f,0.0072f,-0.9999f,0.4449f,0f,0f,0f,1f],start_interpolation: 0,interpolation_duration: 1}
$data merge entity $(bone_right_arm) {transformation: [-0.995f,-0.0073f,-0.1f,-0.0874f,0.0999f,0.008f,-0.995f,-0.5471f,0.0081f,-0.9999f,-0.0072f,0.0537f,0f,0f,0f,1f],start_interpolation: 0,interpolation_duration: 1}
$data merge entity $(bone_magazine1) {transformation: [0f,0f,0f,-0.1044f,0f,0f,0f,-0.4659f,0f,0f,0f,0.4048f,0f,0f,0f,1f],start_interpolation: 0,interpolation_duration: 1}
$data merge entity $(bone_left_arm) {transformation: [-0.8417f,0.3967f,0.3663f,0.0907f,-0.3812f,0.044f,-0.9235f,-0.5557f,-0.3824f,-0.9169f,0.1142f,0.065f,0f,0f,0f,1f],start_interpolation: 0,interpolation_duration: 1}
data modify entity @s data merge value {"cameras":{},"locators":{"barrel1":{"px":-0.05996873514722041,"py":-0.45427942618767664,"pz":0.7417843595597158,"ry":359.58193807905775,"rx":0.4556445860967927}}}