# This file was generated by Animated Java via MC-Build. It is not recommended to edit this file directly.
$data merge entity $(bone_muzzleflash) {transformation: [0f,0f,0f,-0.3237f,0f,0f,0f,-0.7394f,0f,0f,0f,0.4f,0f,0f,0f,1f],start_interpolation: 0,interpolation_duration: 1}
$data merge entity $(bone_slide) {transformation: [-0.9953f,0.0968f,-0.0071f,-0.1606f,0.0968f,0.9953f,0.0043f,-0.2744f,0.0075f,0.0036f,-1f,0.5779f,0f,0f,0f,1f],start_interpolation: 0,interpolation_duration: 1}
$data merge entity $(bone_barrel) {transformation: [-0.9953f,0.0968f,-0.0071f,-0.0596f,0.0968f,0.9953f,0.0043f,-0.3656f,0.0075f,0.0036f,-1f,0.5768f,0f,0f,0f,1f],start_interpolation: 0,interpolation_duration: 1}
$data merge entity $(bone_magazine) {transformation: [-0.9953f,0.0968f,-0.0071f,-0.1749f,0.0968f,0.9953f,0.0043f,-0.4064f,0.0075f,0.0036f,-1f,0.3804f,0f,0f,0f,1f],start_interpolation: 0,interpolation_duration: 1}
$data merge entity $(bone_grip) {transformation: [-0.9953f,0.0968f,-0.0071f,-0.1749f,0.0968f,0.9953f,0.0043f,-0.4064f,0.0075f,0.0036f,-1f,0.3804f,0f,0f,0f,1f],start_interpolation: 0,interpolation_duration: 1}
$data merge entity $(bone_trigger) {transformation: [-0.9953f,0.0968f,-0.0071f,-0.1743f,0.0968f,0.9953f,0.0043f,-0.4022f,0.0075f,0.0036f,-1f,0.4111f,0f,0f,0f,1f],start_interpolation: 0,interpolation_duration: 1}
$data merge entity $(bone_trigger_gaurd) {transformation: [-0.9953f,0.0968f,-0.0071f,-0.1713f,0.0968f,0.9953f,0.0043f,-0.3736f,0.0075f,0.0036f,-1f,0.4436f,0f,0f,0f,1f],start_interpolation: 0,interpolation_duration: 1}
$data merge entity $(bone_right_arm) {transformation: [-0.9953f,-0.0071f,-0.0968f,-0.2135f,0.0968f,0.0043f,-0.9953f,-0.4228f,0.0075f,-1f,-0.0036f,0.0526f,0f,0f,0f,1f],start_interpolation: 0,interpolation_duration: 1}
$data merge entity $(bone_magazine1) {transformation: [0f,0f,0f,-0.2308f,0f,0f,0f,-0.3405f,0f,0f,0f,0.4034f,0f,0f,0f,1f],start_interpolation: 0,interpolation_duration: 1}
$data merge entity $(bone_left_arm) {transformation: [-0.8404f,0.3968f,0.3692f,-0.0354f,-0.3852f,0.0419f,-0.9219f,-0.4308f,-0.3812f,-0.917f,0.1176f,0.0639f,0f,0f,0f,1f],start_interpolation: 0,interpolation_duration: 1}
data modify entity @s data merge value {"cameras":{},"locators":{"barrel1":{"px":-0.1865334071079488,"py":-0.32744792928580313,"pz":0.7403318279336524,"ry":359.59353722764376,"rx":0.24767650174880773}}}