# This file was generated by Animated Java via MC-Build. It is not recommended to edit this file directly.
$data merge entity $(bone_muzzleflash) {transformation: [0f,0f,0f,-0.1988f,0f,0f,0f,-0.7707f,0f,0f,0f,0.4f,0f,0f,0f,1f],start_interpolation: 0,interpolation_duration: 1}
$data merge entity $(bone_slide) {transformation: [-0.9954f,0.0961f,-0.007f,-0.0361f,0.096f,0.9954f,0.0035f,-0.3054f,0.0073f,0.0028f,-1f,0.5775f,0f,0f,0f,1f],start_interpolation: 0,interpolation_duration: 1}
$data merge entity $(bone_barrel) {transformation: [-0.9954f,0.0961f,-0.007f,0.065f,0.096f,0.9954f,0.0035f,-0.3964f,0.0073f,0.0028f,-1f,0.5765f,0f,0f,0f,1f],start_interpolation: 0,interpolation_duration: 1}
$data merge entity $(bone_magazine) {transformation: [-0.9954f,0.0961f,-0.007f,-0.0503f,0.096f,0.9954f,0.0035f,-0.4375f,0.0073f,0.0028f,-1f,0.3802f,0f,0f,0f,1f],start_interpolation: 0,interpolation_duration: 1}
$data merge entity $(bone_grip) {transformation: [-0.9954f,0.0961f,-0.007f,-0.0503f,0.096f,0.9954f,0.0035f,-0.4375f,0.0073f,0.0028f,-1f,0.3802f,0f,0f,0f,1f],start_interpolation: 0,interpolation_duration: 1}
$data merge entity $(bone_trigger) {transformation: [-0.9954f,0.0961f,-0.007f,-0.0496f,0.096f,0.9954f,0.0035f,-0.4333f,0.0073f,0.0028f,-1f,0.4108f,0f,0f,0f,1f],start_interpolation: 0,interpolation_duration: 1}
$data merge entity $(bone_trigger_gaurd) {transformation: [-0.9954f,0.0961f,-0.007f,-0.0466f,0.096f,0.9954f,0.0035f,-0.4047f,0.0073f,0.0028f,-1f,0.4433f,0f,0f,0f,1f],start_interpolation: 0,interpolation_duration: 1}
$data merge entity $(bone_right_arm) {transformation: [-0.9954f,-0.007f,-0.0961f,-0.0888f,0.096f,0.0035f,-0.9954f,-0.4542f,0.0073f,-1f,-0.0028f,0.0523f,0f,0f,0f,1f],start_interpolation: 0,interpolation_duration: 1}
$data merge entity $(bone_magazine1) {transformation: [0f,0f,0f,-0.1062f,0f,0f,0f,-0.3716f,0f,0f,0f,0.4031f,0f,0f,0f,1f],start_interpolation: 0,interpolation_duration: 1}
$data merge entity $(bone_left_arm) {transformation: [-0.84f,0.3969f,0.3699f,0.0893f,-0.3862f,0.0414f,-0.9215f,-0.4621f,-0.381f,-0.9169f,0.1185f,0.0637f,0f,0f,0f,1f],start_interpolation: 0,interpolation_duration: 1}
data modify entity @s data merge value {"cameras":{},"locators":{"barrel1":{"px":-0.06198062888839667,"py":-0.35826330324813627,"pz":0.7399948868296842,"ry":359.6004979227323,"rx":0.19817088427860813}}}