# This file was generated by Animated Java via MC-Build. It is not recommended to edit this file directly.
$data merge entity $(bone_muzzleflash) {transformation: [0f,0f,0f,-0.324f,0f,0f,0f,-0.7393f,0f,0f,0f,0.4f,0f,0f,0f,1f],start_interpolation: 0,interpolation_duration: 1}
$data merge entity $(bone_slide) {transformation: [-0.9955f,0.0946f,-0.0066f,-0.1621f,0.0946f,0.9955f,0.0018f,-0.2735f,0.0068f,0.0012f,-1f,0.5768f,0f,0f,0f,1f],start_interpolation: 0,interpolation_duration: 1}
$data merge entity $(bone_barrel) {transformation: [-0.9955f,0.0946f,-0.0066f,-0.0609f,0.0946f,0.9955f,0.0018f,-0.3644f,0.0068f,0.0012f,-1f,0.5759f,0f,0f,0f,1f],start_interpolation: 0,interpolation_duration: 1}
$data merge entity $(bone_magazine) {transformation: [-0.9955f,0.0946f,-0.0066f,-0.176f,0.0946f,0.9955f,0.0018f,-0.406f,0.0068f,0.0012f,-1f,0.3797f,0f,0f,0f,1f],start_interpolation: 0,interpolation_duration: 1}
$data merge entity $(bone_grip) {transformation: [-0.9955f,0.0946f,-0.0066f,-0.176f,0.0946f,0.9955f,0.0018f,-0.406f,0.0068f,0.0012f,-1f,0.3797f,0f,0f,0f,1f],start_interpolation: 0,interpolation_duration: 1}
$data merge entity $(bone_trigger) {transformation: [-0.9955f,0.0946f,-0.0066f,-0.1754f,0.0946f,0.9955f,0.0018f,-0.4017f,0.0068f,0.0012f,-1f,0.4103f,0f,0f,0f,1f],start_interpolation: 0,interpolation_duration: 1}
$data merge entity $(bone_trigger_gaurd) {transformation: [-0.9955f,0.0946f,-0.0066f,-0.1724f,0.0946f,0.9955f,0.0018f,-0.3731f,0.0068f,0.0012f,-1f,0.4428f,0f,0f,0f,1f],start_interpolation: 0,interpolation_duration: 1}
$data merge entity $(bone_right_arm) {transformation: [-0.9955f,-0.0066f,-0.0946f,-0.2144f,0.0946f,0.0018f,-0.9955f,-0.4233f,0.0068f,-1f,-0.0012f,0.0518f,0f,0f,0f,1f],start_interpolation: 0,interpolation_duration: 1}
$data merge entity $(bone_magazine1) {transformation: [0f,0f,0f,-0.2321f,0f,0f,0f,-0.3401f,0f,0f,0f,0.4024f,0f,0f,0f,1f],start_interpolation: 0,interpolation_duration: 1}
$data merge entity $(bone_left_arm) {transformation: [-0.8394f,0.3971f,0.3712f,-0.0363f,-0.388f,0.0405f,-0.9208f,-0.4309f,-0.3807f,-0.9169f,0.1201f,0.0633f,0f,0f,0f,1f],start_interpolation: 0,interpolation_duration: 1}
data modify entity @s data merge value {"cameras":{},"locators":{"barrel1":{"px":-0.1879468717252684,"py":-0.3261781830434261,"pz":0.7393583211989141,"ry":359.61970660245726,"rx":0.10282704323416088}}}