# This file was generated by Animated Java via MC-Build. It is not recommended to edit this file directly.
$data merge entity $(bone_muzzleflash) {transformation: [0f,0f,0f,-0.3281f,0f,0f,0f,-0.7239f,0f,0f,0f,0.3908f,0f,0f,0f,1f],start_interpolation: 0,interpolation_duration: 1}
$data merge entity $(bone_slide) {transformation: [-0.9947f,0.1024f,-0.0012f,-0.1635f,0.1024f,0.9945f,-0.0207f,-0.2554f,-0.0009f,-0.0208f,-0.9998f,0.558f,0f,0f,0f,1f],start_interpolation: 0,interpolation_duration: 1}
$data merge entity $(bone_barrel) {transformation: [-0.9947f,0.1024f,-0.0012f,-0.0629f,0.1024f,0.9945f,-0.0207f,-0.3471f,-0.0009f,-0.0208f,-0.9998f,0.5597f,0f,0f,0f,1f],start_interpolation: 0,interpolation_duration: 1}
$data merge entity $(bone_magazine) {transformation: [-0.9947f,0.1024f,-0.0012f,-0.1774f,0.1024f,0.9945f,-0.0207f,-0.3923f,-0.0009f,-0.0208f,-0.9998f,0.3638f,0f,0f,0f,1f],start_interpolation: 0,interpolation_duration: 1}
$data merge entity $(bone_grip) {transformation: [-0.9947f,0.1024f,-0.0012f,-0.1774f,0.1024f,0.9945f,-0.0207f,-0.3923f,-0.0009f,-0.0208f,-0.9998f,0.3638f,0f,0f,0f,1f],start_interpolation: 0,interpolation_duration: 1}
$data merge entity $(bone_trigger) {transformation: [-0.9947f,0.1024f,-0.0012f,-0.1769f,0.1024f,0.9945f,-0.0207f,-0.3873f,-0.0009f,-0.0208f,-0.9998f,0.3943f,0f,0f,0f,1f],start_interpolation: 0,interpolation_duration: 1}
$data merge entity $(bone_trigger_gaurd) {transformation: [-0.9947f,0.1024f,-0.0012f,-0.1739f,0.1024f,0.9945f,-0.0207f,-0.3579f,-0.0009f,-0.0208f,-0.9998f,0.4262f,0f,0f,0f,1f],start_interpolation: 0,interpolation_duration: 1}
$data merge entity $(bone_right_arm) {transformation: [-0.9947f,-0.0012f,-0.1024f,-0.2142f,0.1024f,-0.0207f,-0.9945f,-0.4167f,-0.0009f,-0.9998f,0.0208f,0.0363f,0f,0f,0f,1f],start_interpolation: 0,interpolation_duration: 1}
$data merge entity $(bone_magazine1) {transformation: [0f,0f,0f,-0.233f,0f,0f,0f,-0.3254f,0f,0f,0f,0.3848f,0f,0f,0f,1f],start_interpolation: 0,interpolation_duration: 1}
$data merge entity $(bone_left_arm) {transformation: [-0.8403f,0.4023f,0.3633f,-0.0361f,-0.39f,0.0167f,-0.9207f,-0.4254f,-0.3765f,-0.9153f,0.1429f,0.0488f,0f,0f,0f,1f],start_interpolation: 0,interpolation_duration: 1}
data modify entity @s data merge value {"cameras":{},"locators":{"barrel1":{"px":-0.19061584219958475,"py":-0.3042194982619678,"pz":0.7215392675573238,"ry":359.9286405309267,"rx":-1.1884638027650878}}}