# This file was generated by Animated Java via MC-Build. It is not recommended to edit this file directly.
$data merge entity $(bone_muzzleflash) {transformation: [0f,0f,0f,-0.2003f,0f,0f,0f,-0.8642f,0f,0f,0f,0.4f,0f,0f,0f,1f],start_interpolation: 0,interpolation_duration: 1}
$data merge entity $(bone_slide) {transformation: [-0.9959f,0.0908f,-0.0048f,-0.0405f,0.0908f,0.9959f,-0.0026f,-0.397f,0.0046f,-0.003f,-1f,0.575f,0f,0f,0f,1f],start_interpolation: 0,interpolation_duration: 1}
$data merge entity $(bone_barrel) {transformation: [-0.9959f,0.0908f,-0.0048f,0.0611f,0.0908f,0.9959f,-0.0026f,-0.4875f,0.0046f,-0.003f,-1f,0.5748f,0f,0f,0f,1f],start_interpolation: 0,interpolation_duration: 1}
$data merge entity $(bone_magazine) {transformation: [-0.9959f,0.0908f,-0.0048f,-0.0536f,0.0908f,0.9959f,-0.0026f,-0.5304f,0.0046f,-0.003f,-1f,0.3785f,0f,0f,0f,1f],start_interpolation: 0,interpolation_duration: 1}
$data merge entity $(bone_grip) {transformation: [-0.9959f,0.0908f,-0.0048f,-0.0536f,0.0908f,0.9959f,-0.0026f,-0.5304f,0.0046f,-0.003f,-1f,0.3785f,0f,0f,0f,1f],start_interpolation: 0,interpolation_duration: 1}
$data merge entity $(bone_trigger) {transformation: [-0.9959f,0.0908f,-0.0048f,-0.053f,0.0908f,0.9959f,-0.0026f,-0.5259f,0.0046f,-0.003f,-1f,0.4091f,0f,0f,0f,1f],start_interpolation: 0,interpolation_duration: 1}
$data merge entity $(bone_trigger_gaurd) {transformation: [-0.9959f,0.0908f,-0.0048f,-0.0502f,0.0908f,0.9959f,-0.0026f,-0.4971f,0.0046f,-0.003f,-1f,0.4415f,0f,0f,0f,1f],start_interpolation: 0,interpolation_duration: 1}
$data merge entity $(bone_right_arm) {transformation: [-0.9959f,-0.0048f,-0.0908f,-0.0913f,0.0908f,-0.0026f,-0.9959f,-0.5492f,0.0046f,-1f,0.003f,0.0507f,0f,0f,0f,1f],start_interpolation: 0,interpolation_duration: 1}
$data merge entity $(bone_magazine1) {transformation: [0f,0f,0f,-0.1099f,0f,0f,0f,-0.4646f,0f,0f,0f,0.4009f,0f,0f,0f,1f],start_interpolation: 0,interpolation_duration: 1}
$data merge entity $(bone_left_arm) {transformation: [-0.8372f,0.3986f,0.3745f,0.0868f,-0.3929f,0.038f,-0.9188f,-0.5561f,-0.3805f,-0.9163f,0.1248f,0.0625f,0f,0f,0f,1f],start_interpolation: 0,interpolation_duration: 1}
data modify entity @s data merge value {"cameras":{},"locators":{"barrel1":{"px":-0.0664663540820062,"py":-0.4490092955394774,"pz":0.7378077439630375,"ry":359.72381069921994,"rx":-0.14684687831476534}}}