# This file was generated by Animated Java via MC-Build. It is not recommended to edit this file directly.
$data merge entity $(bone_muzzleflash) {transformation: [0f,0f,0f,-0.3257f,0f,0f,0f,-0.7391f,0f,0f,0f,0.4f,0f,0f,0f,1f],start_interpolation: 0,interpolation_duration: 1}
$data merge entity $(bone_slide) {transformation: [-0.9959f,0.0902f,-0.0044f,-0.1661f,0.0903f,0.9959f,-0.0032f,-0.2717f,0.0041f,-0.0036f,-1f,0.5748f,0f,0f,0f,1f],start_interpolation: 0,interpolation_duration: 1}
$data merge entity $(bone_barrel) {transformation: [-0.9959f,0.0902f,-0.0044f,-0.0645f,0.0903f,0.9959f,-0.0032f,-0.3622f,0.0041f,-0.0036f,-1f,0.5747f,0f,0f,0f,1f],start_interpolation: 0,interpolation_duration: 1}
$data merge entity $(bone_magazine) {transformation: [-0.9959f,0.0902f,-0.0044f,-0.1791f,0.0903f,0.9959f,-0.0032f,-0.4053f,0.0041f,-0.0036f,-1f,0.3783f,0f,0f,0f,1f],start_interpolation: 0,interpolation_duration: 1}
$data merge entity $(bone_grip) {transformation: [-0.9959f,0.0902f,-0.0044f,-0.1791f,0.0903f,0.9959f,-0.0032f,-0.4053f,0.0041f,-0.0036f,-1f,0.3783f,0f,0f,0f,1f],start_interpolation: 0,interpolation_duration: 1}
$data merge entity $(bone_trigger) {transformation: [-0.9959f,0.0902f,-0.0044f,-0.1785f,0.0903f,0.9959f,-0.0032f,-0.4008f,0.0041f,-0.0036f,-1f,0.409f,0f,0f,0f,1f],start_interpolation: 0,interpolation_duration: 1}
$data merge entity $(bone_trigger_gaurd) {transformation: [-0.9959f,0.0902f,-0.0044f,-0.1758f,0.0903f,0.9959f,-0.0032f,-0.372f,0.0041f,-0.0036f,-1f,0.4413f,0f,0f,0f,1f],start_interpolation: 0,interpolation_duration: 1}
$data merge entity $(bone_right_arm) {transformation: [-0.9959f,-0.0044f,-0.0902f,-0.2166f,0.0903f,-0.0032f,-0.9959f,-0.4244f,0.0041f,-1f,0.0036f,0.0505f,0f,0f,0f,1f],start_interpolation: 0,interpolation_duration: 1}
$data merge entity $(bone_magazine1) {transformation: [0f,0f,0f,-0.2354f,0f,0f,0f,-0.3395f,0f,0f,0f,0.4007f,0f,0f,0f,1f],start_interpolation: 0,interpolation_duration: 1}
$data merge entity $(bone_left_arm) {transformation: [-0.8368f,0.399f,0.375f,-0.0385f,-0.3936f,0.0377f,-0.9185f,-0.4311f,-0.3806f,-0.9162f,0.1255f,0.0624f,0f,0f,0f,1f],start_interpolation: 0,interpolation_duration: 1}
data modify entity @s data merge value {"cameras":{},"locators":{"barrel1":{"px":-0.19215023517225321,"py":-0.3237060580292936,"pz":0.7376105079700082,"ry":359.7485424680498,"rx":-0.1821375064369}}}