# This file was generated by Animated Java via MC-Build. It is not recommended to edit this file directly.
$data merge entity $(bone_muzzleflash) {transformation: [0f,0f,0f,-0.2022f,0f,0f,0f,-0.8641f,0f,0f,0f,0.4f,0f,0f,0f,1f],start_interpolation: 0,interpolation_duration: 1}
$data merge entity $(bone_slide) {transformation: [-0.9961f,0.0883f,-0.0023f,-0.0439f,0.0884f,0.9961f,-0.0053f,-0.396f,0.0018f,-0.0054f,-1f,0.5742f,0f,0f,0f,1f],start_interpolation: 0,interpolation_duration: 1}
$data merge entity $(bone_barrel) {transformation: [-0.9961f,0.0883f,-0.0023f,0.0579f,0.0884f,0.9961f,-0.0053f,-0.4863f,0.0018f,-0.0054f,-1f,0.5744f,0f,0f,0f,1f],start_interpolation: 0,interpolation_duration: 1}
$data merge entity $(bone_magazine) {transformation: [-0.9961f,0.0883f,-0.0023f,-0.0562f,0.0884f,0.9961f,-0.0053f,-0.53f,0.0018f,-0.0054f,-1f,0.378f,0f,0f,0f,1f],start_interpolation: 0,interpolation_duration: 1}
$data merge entity $(bone_grip) {transformation: [-0.9961f,0.0883f,-0.0023f,-0.0562f,0.0884f,0.9961f,-0.0053f,-0.53f,0.0018f,-0.0054f,-1f,0.378f,0f,0f,0f,1f],start_interpolation: 0,interpolation_duration: 1}
$data merge entity $(bone_trigger) {transformation: [-0.9961f,0.0883f,-0.0023f,-0.0557f,0.0884f,0.9961f,-0.0053f,-0.5255f,0.0018f,-0.0054f,-1f,0.4086f,0f,0f,0f,1f],start_interpolation: 0,interpolation_duration: 1}
$data merge entity $(bone_trigger_gaurd) {transformation: [-0.9961f,0.0883f,-0.0023f,-0.0531f,0.0884f,0.9961f,-0.0053f,-0.4965f,0.0018f,-0.0054f,-1f,0.4409f,0f,0f,0f,1f],start_interpolation: 0,interpolation_duration: 1}
$data merge entity $(bone_right_arm) {transformation: [-0.9961f,-0.0023f,-0.0883f,-0.093f,0.0884f,-0.0053f,-0.9961f,-0.5498f,0.0018f,-1f,0.0054f,0.0501f,0f,0f,0f,1f],start_interpolation: 0,interpolation_duration: 1}
$data merge entity $(bone_magazine1) {transformation: [0f,0f,0f,-0.1127f,0f,0f,0f,-0.4643f,0f,0f,0f,0.4f,0f,0f,0f,1f],start_interpolation: 0,interpolation_duration: 1}
$data merge entity $(bone_left_arm) {transformation: [-0.8352f,0.4009f,0.3764f,0.0851f,-0.396f,0.0366f,-0.9175f,-0.5562f,-0.3816f,-0.9154f,0.1282f,0.0624f,0f,0f,0f,1f],start_interpolation: 0,interpolation_duration: 1}
data modify entity @s data merge value {"cameras":{},"locators":{"barrel1":{"px":-0.07018771158832694,"py":-0.4476912572271875,"pz":0.7370270511870065,"ry":359.8706482871514,"rx":-0.3017079880037415}}}