# This file was generated by Animated Java via MC-Build. It is not recommended to edit this file directly.
$data merge entity $(bone_muzzleflash) {transformation: [0f,0f,0f,-0.3276f,0f,0f,0f,-0.7391f,0f,0f,0f,0.4f,0f,0f,0f,1f],start_interpolation: 0,interpolation_duration: 1}
$data merge entity $(bone_slide) {transformation: [-0.9961f,0.0879f,-0.0016f,-0.1697f,0.088f,0.9961f,-0.0057f,-0.2709f,0.0011f,-0.0058f,-1f,0.5741f,0f,0f,0f,1f],start_interpolation: 0,interpolation_duration: 1}
$data merge entity $(bone_barrel) {transformation: [-0.9961f,0.0879f,-0.0016f,-0.0679f,0.088f,0.9961f,-0.0057f,-0.3611f,0.0011f,-0.0058f,-1f,0.5744f,0f,0f,0f,1f],start_interpolation: 0,interpolation_duration: 1}
$data merge entity $(bone_magazine) {transformation: [-0.9961f,0.0879f,-0.0016f,-0.1817f,0.088f,0.9961f,-0.0057f,-0.4049f,0.0011f,-0.0058f,-1f,0.3779f,0f,0f,0f,1f],start_interpolation: 0,interpolation_duration: 1}
$data merge entity $(bone_grip) {transformation: [-0.9961f,0.0879f,-0.0016f,-0.1817f,0.088f,0.9961f,-0.0057f,-0.4049f,0.0011f,-0.0058f,-1f,0.3779f,0f,0f,0f,1f],start_interpolation: 0,interpolation_duration: 1}
$data merge entity $(bone_trigger) {transformation: [-0.9961f,0.0879f,-0.0016f,-0.1813f,0.088f,0.9961f,-0.0057f,-0.4004f,0.0011f,-0.0058f,-1f,0.4085f,0f,0f,0f,1f],start_interpolation: 0,interpolation_duration: 1}
$data merge entity $(bone_trigger_gaurd) {transformation: [-0.9961f,0.0879f,-0.0016f,-0.1787f,0.088f,0.9961f,-0.0057f,-0.3715f,0.0011f,-0.0058f,-1f,0.4408f,0f,0f,0f,1f],start_interpolation: 0,interpolation_duration: 1}
$data merge entity $(bone_right_arm) {transformation: [-0.9961f,-0.0016f,-0.0879f,-0.2184f,0.088f,-0.0057f,-0.9961f,-0.4249f,0.0011f,-1f,0.0058f,0.05f,0f,0f,0f,1f],start_interpolation: 0,interpolation_duration: 1}
$data merge entity $(bone_magazine1) {transformation: [0f,0f,0f,-0.2383f,0f,0f,0f,-0.3392f,0f,0f,0f,0.3999f,0f,0f,0f,1f],start_interpolation: 0,interpolation_duration: 1}
$data merge entity $(bone_left_arm) {transformation: [-0.8348f,0.4014f,0.3767f,-0.0403f,-0.3965f,0.0363f,-0.9173f,-0.4312f,-0.3819f,-0.9152f,0.1288f,0.0624f,0f,0f,0f,1f],start_interpolation: 0,interpolation_duration: 1}
data modify entity @s data merge value {"cameras":{},"locators":{"barrel1":{"px":-0.19602590417220842,"py":-0.3224913899479423,"pz":0.7369367046655698,"ry":359.9072543539918,"rx":-0.325726698664971}}}