# This file was generated by Animated Java via MC-Build. It is not recommended to edit this file directly.
$data merge entity $(bone_muzzleflash) {transformation: [0f,0f,0f,-0.2026f,0f,0f,0f,-0.7078f,0f,0f,0f,0.4f,0f,0f,0f,1f],start_interpolation: 0,interpolation_duration: 1}
$data merge entity $(bone_slide) {transformation: [-0.9961f,0.0879f,-0.0016f,-0.0447f,0.088f,0.9961f,-0.0057f,-0.2396f,0.0011f,-0.0058f,-1f,0.5741f,0f,0f,0f,1f],start_interpolation: 0,interpolation_duration: 1}
$data merge entity $(bone_barrel) {transformation: [-0.9961f,0.0879f,-0.0016f,0.0571f,0.088f,0.9961f,-0.0057f,-0.3299f,0.0011f,-0.0058f,-1f,0.5744f,0f,0f,0f,1f],start_interpolation: 0,interpolation_duration: 1}
$data merge entity $(bone_magazine) {transformation: [-0.9961f,0.0879f,-0.0016f,-0.0567f,0.088f,0.9961f,-0.0057f,-0.3737f,0.0011f,-0.0058f,-1f,0.3779f,0f,0f,0f,1f],start_interpolation: 0,interpolation_duration: 1}
$data merge entity $(bone_grip) {transformation: [-0.9961f,0.0879f,-0.0016f,-0.0567f,0.088f,0.9961f,-0.0057f,-0.3737f,0.0011f,-0.0058f,-1f,0.3779f,0f,0f,0f,1f],start_interpolation: 0,interpolation_duration: 1}
$data merge entity $(bone_trigger) {transformation: [-0.9961f,0.0879f,-0.0016f,-0.0563f,0.088f,0.9961f,-0.0057f,-0.3692f,0.0011f,-0.0058f,-1f,0.4085f,0f,0f,0f,1f],start_interpolation: 0,interpolation_duration: 1}
$data merge entity $(bone_trigger_gaurd) {transformation: [-0.9961f,0.0879f,-0.0016f,-0.0537f,0.088f,0.9961f,-0.0057f,-0.3402f,0.0011f,-0.0058f,-1f,0.4408f,0f,0f,0f,1f],start_interpolation: 0,interpolation_duration: 1}
$data merge entity $(bone_right_arm) {transformation: [-0.9961f,-0.0016f,-0.0879f,-0.0934f,0.088f,-0.0057f,-0.9961f,-0.3937f,0.0011f,-1f,0.0058f,0.05f,0f,0f,0f,1f],start_interpolation: 0,interpolation_duration: 1}
$data merge entity $(bone_magazine1) {transformation: [0f,0f,0f,-0.1133f,0f,0f,0f,-0.308f,0f,0f,0f,0.3999f,0f,0f,0f,1f],start_interpolation: 0,interpolation_duration: 1}
$data merge entity $(bone_left_arm) {transformation: [-0.8348f,0.4014f,0.3767f,0.0847f,-0.3965f,0.0363f,-0.9173f,-0.4f,-0.3819f,-0.9152f,0.1288f,0.0624f,0f,0f,0f,1f],start_interpolation: 0,interpolation_duration: 1}
data modify entity @s data merge value {"cameras":{},"locators":{"barrel1":{"px":-0.07102590417220843,"py":-0.2912413899479423,"pz":0.7369367046655699,"ry":359.9072543539918,"rx":-0.325726698664971}}}