# This file was generated by Animated Java via MC-Build. It is not recommended to edit this file directly.
$data merge entity $(bone_muzzleflash) {transformation: [0f,0f,0f,-0.3299f,0f,0f,0f,-0.739f,0f,0f,0f,0.4f,0f,0f,0f,1f],start_interpolation: 0,interpolation_duration: 1}
$data merge entity $(bone_slide) {transformation: [-0.9962f,0.0866f,0.0016f,-0.1732f,0.0866f,0.9962f,-0.0071f,-0.2703f,-0.0022f,-0.0069f,-1f,0.5739f,0f,0f,0f,1f],start_interpolation: 0,interpolation_duration: 1}
$data merge entity $(bone_barrel) {transformation: [-0.9962f,0.0866f,0.0016f,-0.0712f,0.0866f,0.9962f,-0.0071f,-0.3604f,-0.0022f,-0.0069f,-1f,0.5747f,0f,0f,0f,1f],start_interpolation: 0,interpolation_duration: 1}
$data merge entity $(bone_magazine) {transformation: [-0.9962f,0.0866f,0.0016f,-0.1844f,0.0866f,0.9962f,-0.0071f,-0.4047f,-0.0022f,-0.0069f,-1f,0.3779f,0f,0f,0f,1f],start_interpolation: 0,interpolation_duration: 1}
$data merge entity $(bone_grip) {transformation: [-0.9962f,0.0866f,0.0016f,-0.1844f,0.0866f,0.9962f,-0.0071f,-0.4047f,-0.0022f,-0.0069f,-1f,0.3779f,0f,0f,0f,1f],start_interpolation: 0,interpolation_duration: 1}
$data merge entity $(bone_trigger) {transformation: [-0.9962f,0.0866f,0.0016f,-0.1841f,0.0866f,0.9962f,-0.0071f,-0.4001f,-0.0022f,-0.0069f,-1f,0.4085f,0f,0f,0f,1f],start_interpolation: 0,interpolation_duration: 1}
$data merge entity $(bone_trigger_gaurd) {transformation: [-0.9962f,0.0866f,0.0016f,-0.1816f,0.0866f,0.9962f,-0.0071f,-0.3711f,-0.0022f,-0.0069f,-1f,0.4407f,0f,0f,0f,1f],start_interpolation: 0,interpolation_duration: 1}
$data merge entity $(bone_right_arm) {transformation: [-0.9962f,0.0016f,-0.0866f,-0.22f,0.0866f,-0.0071f,-0.9962f,-0.4252f,-0.0022f,-1f,0.0069f,0.0499f,0f,0f,0f,1f],start_interpolation: 0,interpolation_duration: 1}
$data merge entity $(bone_magazine1) {transformation: [0f,0f,0f,-0.2412f,0f,0f,0f,-0.339f,0f,0f,0f,0.3996f,0f,0f,0f,1f],start_interpolation: 0,interpolation_duration: 1}
$data merge entity $(bone_left_arm) {transformation: [-0.8331f,0.4043f,0.3776f,-0.0419f,-0.3982f,0.0356f,-0.9166f,-0.4312f,-0.384f,-0.9139f,0.1313f,0.0629f,0f,0f,0f,1f],start_interpolation: 0,interpolation_duration: 1}
data modify entity @s data merge value {"cameras":{},"locators":{"barrel1":{"px":-0.19993756286927458,"py":-0.32176351727139996,"pz":0.7367649183796154,"ry":0.08993155623659277,"rx":-0.4064937845261808}}}