# This file was generated by Animated Java via MC-Build. It is not recommended to edit this file directly.
$data merge entity $(bone_muzzleflash) {transformation: [0f,0f,0f,-0.3281f,0f,0f,0f,-0.7235f,0f,0f,0f,0.391f,0f,0f,0f,1f],start_interpolation: 0,interpolation_duration: 1}
$data merge entity $(bone_slide) {transformation: [-0.9946f,0.1037f,-0.0013f,-0.1629f,0.1037f,0.9944f,-0.0207f,-0.2553f,-0.0009f,-0.0207f,-0.9998f,0.5581f,0f,0f,0f,1f],start_interpolation: 0,interpolation_duration: 1}
$data merge entity $(bone_barrel) {transformation: [-0.9946f,0.1037f,-0.0013f,-0.0625f,0.1037f,0.9944f,-0.0207f,-0.3471f,-0.0009f,-0.0207f,-0.9998f,0.5599f,0f,0f,0f,1f],start_interpolation: 0,interpolation_duration: 1}
$data merge entity $(bone_magazine) {transformation: [-0.9946f,0.1037f,-0.0013f,-0.177f,0.1037f,0.9944f,-0.0207f,-0.3921f,-0.0009f,-0.0207f,-0.9998f,0.364f,0f,0f,0f,1f],start_interpolation: 0,interpolation_duration: 1}
$data merge entity $(bone_grip) {transformation: [-0.9946f,0.1037f,-0.0013f,-0.177f,0.1037f,0.9944f,-0.0207f,-0.3921f,-0.0009f,-0.0207f,-0.9998f,0.364f,0f,0f,0f,1f],start_interpolation: 0,interpolation_duration: 1}
$data merge entity $(bone_trigger) {transformation: [-0.9946f,0.1037f,-0.0013f,-0.1765f,0.1037f,0.9944f,-0.0207f,-0.3871f,-0.0009f,-0.0207f,-0.9998f,0.3945f,0f,0f,0f,1f],start_interpolation: 0,interpolation_duration: 1}
$data merge entity $(bone_trigger_gaurd) {transformation: [-0.9946f,0.1037f,-0.0013f,-0.1734f,0.1037f,0.9944f,-0.0207f,-0.3577f,-0.0009f,-0.0207f,-0.9998f,0.4263f,0f,0f,0f,1f],start_interpolation: 0,interpolation_duration: 1}
$data merge entity $(bone_right_arm) {transformation: [-0.9946f,-0.0013f,-0.1037f,-0.2138f,0.1037f,-0.0207f,-0.9944f,-0.4164f,-0.0009f,-0.9998f,0.0207f,0.0364f,0f,0f,0f,1f],start_interpolation: 0,interpolation_duration: 1}
$data merge entity $(bone_magazine1) {transformation: [0f,0f,0f,-0.2325f,0f,0f,0f,-0.3252f,0f,0f,0f,0.3849f,0f,0f,0f,1f],start_interpolation: 0,interpolation_duration: 1}
$data merge entity $(bone_left_arm) {transformation: [-0.8408f,0.4024f,0.3621f,-0.0358f,-0.389f,0.0162f,-0.9211f,-0.4254f,-0.3765f,-0.9153f,0.1429f,0.049f,0f,0f,0f,1f],start_interpolation: 0,interpolation_duration: 1}
data modify entity @s data merge value {"cameras":{},"locators":{"barrel1":{"px":-0.19010111757947826,"py":-0.30403298431105213,"pz":0.7216844260020527,"ry":359.92720388280975,"rx":-1.1870234373062718}}}