# This file was generated by Animated Java via MC-Build. It is not recommended to edit this file directly.
$data merge entity $(bone_muzzleflash) {transformation: [0f,0f,0f,-0.206f,0f,0f,0f,-0.8639f,0f,0f,0f,0.4f,0f,0f,0f,1f],start_interpolation: 0,interpolation_duration: 1}
$data merge entity $(bone_slide) {transformation: [-0.9963f,0.0862f,0.003f,-0.0497f,0.0862f,0.9962f,-0.0076f,-0.3951f,-0.0037f,-0.0073f,-1f,0.5739f,0f,0f,0f,1f],start_interpolation: 0,interpolation_duration: 1}
$data merge entity $(bone_barrel) {transformation: [-0.9963f,0.0862f,0.003f,0.0523f,0.0862f,0.9962f,-0.0076f,-0.4852f,-0.0037f,-0.0073f,-1f,0.5749f,0f,0f,0f,1f],start_interpolation: 0,interpolation_duration: 1}
$data merge entity $(bone_magazine) {transformation: [-0.9963f,0.0862f,0.003f,-0.0606f,0.0862f,0.9962f,-0.0076f,-0.5296f,-0.0037f,-0.0073f,-1f,0.378f,0f,0f,0f,1f],start_interpolation: 0,interpolation_duration: 1}
$data merge entity $(bone_grip) {transformation: [-0.9963f,0.0862f,0.003f,-0.0606f,0.0862f,0.9962f,-0.0076f,-0.5296f,-0.0037f,-0.0073f,-1f,0.378f,0f,0f,0f,1f],start_interpolation: 0,interpolation_duration: 1}
$data merge entity $(bone_trigger) {transformation: [-0.9963f,0.0862f,0.003f,-0.0603f,0.0862f,0.9962f,-0.0076f,-0.525f,-0.0037f,-0.0073f,-1f,0.4086f,0f,0f,0f,1f],start_interpolation: 0,interpolation_duration: 1}
$data merge entity $(bone_trigger_gaurd) {transformation: [-0.9963f,0.0862f,0.003f,-0.0579f,0.0862f,0.9962f,-0.0076f,-0.496f,-0.0037f,-0.0073f,-1f,0.4408f,0f,0f,0f,1f],start_interpolation: 0,interpolation_duration: 1}
$data merge entity $(bone_right_arm) {transformation: [-0.9963f,0.003f,-0.0862f,-0.0956f,0.0862f,-0.0076f,-0.9962f,-0.5502f,-0.0037f,-1f,0.0073f,0.05f,0f,0f,0f,1f],start_interpolation: 0,interpolation_duration: 1}
$data merge entity $(bone_magazine1) {transformation: [0f,0f,0f,-0.1174f,0f,0f,0f,-0.4639f,0f,0f,0f,0.3996f,0f,0f,0f,1f],start_interpolation: 0,interpolation_duration: 1}
$data merge entity $(bone_left_arm) {transformation: [-0.8323f,0.4056f,0.3777f,0.0824f,-0.3987f,0.0353f,-0.9164f,-0.5562f,-0.3851f,-0.9134f,0.1323f,0.0632f,0f,0f,0f,1f],start_interpolation: 0,interpolation_duration: 1}
data modify entity @s data merge value {"cameras":{},"locators":{"barrel1":{"px":-0.07666257241420392,"py":-0.4464613446357441,"pz":0.7367576499639054,"ry":0.17459160100261784,"rx":-0.4336818558189002}}}