# This file was generated by Animated Java via MC-Build. It is not recommended to edit this file directly.
$data merge entity $(muzzleflash) {transformation: [0f,0f,0f,-0.2071f,0f,0f,0f,-0.7075f,0f,0f,0f,0.4f,0f,0f,0f,1f],start_interpolation: 0,interpolation_duration: 1}
$data merge entity $(slide) {transformation: [-0.9963f,0.0859f,0.0047f,-0.0513f,0.0858f,0.9963f,-0.008f,-0.2386f,-0.0053f,-0.0076f,-1f,0.574f,0f,0f,0f,1f],start_interpolation: 0,interpolation_duration: 1}
$data merge entity $(barrel) {transformation: [-0.9963f,0.0859f,0.0047f,0.0508f,0.0858f,0.9963f,-0.008f,-0.3286f,-0.0053f,-0.0076f,-1f,0.5752f,0f,0f,0f,1f],start_interpolation: 0,interpolation_duration: 1}
$data merge entity $(magazine) {transformation: [-0.9963f,0.0859f,0.0047f,-0.0618f,0.0858f,0.9963f,-0.008f,-0.3732f,-0.0053f,-0.0076f,-1f,0.378f,0f,0f,0f,1f],start_interpolation: 0,interpolation_duration: 1}
$data merge entity $(grip) {transformation: [-0.9963f,0.0859f,0.0047f,-0.0618f,0.0858f,0.9963f,-0.008f,-0.3732f,-0.0053f,-0.0076f,-1f,0.378f,0f,0f,0f,1f],start_interpolation: 0,interpolation_duration: 1}
$data merge entity $(trigger) {transformation: [-0.9963f,0.0859f,0.0047f,-0.0616f,0.0858f,0.9963f,-0.008f,-0.3685f,-0.0053f,-0.0076f,-1f,0.4086f,0f,0f,0f,1f],start_interpolation: 0,interpolation_duration: 1}
$data merge entity $(trigger_gaurd) {transformation: [-0.9963f,0.0859f,0.0047f,-0.0592f,0.0858f,0.9963f,-0.008f,-0.3395f,-0.0053f,-0.0076f,-1f,0.4409f,0f,0f,0f,1f],start_interpolation: 0,interpolation_duration: 1}
$data merge entity $(right_arm) {transformation: [-0.9963f,0.0047f,-0.0859f,-0.0963f,0.0858f,-0.008f,-0.9963f,-0.394f,-0.0053f,-1f,0.0076f,0.05f,0f,0f,0f,1f],start_interpolation: 0,interpolation_duration: 1}
$data merge entity $(magazine1) {transformation: [0f,0f,0f,-0.1187f,0f,0f,0f,-0.3075f,0f,0f,0f,0.3995f,0f,0f,0f,1f],start_interpolation: 0,interpolation_duration: 1}
$data merge entity $(left_arm) {transformation: [-0.8316f,0.4071f,0.3779f,0.0817f,-0.3992f,0.0351f,-0.9162f,-0.3999f,-0.3862f,-0.9127f,0.1333f,0.0635f,0f,0f,0f,1f],start_interpolation: 0,interpolation_duration: 1}
data modify entity @s data merge value {"cameras":{},"locators":{"barrel1":{"px":-0.07851370864708503,"py":-0.289894951679474,"pz":0.7367789519048775,"ry":0.26721790965771675,"rx":-0.459235605579911}}}