# This file was generated by Animated Java via MC-Build. It is not recommended to edit this file directly.
$data merge entity $(muzzleflash) {transformation: [0f,0f,0f,-0.2097f,0f,0f,0f,-0.7072f,0f,0f,0f,0.4f,0f,0f,0f,1f],start_interpolation: 0,interpolation_duration: 1}
$data merge entity $(slide) {transformation: [-0.9963f,0.0853f,0.0083f,-0.0548f,0.0852f,0.9963f,-0.0088f,-0.238f,-0.009f,-0.0081f,-0.9999f,0.5742f,0f,0f,0f,1f],start_interpolation: 0,interpolation_duration: 1}
$data merge entity $(barrel) {transformation: [-0.9963f,0.0853f,0.0083f,0.0473f,0.0852f,0.9963f,-0.0088f,-0.328f,-0.009f,-0.0081f,-0.9999f,0.5758f,0f,0f,0f,1f],start_interpolation: 0,interpolation_duration: 1}
$data merge entity $(magazine) {transformation: [-0.9963f,0.0853f,0.0083f,-0.0645f,0.0852f,0.9963f,-0.0088f,-0.3728f,-0.009f,-0.0081f,-0.9999f,0.3783f,0f,0f,0f,1f],start_interpolation: 0,interpolation_duration: 1}
$data merge entity $(grip) {transformation: [-0.9963f,0.0853f,0.0083f,-0.0645f,0.0852f,0.9963f,-0.0088f,-0.3728f,-0.009f,-0.0081f,-0.9999f,0.3783f,0f,0f,0f,1f],start_interpolation: 0,interpolation_duration: 1}
$data merge entity $(trigger) {transformation: [-0.9963f,0.0853f,0.0083f,-0.0644f,0.0852f,0.9963f,-0.0088f,-0.3681f,-0.009f,-0.0081f,-0.9999f,0.4089f,0f,0f,0f,1f],start_interpolation: 0,interpolation_duration: 1}
$data merge entity $(trigger_gaurd) {transformation: [-0.9963f,0.0853f,0.0083f,-0.0622f,0.0852f,0.9963f,-0.0088f,-0.3391f,-0.009f,-0.0081f,-0.9999f,0.4411f,0f,0f,0f,1f],start_interpolation: 0,interpolation_duration: 1}
$data merge entity $(right_arm) {transformation: [-0.9963f,0.0083f,-0.0853f,-0.0979f,0.0852f,-0.0088f,-0.9963f,-0.3939f,-0.009f,-0.9999f,0.0081f,0.0501f,0f,0f,0f,1f],start_interpolation: 0,interpolation_duration: 1}
$data merge entity $(magazine1) {transformation: [0f,0f,0f,-0.1215f,0f,0f,0f,-0.3071f,0f,0f,0f,0.3995f,0f,0f,0f,1f],start_interpolation: 0,interpolation_duration: 1}
$data merge entity $(left_arm) {transformation: [-0.8299f,0.4104f,0.3779f,0.0802f,-0.4f,0.0346f,-0.9159f,-0.3997f,-0.3889f,-0.9113f,0.1354f,0.0643f,0f,0f,0f,1f],start_interpolation: 0,interpolation_duration: 1}
data modify entity @s data merge value {"cameras":{},"locators":{"barrel1":{"px":-0.0825634303997654,"py":-0.28922988820825896,"pz":0.7369022005915782,"ry":0.474476994769077,"rx":-0.5054616638432916}}}