# This file was generated by Animated Java via MC-Build. It is not recommended to edit this file directly.
$data merge entity $(bone_muzzleflash) {transformation: [0f,0f,0f,-0.2111f,0f,0f,0f,-0.7695f,0f,0f,0f,0.4f,0f,0f,0f,1f],start_interpolation: 0,interpolation_duration: 1}
$data merge entity $(bone_slide) {transformation: [-0.9963f,0.0851f,0.0103f,-0.0566f,0.085f,0.9963f,-0.0092f,-0.3003f,-0.011f,-0.0083f,-0.9999f,0.5743f,0f,0f,0f,1f],start_interpolation: 0,interpolation_duration: 1}
$data merge entity $(bone_barrel) {transformation: [-0.9963f,0.0851f,0.0103f,0.0455f,0.085f,0.9963f,-0.0092f,-0.3902f,-0.011f,-0.0083f,-0.9999f,0.5762f,0f,0f,0f,1f],start_interpolation: 0,interpolation_duration: 1}
$data merge entity $(bone_magazine) {transformation: [-0.9963f,0.0851f,0.0103f,-0.066f,0.085f,0.9963f,-0.0092f,-0.4351f,-0.011f,-0.0083f,-0.9999f,0.3785f,0f,0f,0f,1f],start_interpolation: 0,interpolation_duration: 1}
$data merge entity $(bone_grip) {transformation: [-0.9963f,0.0851f,0.0103f,-0.066f,0.085f,0.9963f,-0.0092f,-0.4351f,-0.011f,-0.0083f,-0.9999f,0.3785f,0f,0f,0f,1f],start_interpolation: 0,interpolation_duration: 1}
$data merge entity $(bone_trigger) {transformation: [-0.9963f,0.0851f,0.0103f,-0.0659f,0.085f,0.9963f,-0.0092f,-0.4304f,-0.011f,-0.0083f,-0.9999f,0.4091f,0f,0f,0f,1f],start_interpolation: 0,interpolation_duration: 1}
$data merge entity $(bone_trigger_gaurd) {transformation: [-0.9963f,0.0851f,0.0103f,-0.0638f,0.085f,0.9963f,-0.0092f,-0.4013f,-0.011f,-0.0083f,-0.9999f,0.4413f,0f,0f,0f,1f],start_interpolation: 0,interpolation_duration: 1}
$data merge entity $(bone_right_arm) {transformation: [-0.9963f,0.0103f,-0.0851f,-0.0987f,0.085f,-0.0092f,-0.9963f,-0.4563f,-0.011f,-0.9999f,0.0083f,0.0503f,0f,0f,0f,1f],start_interpolation: 0,interpolation_duration: 1}
$data merge entity $(bone_magazine1) {transformation: [0f,0f,0f,-0.123f,0f,0f,0f,-0.3694f,0f,0f,0f,0.3996f,0f,0f,0f,1f],start_interpolation: 0,interpolation_duration: 1}
$data merge entity $(bone_left_arm) {transformation: [-0.8291f,0.4122f,0.3779f,0.0793f,-0.4003f,0.0343f,-0.9157f,-0.462f,-0.3904f,-0.9105f,0.1365f,0.0648f,0f,0f,0f,1f],start_interpolation: 0,interpolation_duration: 1}
data modify entity @s data merge value {"cameras":{},"locators":{"barrel1":{"px":-0.08474659496673138,"py":-0.3513863948190319,"pz":0.7370016184122987,"ry":0.5881652081471316,"rx":-0.526149240090432}}}