# This file was generated by Animated Java via MC-Build. It is not recommended to edit this file directly.
$data merge entity $(bone_muzzleflash) {transformation: [0f,0f,0f,-0.3376f,0f,0f,0f,-0.7381f,0f,0f,0f,0.4f,0f,0f,0f,1f],start_interpolation: 0,interpolation_duration: 1}
$data merge entity $(bone_slide) {transformation: [-0.9963f,0.0849f,0.0124f,-0.1836f,0.0848f,0.9964f,-0.0095f,-0.2687f,-0.0131f,-0.0084f,-0.9999f,0.5745f,0f,0f,0f,1f],start_interpolation: 0,interpolation_duration: 1}
$data merge entity $(bone_barrel) {transformation: [-0.9963f,0.0849f,0.0124f,-0.0815f,0.0848f,0.9964f,-0.0095f,-0.3586f,-0.0131f,-0.0084f,-0.9999f,0.5766f,0f,0f,0f,1f],start_interpolation: 0,interpolation_duration: 1}
$data merge entity $(bone_magazine) {transformation: [-0.9963f,0.0849f,0.0124f,-0.1925f,0.0848f,0.9964f,-0.0095f,-0.4036f,-0.0131f,-0.0084f,-0.9999f,0.3787f,0f,0f,0f,1f],start_interpolation: 0,interpolation_duration: 1}
$data merge entity $(bone_grip) {transformation: [-0.9963f,0.0849f,0.0124f,-0.1925f,0.0848f,0.9964f,-0.0095f,-0.4036f,-0.0131f,-0.0084f,-0.9999f,0.3787f,0f,0f,0f,1f],start_interpolation: 0,interpolation_duration: 1}
$data merge entity $(bone_trigger) {transformation: [-0.9963f,0.0849f,0.0124f,-0.1925f,0.0848f,0.9964f,-0.0095f,-0.3989f,-0.0131f,-0.0084f,-0.9999f,0.4092f,0f,0f,0f,1f],start_interpolation: 0,interpolation_duration: 1}
$data merge entity $(bone_trigger_gaurd) {transformation: [-0.9963f,0.0849f,0.0124f,-0.1904f,0.0848f,0.9964f,-0.0095f,-0.3698f,-0.0131f,-0.0084f,-0.9999f,0.4414f,0f,0f,0f,1f],start_interpolation: 0,interpolation_duration: 1}
$data merge entity $(bone_right_arm) {transformation: [-0.9963f,0.0124f,-0.0849f,-0.2245f,0.0848f,-0.0095f,-0.9964f,-0.4249f,-0.0131f,-0.9999f,0.0084f,0.0504f,0f,0f,0f,1f],start_interpolation: 0,interpolation_duration: 1}
$data merge entity $(bone_magazine1) {transformation: [0f,0f,0f,-0.2496f,0f,0f,0f,-0.338f,0f,0f,0f,0.3996f,0f,0f,0f,1f],start_interpolation: 0,interpolation_duration: 1}
$data merge entity $(bone_left_arm) {transformation: [-0.8282f,0.414f,0.3778f,-0.0465f,-0.4006f,0.0341f,-0.9156f,-0.4306f,-0.392f,-0.9096f,0.1376f,0.0653f,0f,0f,0f,1f],start_interpolation: 0,interpolation_duration: 1}
data modify entity @s data merge value {"cameras":{},"locators":{"barrel1":{"px":-0.21202503914188595,"py":-0.3197890387095826,"pz":0.7371245553160691,"ry":0.7079304928854242,"rx":-0.5452323249648294}}}