# This file was generated by Animated Java via MC-Build. It is not recommended to edit this file directly.
$data merge entity $(bone_muzzleflash) {transformation: [0f,0f,0f,-0.3425f,0f,0f,0f,-0.7373f,0f,0f,0f,0.4f,0f,0f,0f,1f],start_interpolation: 0,interpolation_duration: 1}
$data merge entity $(bone_slide) {transformation: [-0.9962f,0.0846f,0.0192f,-0.1898f,0.0844f,0.9964f,-0.0103f,-0.2678f,-0.02f,-0.0087f,-0.9998f,0.5751f,0f,0f,0f,1f],start_interpolation: 0,interpolation_duration: 1}
$data merge entity $(bone_barrel) {transformation: [-0.9962f,0.0846f,0.0192f,-0.0877f,0.0844f,0.9964f,-0.0103f,-0.3577f,-0.02f,-0.0087f,-0.9998f,0.578f,0f,0f,0f,1f],start_interpolation: 0,interpolation_duration: 1}
$data merge entity $(bone_magazine) {transformation: [-0.9962f,0.0846f,0.0192f,-0.1973f,0.0844f,0.9964f,-0.0103f,-0.4028f,-0.02f,-0.0087f,-0.9998f,0.3794f,0f,0f,0f,1f],start_interpolation: 0,interpolation_duration: 1}
$data merge entity $(bone_grip) {transformation: [-0.9962f,0.0846f,0.0192f,-0.1973f,0.0844f,0.9964f,-0.0103f,-0.4028f,-0.02f,-0.0087f,-0.9998f,0.3794f,0f,0f,0f,1f],start_interpolation: 0,interpolation_duration: 1}
$data merge entity $(bone_trigger) {transformation: [-0.9962f,0.0846f,0.0192f,-0.1976f,0.0844f,0.9964f,-0.0103f,-0.3981f,-0.02f,-0.0087f,-0.9998f,0.4099f,0f,0f,0f,1f],start_interpolation: 0,interpolation_duration: 1}
$data merge entity $(bone_trigger_gaurd) {transformation: [-0.9962f,0.0846f,0.0192f,-0.1957f,0.0844f,0.9964f,-0.0103f,-0.369f,-0.02f,-0.0087f,-0.9998f,0.4421f,0f,0f,0f,1f],start_interpolation: 0,interpolation_duration: 1}
$data merge entity $(bone_right_arm) {transformation: [-0.9962f,0.0192f,-0.0846f,-0.2271f,0.0844f,-0.0103f,-0.9964f,-0.4244f,-0.02f,-0.9998f,0.0087f,0.0509f,0f,0f,0f,1f],start_interpolation: 0,interpolation_duration: 1}
$data merge entity $(bone_magazine1) {transformation: [0f,0f,0f,-0.2546f,0f,0f,0f,-0.3372f,0f,0f,0f,0.3999f,0f,0f,0f,1f],start_interpolation: 0,interpolation_duration: 1}
$data merge entity $(bone_left_arm) {transformation: [-0.8253f,0.4202f,0.3771f,-0.0492f,-0.4012f,0.0335f,-0.9154f,-0.4301f,-0.3973f,-0.9068f,0.141f,0.067f,0f,0f,0f,1f],start_interpolation: 0,interpolation_duration: 1}
data modify entity @s data merge value {"cameras":{},"locators":{"barrel1":{"px":-0.21935531705677744,"py":-0.3187496076142566,"pz":0.7376220875952143,"ry":1.09898300201462,"rx":-0.5929632866221645}}}