# This file was generated by Animated Java via MC-Build. It is not recommended to edit this file directly.
$data merge entity $(bone_muzzleflash) {transformation: [0f,0f,0f,-0.3443f,0f,0f,0f,-0.7371f,0f,0f,0f,0.4f,0f,0f,0f,1f],start_interpolation: 0,interpolation_duration: 1}
$data merge entity $(bone_slide) {transformation: [-0.9962f,0.0846f,0.0216f,-0.192f,0.0844f,0.9964f,-0.0106f,-0.2675f,-0.0224f,-0.0087f,-0.9997f,0.5754f,0f,0f,0f,1f],start_interpolation: 0,interpolation_duration: 1}
$data merge entity $(bone_barrel) {transformation: [-0.9962f,0.0846f,0.0216f,-0.0899f,0.0844f,0.9964f,-0.0106f,-0.3574f,-0.0224f,-0.0087f,-0.9997f,0.5785f,0f,0f,0f,1f],start_interpolation: 0,interpolation_duration: 1}
$data merge entity $(bone_magazine) {transformation: [-0.9962f,0.0846f,0.0216f,-0.199f,0.0844f,0.9964f,-0.0106f,-0.4026f,-0.0224f,-0.0087f,-0.9997f,0.3796f,0f,0f,0f,1f],start_interpolation: 0,interpolation_duration: 1}
$data merge entity $(bone_grip) {transformation: [-0.9962f,0.0846f,0.0216f,-0.199f,0.0844f,0.9964f,-0.0106f,-0.4026f,-0.0224f,-0.0087f,-0.9997f,0.3796f,0f,0f,0f,1f],start_interpolation: 0,interpolation_duration: 1}
$data merge entity $(bone_trigger) {transformation: [-0.9962f,0.0846f,0.0216f,-0.1993f,0.0844f,0.9964f,-0.0106f,-0.3979f,-0.0224f,-0.0087f,-0.9997f,0.4102f,0f,0f,0f,1f],start_interpolation: 0,interpolation_duration: 1}
$data merge entity $(bone_trigger_gaurd) {transformation: [-0.9962f,0.0846f,0.0216f,-0.1976f,0.0844f,0.9964f,-0.0106f,-0.3688f,-0.0224f,-0.0087f,-0.9997f,0.4424f,0f,0f,0f,1f],start_interpolation: 0,interpolation_duration: 1}
$data merge entity $(bone_right_arm) {transformation: [-0.9962f,0.0216f,-0.0846f,-0.228f,0.0844f,-0.0106f,-0.9964f,-0.4243f,-0.0224f,-0.9997f,0.0087f,0.0511f,0f,0f,0f,1f],start_interpolation: 0,interpolation_duration: 1}
$data merge entity $(bone_magazine1) {transformation: [0f,0f,0f,-0.2564f,0f,0f,0f,-0.337f,0f,0f,0f,0.4f,0f,0f,0f,1f],start_interpolation: 0,interpolation_duration: 1}
$data merge entity $(bone_left_arm) {transformation: [-0.8244f,0.4224f,0.3768f,-0.0502f,-0.4013f,0.0333f,-0.9153f,-0.4299f,-0.3992f,-0.9058f,0.1421f,0.0677f,0f,0f,0f,1f],start_interpolation: 0,interpolation_duration: 1}
data modify entity @s data merge value {"cameras":{},"locators":{"barrel1":{"px":-0.22193818354098738,"py":-0.3184126182014219,"pz":0.7378267807839424,"ry":1.2383532522895848,"rx":-0.6057390121706553}}}