# This file was generated by Animated Java via MC-Build. It is not recommended to edit this file directly.
$data merge entity $(bone_muzzleflash) {transformation: [0f,0f,0f,-0.221f,0f,0f,0f,-0.7681f,0f,0f,0f,0.4f,0f,0f,0f,1f],start_interpolation: 0,interpolation_duration: 1}
$data merge entity $(bone_slide) {transformation: [-0.9961f,0.0846f,0.0241f,-0.0692f,0.0844f,0.9964f,-0.0108f,-0.2984f,-0.0249f,-0.0087f,-0.9997f,0.5757f,0f,0f,0f,1f],start_interpolation: 0,interpolation_duration: 1}
$data merge entity $(bone_barrel) {transformation: [-0.9961f,0.0846f,0.0241f,0.0329f,0.0844f,0.9964f,-0.0108f,-0.3883f,-0.0249f,-0.0087f,-0.9997f,0.5791f,0f,0f,0f,1f],start_interpolation: 0,interpolation_duration: 1}
$data merge entity $(bone_magazine) {transformation: [-0.9961f,0.0846f,0.0241f,-0.0758f,0.0844f,0.9964f,-0.0108f,-0.4336f,-0.0249f,-0.0087f,-0.9997f,0.3799f,0f,0f,0f,1f],start_interpolation: 0,interpolation_duration: 1}
$data merge entity $(bone_grip) {transformation: [-0.9961f,0.0846f,0.0241f,-0.0758f,0.0844f,0.9964f,-0.0108f,-0.4336f,-0.0249f,-0.0087f,-0.9997f,0.3799f,0f,0f,0f,1f],start_interpolation: 0,interpolation_duration: 1}
$data merge entity $(bone_trigger) {transformation: [-0.9961f,0.0846f,0.0241f,-0.0762f,0.0844f,0.9964f,-0.0108f,-0.4289f,-0.0249f,-0.0087f,-0.9997f,0.4105f,0f,0f,0f,1f],start_interpolation: 0,interpolation_duration: 1}
$data merge entity $(bone_trigger_gaurd) {transformation: [-0.9961f,0.0846f,0.0241f,-0.0745f,0.0844f,0.9964f,-0.0108f,-0.3997f,-0.0249f,-0.0087f,-0.9997f,0.4427f,0f,0f,0f,1f],start_interpolation: 0,interpolation_duration: 1}
$data merge entity $(bone_right_arm) {transformation: [-0.9961f,0.0241f,-0.0846f,-0.1039f,0.0844f,-0.0108f,-0.9964f,-0.4553f,-0.0249f,-0.9997f,0.0087f,0.0513f,0f,0f,0f,1f],start_interpolation: 0,interpolation_duration: 1}
$data merge entity $(bone_magazine1) {transformation: [0f,0f,0f,-0.1332f,0f,0f,0f,-0.3679f,0f,0f,0f,0.4001f,0f,0f,0f,1f],start_interpolation: 0,interpolation_duration: 1}
$data merge entity $(bone_left_arm) {transformation: [-0.8233f,0.4247f,0.3765f,0.0739f,-0.4014f,0.0331f,-0.9153f,-0.4609f,-0.4012f,-0.9047f,0.1432f,0.0683f,0f,0f,0f,1f],start_interpolation: 0,interpolation_duration: 1}
data modify entity @s data merge value {"cameras":{},"locators":{"barrel1":{"px":-0.09957801049495159,"py":-0.34933468317641203,"pz":0.7380489140177283,"ry":1.381451247307666,"rx":-0.616966570713808}}}