# This file was generated by Animated Java via MC-Build. It is not recommended to edit this file directly.
$data merge entity $(bone_muzzleflash) {transformation: [0f,0f,0f,-0.2247f,0f,0f,0f,-0.7051f,0f,0f,0f,0.4f,0f,0f,0f,1f],start_interpolation: 0,interpolation_duration: 1}
$data merge entity $(bone_slide) {transformation: [-0.996f,0.0847f,0.0293f,-0.0738f,0.0844f,0.9964f,-0.0111f,-0.2354f,-0.0301f,-0.0086f,-0.9995f,0.5763f,0f,0f,0f,1f],start_interpolation: 0,interpolation_duration: 1}
$data merge entity $(bone_barrel) {transformation: [-0.996f,0.0847f,0.0293f,0.0283f,0.0844f,0.9964f,-0.0111f,-0.3252f,-0.0301f,-0.0086f,-0.9995f,0.5803f,0f,0f,0f,1f],start_interpolation: 0,interpolation_duration: 1}
$data merge entity $(bone_magazine) {transformation: [-0.996f,0.0847f,0.0293f,-0.0794f,0.0844f,0.9964f,-0.0111f,-0.3706f,-0.0301f,-0.0086f,-0.9995f,0.3806f,0f,0f,0f,1f],start_interpolation: 0,interpolation_duration: 1}
$data merge entity $(bone_grip) {transformation: [-0.996f,0.0847f,0.0293f,-0.0794f,0.0844f,0.9964f,-0.0111f,-0.3706f,-0.0301f,-0.0086f,-0.9995f,0.3806f,0f,0f,0f,1f],start_interpolation: 0,interpolation_duration: 1}
$data merge entity $(bone_trigger) {transformation: [-0.996f,0.0847f,0.0293f,-0.0799f,0.0844f,0.9964f,-0.0111f,-0.3659f,-0.0301f,-0.0086f,-0.9995f,0.4112f,0f,0f,0f,1f],start_interpolation: 0,interpolation_duration: 1}
$data merge entity $(bone_trigger_gaurd) {transformation: [-0.996f,0.0847f,0.0293f,-0.0784f,0.0844f,0.9964f,-0.0111f,-0.3367f,-0.0301f,-0.0086f,-0.9995f,0.4433f,0f,0f,0f,1f],start_interpolation: 0,interpolation_duration: 1}
$data merge entity $(bone_right_arm) {transformation: [-0.996f,0.0293f,-0.0847f,-0.1058f,0.0844f,-0.0111f,-0.9964f,-0.3924f,-0.0301f,-0.9995f,0.0086f,0.0519f,0f,0f,0f,1f],start_interpolation: 0,interpolation_duration: 1}
$data merge entity $(bone_magazine1) {transformation: [0f,0f,0f,-0.1368f,0f,0f,0f,-0.3049f,0f,0f,0f,0.4005f,0f,0f,0f,1f],start_interpolation: 0,interpolation_duration: 1}
$data merge entity $(bone_left_arm) {transformation: [-0.8213f,0.4294f,0.3757f,0.0719f,-0.4015f,0.0328f,-0.9153f,-0.398f,-0.4053f,-0.9025f,0.1454f,0.0698f,0f,0f,0f,1f],start_interpolation: 0,interpolation_duration: 1}
data modify entity @s data merge value {"cameras":{},"locators":{"barrel1":{"px":-0.10499793160396603,"py":-0.2862163515247016,"pz":0.738540884929907,"ry":1.676956479260241,"rx":-0.6348205776783891}}}