# This file was generated by Animated Java via MC-Build. It is not recommended to edit this file directly.
$data merge entity $(muzzleflash) {transformation: [0f,0f,0f,-0.2305f,0f,0f,0f,-0.7043f,0f,0f,0f,0.4f,0f,0f,0f,1f],start_interpolation: 0,interpolation_duration: 1}
$data merge entity $(slide) {transformation: [-0.9957f,0.085f,0.0373f,-0.0809f,0.0846f,0.9963f,-0.0113f,-0.2346f,-0.0381f,-0.0081f,-0.9992f,0.5774f,0f,0f,0f,1f],start_interpolation: 0,interpolation_duration: 1}
$data merge entity $(barrel) {transformation: [-0.9957f,0.085f,0.0373f,0.0211f,0.0846f,0.9963f,-0.0113f,-0.3245f,-0.0381f,-0.0081f,-0.9992f,0.5822f,0f,0f,0f,1f],start_interpolation: 0,interpolation_duration: 1}
$data merge entity $(magazine) {transformation: [-0.9957f,0.085f,0.0373f,-0.0849f,0.0846f,0.9963f,-0.0113f,-0.3699f,-0.0381f,-0.0081f,-0.9992f,0.3817f,0f,0f,0f,1f],start_interpolation: 0,interpolation_duration: 1}
$data merge entity $(grip) {transformation: [-0.9957f,0.085f,0.0373f,-0.0849f,0.0846f,0.9963f,-0.0113f,-0.3699f,-0.0381f,-0.0081f,-0.9992f,0.3817f,0f,0f,0f,1f],start_interpolation: 0,interpolation_duration: 1}
$data merge entity $(trigger) {transformation: [-0.9957f,0.085f,0.0373f,-0.0857f,0.0846f,0.9963f,-0.0113f,-0.3651f,-0.0381f,-0.0081f,-0.9992f,0.4122f,0f,0f,0f,1f],start_interpolation: 0,interpolation_duration: 1}
$data merge entity $(trigger_gaurd) {transformation: [-0.9957f,0.085f,0.0373f,-0.0844f,0.0846f,0.9963f,-0.0113f,-0.336f,-0.0381f,-0.0081f,-0.9992f,0.4444f,0f,0f,0f,1f],start_interpolation: 0,interpolation_duration: 1}
$data merge entity $(right_arm) {transformation: [-0.9957f,0.0373f,-0.085f,-0.1087f,0.0846f,-0.0113f,-0.9963f,-0.3918f,-0.0381f,-0.9992f,0.0081f,0.0527f,0f,0f,0f,1f],start_interpolation: 0,interpolation_duration: 1}
$data merge entity $(magazine1) {transformation: [0f,0f,0f,-0.1425f,0f,0f,0f,-0.3042f,0f,0f,0f,0.4011f,0f,0f,0f,1f],start_interpolation: 0,interpolation_duration: 1}
$data merge entity $(left_arm) {transformation: [-0.8181f,0.4366f,0.3743f,0.0689f,-0.4014f,0.0325f,-0.9153f,-0.3975f,-0.4118f,-0.8991f,0.1487f,0.0721f,0f,0f,0f,1f],start_interpolation: 0,interpolation_duration: 1}
data modify entity @s data merge value {"cameras":{},"locators":{"barrel1":{"px":-0.11336362478511765,"py":-0.2854217674694135,"pz":0.739381430110065,"ry":2.1364683853462623,"rx":-0.6502415009793948}}}