# This file was generated by Animated Java via MC-Build. It is not recommended to edit this file directly.
$data merge entity $(bone_muzzleflash) {transformation: [0f,0f,0f,-0.2031f,0f,0f,0f,-0.7542f,0f,0f,0f,0.3914f,0f,0f,0f,1f],start_interpolation: 0,interpolation_duration: 1}
$data merge entity $(bone_slide) {transformation: [-0.9944f,0.1061f,-0.0013f,-0.0367f,0.1061f,0.9941f,-0.0204f,-0.2864f,-0.0009f,-0.0205f,-0.9998f,0.5587f,0f,0f,0f,1f],start_interpolation: 0,interpolation_duration: 1}
$data merge entity $(bone_barrel) {transformation: [-0.9944f,0.1061f,-0.0013f,0.0635f,0.1061f,0.9941f,-0.0204f,-0.3785f,-0.0009f,-0.0205f,-0.9998f,0.5604f,0f,0f,0f,1f],start_interpolation: 0,interpolation_duration: 1}
$data merge entity $(bone_magazine) {transformation: [-0.9944f,0.1061f,-0.0013f,-0.0511f,0.1061f,0.9941f,-0.0204f,-0.4231f,-0.0009f,-0.0205f,-0.9998f,0.3645f,0f,0f,0f,1f],start_interpolation: 0,interpolation_duration: 1}
$data merge entity $(bone_grip) {transformation: [-0.9944f,0.1061f,-0.0013f,-0.0511f,0.1061f,0.9941f,-0.0204f,-0.4231f,-0.0009f,-0.0205f,-0.9998f,0.3645f,0f,0f,0f,1f],start_interpolation: 0,interpolation_duration: 1}
$data merge entity $(bone_trigger) {transformation: [-0.9944f,0.1061f,-0.0013f,-0.0506f,0.1061f,0.9941f,-0.0204f,-0.4182f,-0.0009f,-0.0205f,-0.9998f,0.395f,0f,0f,0f,1f],start_interpolation: 0,interpolation_duration: 1}
$data merge entity $(bone_trigger_gaurd) {transformation: [-0.9944f,0.1061f,-0.0013f,-0.0475f,0.1061f,0.9941f,-0.0204f,-0.3888f,-0.0009f,-0.0205f,-0.9998f,0.4269f,0f,0f,0f,1f],start_interpolation: 0,interpolation_duration: 1}
$data merge entity $(bone_right_arm) {transformation: [-0.9944f,-0.0013f,-0.1061f,-0.088f,0.1061f,-0.0204f,-0.9941f,-0.4473f,-0.0009f,-0.9998f,0.0205f,0.0369f,0f,0f,0f,1f],start_interpolation: 0,interpolation_duration: 1}
$data merge entity $(bone_magazine1) {transformation: [0f,0f,0f,-0.1065f,0f,0f,0f,-0.3561f,0f,0f,0f,0.3855f,0f,0f,0f,1f],start_interpolation: 0,interpolation_duration: 1}
$data merge entity $(bone_left_arm) {transformation: [-0.8418f,0.4024f,0.3598f,0.09f,-0.3868f,0.0155f,-0.922f,-0.4567f,-0.3766f,-0.9153f,0.1426f,0.0495f,0f,0f,0f,1f],start_interpolation: 0,interpolation_duration: 1}
data modify entity @s data merge value {"cameras":{},"locators":{"barrel1":{"px":-0.06405657250151478,"py":-0.3351474589990979,"pz":0.7222357507376258,"ry":359.92454763826686,"rx":-1.170458746339555}}}