# This file was generated by Animated Java via MC-Build. It is not recommended to edit this file directly.
$data merge entity $(bone_muzzleflash) {transformation: [0f,0f,0f,-0.3652f,0f,0f,0f,-0.7347f,0f,0f,0f,0.4f,0f,0f,0f,1f],start_interpolation: 0,interpolation_duration: 1}
$data merge entity $(bone_slide) {transformation: [-0.995f,0.0858f,0.0508f,-0.2177f,0.0853f,0.9963f,-0.0113f,-0.2651f,-0.0516f,-0.0069f,-0.9986f,0.5795f,0f,0f,0f,1f],start_interpolation: 0,interpolation_duration: 1}
$data merge entity $(bone_barrel) {transformation: [-0.995f,0.0858f,0.0508f,-0.1158f,0.0853f,0.9963f,-0.0113f,-0.3551f,-0.0516f,-0.0069f,-0.9986f,0.5857f,0f,0f,0f,1f],start_interpolation: 0,interpolation_duration: 1}
$data merge entity $(bone_magazine) {transformation: [-0.995f,0.0858f,0.0508f,-0.2191f,0.0853f,0.9963f,-0.0113f,-0.4003f,-0.0516f,-0.0069f,-0.9986f,0.3837f,0f,0f,0f,1f],start_interpolation: 0,interpolation_duration: 1}
$data merge entity $(bone_grip) {transformation: [-0.995f,0.0858f,0.0508f,-0.2191f,0.0853f,0.9963f,-0.0113f,-0.4003f,-0.0516f,-0.0069f,-0.9986f,0.3837f,0f,0f,0f,1f],start_interpolation: 0,interpolation_duration: 1}
$data merge entity $(bone_trigger) {transformation: [-0.995f,0.0858f,0.0508f,-0.2203f,0.0853f,0.9963f,-0.0113f,-0.3956f,-0.0516f,-0.0069f,-0.9986f,0.4142f,0f,0f,0f,1f],start_interpolation: 0,interpolation_duration: 1}
$data merge entity $(bone_trigger_gaurd) {transformation: [-0.995f,0.0858f,0.0508f,-0.2195f,0.0853f,0.9963f,-0.0113f,-0.3665f,-0.0516f,-0.0069f,-0.9986f,0.4464f,0f,0f,0f,1f],start_interpolation: 0,interpolation_duration: 1}
$data merge entity $(bone_right_arm) {transformation: [-0.995f,0.0508f,-0.0858f,-0.2385f,0.0853f,-0.0113f,-0.9963f,-0.4222f,-0.0516f,-0.9986f,0.0069f,0.0545f,0f,0f,0f,1f],start_interpolation: 0,interpolation_duration: 1}
$data merge entity $(bone_magazine1) {transformation: [0f,0f,0f,-0.277f,0f,0f,0f,-0.3346f,0f,0f,0f,0.4023f,0f,0f,0f,1f],start_interpolation: 0,interpolation_duration: 1}
$data merge entity $(bone_left_arm) {transformation: [-0.8127f,0.4488f,0.3716f,-0.0612f,-0.4008f,0.0323f,-0.9156f,-0.428f,-0.4229f,-0.8931f,0.1536f,0.0762f,0f,0f,0f,1f],start_interpolation: 0,interpolation_duration: 1}
data modify entity @s data merge value {"cameras":{},"locators":{"barrel1":{"px":-0.2524238137672883,"py":-0.31587695614381656,"pz":0.7409867370990735,"ry":2.9145143772599624,"rx":-0.6460763909692653}}}