# This file was generated by Animated Java via MC-Build. It is not recommended to edit this file directly.
$data merge entity $(bone_muzzleflash) {transformation: [0f,0f,0f,-0.369f,0f,0f,0f,-0.7345f,0f,0f,0f,0.4f,0f,0f,0f,1f],start_interpolation: 0,interpolation_duration: 1}
$data merge entity $(bone_slide) {transformation: [-0.9947f,0.0862f,0.0562f,-0.2223f,0.0857f,0.9963f,-0.0111f,-0.265f,-0.0569f,-0.0062f,-0.9984f,0.5804f,0f,0f,0f,1f],start_interpolation: 0,interpolation_duration: 1}
$data merge entity $(bone_barrel) {transformation: [-0.9947f,0.0862f,0.0562f,-0.1205f,0.0857f,0.9963f,-0.0111f,-0.355f,-0.0569f,-0.0062f,-0.9984f,0.5871f,0f,0f,0f,1f],start_interpolation: 0,interpolation_duration: 1}
$data merge entity $(bone_magazine) {transformation: [-0.9947f,0.0862f,0.0562f,-0.2228f,0.0857f,0.9963f,-0.0111f,-0.4002f,-0.0569f,-0.0062f,-0.9984f,0.3845f,0f,0f,0f,1f],start_interpolation: 0,interpolation_duration: 1}
$data merge entity $(bone_grip) {transformation: [-0.9947f,0.0862f,0.0562f,-0.2228f,0.0857f,0.9963f,-0.0111f,-0.4002f,-0.0569f,-0.0062f,-0.9984f,0.3845f,0f,0f,0f,1f],start_interpolation: 0,interpolation_duration: 1}
$data merge entity $(bone_trigger) {transformation: [-0.9947f,0.0862f,0.0562f,-0.2241f,0.0857f,0.9963f,-0.0111f,-0.3955f,-0.0569f,-0.0062f,-0.9984f,0.4151f,0f,0f,0f,1f],start_interpolation: 0,interpolation_duration: 1}
$data merge entity $(bone_trigger_gaurd) {transformation: [-0.9947f,0.0862f,0.0562f,-0.2234f,0.0857f,0.9963f,-0.0111f,-0.3663f,-0.0569f,-0.0062f,-0.9984f,0.4473f,0f,0f,0f,1f],start_interpolation: 0,interpolation_duration: 1}
$data merge entity $(bone_right_arm) {transformation: [-0.9947f,0.0562f,-0.0862f,-0.2404f,0.0857f,-0.0111f,-0.9963f,-0.422f,-0.0569f,-0.9984f,0.0062f,0.0552f,0f,0f,0f,1f],start_interpolation: 0,interpolation_duration: 1}
$data merge entity $(bone_magazine1) {transformation: [0f,0f,0f,-0.2807f,0f,0f,0f,-0.3345f,0f,0f,0f,0.4029f,0f,0f,0f,1f],start_interpolation: 0,interpolation_duration: 1}
$data merge entity $(bone_left_arm) {transformation: [-0.8106f,0.4535f,0.3705f,-0.0632f,-0.4004f,0.0323f,-0.9157f,-0.4278f,-0.4273f,-0.8906f,0.1554f,0.0779f,0f,0f,0f,1f],start_interpolation: 0,interpolation_duration: 1}
data modify entity @s data merge value {"cameras":{},"locators":{"barrel1":{"px":-0.257909363612492,"py":-0.31580625986552846,"pz":0.7416781805807942,"ry":3.2191084344025285,"rx":-0.6340076201215257}}}