# This file was generated by Animated Java via MC-Build. It is not recommended to edit this file directly.
$data merge entity $(bone_muzzleflash) {transformation: [0f,0f,0f,-0.2477f,0f,0f,0f,-0.7657f,0f,0f,0f,0.4f,0f,0f,0f,1f],start_interpolation: 0,interpolation_duration: 1}
$data merge entity $(bone_slide) {transformation: [-0.9944f,0.0865f,0.0613f,-0.1018f,0.086f,0.9962f,-0.0108f,-0.2963f,-0.062f,-0.0054f,-0.9981f,0.5813f,0f,0f,0f,1f],start_interpolation: 0,interpolation_duration: 1}
$data merge entity $(bone_barrel) {transformation: [-0.9944f,0.0865f,0.0613f,0f,0.086f,0.9962f,-0.0108f,-0.3863f,-0.062f,-0.0054f,-0.9981f,0.5885f,0f,0f,0f,1f],start_interpolation: 0,interpolation_duration: 1}
$data merge entity $(bone_magazine) {transformation: [-0.9944f,0.0865f,0.0613f,-0.1013f,0.086f,0.9962f,-0.0108f,-0.4314f,-0.062f,-0.0054f,-0.9981f,0.3854f,0f,0f,0f,1f],start_interpolation: 0,interpolation_duration: 1}
$data merge entity $(bone_grip) {transformation: [-0.9944f,0.0865f,0.0613f,-0.1013f,0.086f,0.9962f,-0.0108f,-0.4314f,-0.062f,-0.0054f,-0.9981f,0.3854f,0f,0f,0f,1f],start_interpolation: 0,interpolation_duration: 1}
$data merge entity $(bone_trigger) {transformation: [-0.9944f,0.0865f,0.0613f,-0.1028f,0.086f,0.9962f,-0.0108f,-0.4267f,-0.062f,-0.0054f,-0.9981f,0.4159f,0f,0f,0f,1f],start_interpolation: 0,interpolation_duration: 1}
$data merge entity $(bone_trigger_gaurd) {transformation: [-0.9944f,0.0865f,0.0613f,-0.1022f,0.086f,0.9962f,-0.0108f,-0.3976f,-0.062f,-0.0054f,-0.9981f,0.4482f,0f,0f,0f,1f],start_interpolation: 0,interpolation_duration: 1}
$data merge entity $(bone_right_arm) {transformation: [-0.9944f,0.0613f,-0.0865f,-0.1172f,0.086f,-0.0108f,-0.9962f,-0.4531f,-0.062f,-0.9981f,0.0054f,0.056f,0f,0f,0f,1f],start_interpolation: 0,interpolation_duration: 1}
$data merge entity $(bone_magazine1) {transformation: [0f,0f,0f,-0.1592f,0f,0f,0f,-0.3657f,0f,0f,0f,0.4035f,0f,0f,0f,1f],start_interpolation: 0,interpolation_duration: 1}
$data merge entity $(bone_left_arm) {transformation: [-0.8085f,0.4581f,0.3694f,0.0598f,-0.4f,0.0325f,-0.9159f,-0.459f,-0.4316f,-0.8883f,0.157f,0.0796f,0f,0f,0f,1f],start_interpolation: 0,interpolation_duration: 1}
data modify entity @s data merge value {"cameras":{},"locators":{"barrel1":{"px":-0.13822298796256038,"py":-0.3471590265748913,"pz":0.7423874121058114,"ry":3.5143182266973554,"rx":-0.6159635811309592}}}