# This file was generated by Animated Java via MC-Build. It is not recommended to edit this file directly.
$data merge entity $(bone_muzzleflash) {transformation: [0f,0f,0f,-0.3811f,0f,0f,0f,-0.7351f,0f,0f,0f,0.4f,0f,0f,0f,1f],start_interpolation: 0,interpolation_duration: 1}
$data merge entity $(bone_slide) {transformation: [-0.9935f,0.0874f,0.073f,-0.237f,0.0869f,0.9962f,-0.0095f,-0.266f,-0.0736f,-0.0031f,-0.9973f,0.5836f,0f,0f,0f,1f],start_interpolation: 0,interpolation_duration: 1}
$data merge entity $(bone_barrel) {transformation: [-0.9935f,0.0874f,0.073f,-0.1354f,0.0869f,0.9962f,-0.0095f,-0.3562f,-0.0736f,-0.0031f,-0.9973f,0.5919f,0f,0f,0f,1f],start_interpolation: 0,interpolation_duration: 1}
$data merge entity $(bone_magazine) {transformation: [-0.9935f,0.0874f,0.073f,-0.2343f,0.0869f,0.9962f,-0.0095f,-0.4009f,-0.0736f,-0.0031f,-0.9973f,0.3876f,0f,0f,0f,1f],start_interpolation: 0,interpolation_duration: 1}
$data merge entity $(bone_grip) {transformation: [-0.9935f,0.0874f,0.073f,-0.2343f,0.0869f,0.9962f,-0.0095f,-0.4009f,-0.0736f,-0.0031f,-0.9973f,0.3876f,0f,0f,0f,1f],start_interpolation: 0,interpolation_duration: 1}
$data merge entity $(bone_trigger) {transformation: [-0.9935f,0.0874f,0.073f,-0.2361f,0.0869f,0.9962f,-0.0095f,-0.3962f,-0.0736f,-0.0031f,-0.9973f,0.4181f,0f,0f,0f,1f],start_interpolation: 0,interpolation_duration: 1}
$data merge entity $(bone_trigger_gaurd) {transformation: [-0.9935f,0.0874f,0.073f,-0.236f,0.0869f,0.9962f,-0.0095f,-0.3672f,-0.0736f,-0.0031f,-0.9973f,0.4504f,0f,0f,0f,1f],start_interpolation: 0,interpolation_duration: 1}
$data merge entity $(bone_right_arm) {transformation: [-0.9935f,0.073f,-0.0874f,-0.2463f,0.0869f,-0.0095f,-0.9962f,-0.4221f,-0.0736f,-0.9973f,0.0031f,0.058f,0f,0f,0f,1f],start_interpolation: 0,interpolation_duration: 1}
$data merge entity $(bone_magazine1) {transformation: [0f,0f,0f,-0.2924f,0f,0f,0f,-0.3351f,0f,0f,0f,0.405f,0f,0f,0f,1f],start_interpolation: 0,interpolation_duration: 1}
$data merge entity $(bone_left_arm) {transformation: [-0.8037f,0.4686f,0.3668f,-0.0696f,-0.3988f,0.0333f,-0.9164f,-0.4282f,-0.4416f,-0.8828f,0.1601f,0.0836f,0f,0f,0f,1f],start_interpolation: 0,interpolation_duration: 1}
data modify entity @s data merge value {"cameras":{},"locators":{"barrel1":{"px":-0.27534653489481997,"py":-0.31706746124453167,"pz":0.7441977168435177,"ry":4.186785226820859,"rx":-0.5442868665574881}}}