# This file was generated by Animated Java via MC-Build. It is not recommended to edit this file directly.
$data merge entity $(bone_muzzleflash) {transformation: [0f,0f,0f,-0.3281f,0f,0f,0f,-0.7227f,0f,0f,0f,0.3917f,0f,0f,0f,1f],start_interpolation: 0,interpolation_duration: 1}
$data merge entity $(bone_slide) {transformation: [-0.9942f,0.1074f,-0.0013f,-0.1611f,0.1074f,0.994f,-0.0202f,-0.2552f,-0.0008f,-0.0202f,-0.9998f,0.5591f,0f,0f,0f,1f],start_interpolation: 0,interpolation_duration: 1}
$data merge entity $(bone_barrel) {transformation: [-0.9942f,0.1074f,-0.0013f,-0.0611f,0.1074f,0.994f,-0.0202f,-0.3474f,-0.0008f,-0.0202f,-0.9998f,0.5608f,0f,0f,0f,1f],start_interpolation: 0,interpolation_duration: 1}
$data merge entity $(bone_magazine) {transformation: [-0.9942f,0.1074f,-0.0013f,-0.1757f,0.1074f,0.994f,-0.0202f,-0.3919f,-0.0008f,-0.0202f,-0.9998f,0.3648f,0f,0f,0f,1f],start_interpolation: 0,interpolation_duration: 1}
$data merge entity $(bone_grip) {transformation: [-0.9942f,0.1074f,-0.0013f,-0.1757f,0.1074f,0.994f,-0.0202f,-0.3919f,-0.0008f,-0.0202f,-0.9998f,0.3648f,0f,0f,0f,1f],start_interpolation: 0,interpolation_duration: 1}
$data merge entity $(bone_trigger) {transformation: [-0.9942f,0.1074f,-0.0013f,-0.1752f,0.1074f,0.994f,-0.0202f,-0.3869f,-0.0008f,-0.0202f,-0.9998f,0.3954f,0f,0f,0f,1f],start_interpolation: 0,interpolation_duration: 1}
$data merge entity $(bone_trigger_gaurd) {transformation: [-0.9942f,0.1074f,-0.0013f,-0.1721f,0.1074f,0.994f,-0.0202f,-0.3575f,-0.0008f,-0.0202f,-0.9998f,0.4272f,0f,0f,0f,1f],start_interpolation: 0,interpolation_duration: 1}
$data merge entity $(bone_right_arm) {transformation: [-0.9942f,-0.0013f,-0.1074f,-0.2126f,0.1074f,-0.0202f,-0.994f,-0.4159f,-0.0008f,-0.9998f,0.0202f,0.0373f,0f,0f,0f,1f],start_interpolation: 0,interpolation_duration: 1}
$data merge entity $(bone_magazine1) {transformation: [0f,0f,0f,-0.231f,0f,0f,0f,-0.3247f,0f,0f,0f,0.3859f,0f,0f,0f,1f],start_interpolation: 0,interpolation_duration: 1}
$data merge entity $(bone_left_arm) {transformation: [-0.8423f,0.4024f,0.3587f,-0.0346f,-0.3856f,0.0152f,-0.9225f,-0.4255f,-0.3767f,-0.9153f,0.1424f,0.0499f,0f,0f,0f,1f],start_interpolation: 0,interpolation_duration: 1}
data modify entity @s data merge value {"cameras":{},"locators":{"barrel1":{"px":-0.1885296621053926,"py":-0.3039384313898028,"pz":0.7226282979185211,"ry":359.9233591842791,"rx":-1.15590136374044}}}