# This file was generated by Animated Java via MC-Build. It is not recommended to edit this file directly.
$data merge entity $(bone_muzzleflash) {transformation: [0f,0f,0f,-0.259f,0f,0f,0f,-0.7044f,0f,0f,0f,0.4f,0f,0f,0f,1f],start_interpolation: 0,interpolation_duration: 1}
$data merge entity $(bone_slide) {transformation: [-0.9932f,0.0876f,0.0771f,-0.1155f,0.0872f,0.9962f,-0.0088f,-0.2356f,-0.0775f,-0.002f,-0.997f,0.5845f,0f,0f,0f,1f],start_interpolation: 0,interpolation_duration: 1}
$data merge entity $(bone_barrel) {transformation: [-0.9932f,0.0876f,0.0771f,-0.014f,0.0872f,0.9962f,-0.0088f,-0.3257f,-0.0775f,-0.002f,-0.997f,0.5931f,0f,0f,0f,1f],start_interpolation: 0,interpolation_duration: 1}
$data merge entity $(bone_magazine) {transformation: [-0.9932f,0.0876f,0.0771f,-0.112f,0.0872f,0.9962f,-0.0088f,-0.3703f,-0.0775f,-0.002f,-0.997f,0.3884f,0f,0f,0f,1f],start_interpolation: 0,interpolation_duration: 1}
$data merge entity $(bone_grip) {transformation: [-0.9932f,0.0876f,0.0771f,-0.112f,0.0872f,0.9962f,-0.0088f,-0.3703f,-0.0775f,-0.002f,-0.997f,0.3884f,0f,0f,0f,1f],start_interpolation: 0,interpolation_duration: 1}
$data merge entity $(bone_trigger) {transformation: [-0.9932f,0.0876f,0.0771f,-0.114f,0.0872f,0.9962f,-0.0088f,-0.3656f,-0.0775f,-0.002f,-0.997f,0.4189f,0f,0f,0f,1f],start_interpolation: 0,interpolation_duration: 1}
$data merge entity $(bone_trigger_gaurd) {transformation: [-0.9932f,0.0876f,0.0771f,-0.114f,0.0872f,0.9962f,-0.0088f,-0.3366f,-0.0775f,-0.002f,-0.997f,0.4512f,0f,0f,0f,1f],start_interpolation: 0,interpolation_duration: 1}
$data merge entity $(bone_right_arm) {transformation: [-0.9932f,0.0771f,-0.0876f,-0.1228f,0.0872f,-0.0088f,-0.9962f,-0.3913f,-0.0775f,-0.997f,0.002f,0.0587f,0f,0f,0f,1f],start_interpolation: 0,interpolation_duration: 1}
$data merge entity $(bone_magazine1) {transformation: [0f,0f,0f,-0.1702f,0f,0f,0f,-0.3045f,0f,0f,0f,0.4057f,0f,0f,0f,1f],start_interpolation: 0,interpolation_duration: 1}
$data merge entity $(bone_left_arm) {transformation: [-0.802f,0.4722f,0.3659f,0.0538f,-0.3983f,0.0338f,-0.9166f,-0.3974f,-0.4452f,-0.8809f,0.161f,0.0851f,0f,0f,0f,1f],start_interpolation: 0,interpolation_duration: 1}
data modify entity @s data merge value {"cameras":{},"locators":{"barrel1":{"px":-0.15456754146861862,"py":-0.286698991883958,"pz":0.7449217811675735,"ry":4.419740939665928,"rx":-0.5047398461719987}}}