# This file was generated by Animated Java via MC-Build. It is not recommended to edit this file directly.
$data merge entity $(bone_muzzleflash) {transformation: [0f,0f,0f,-0.384f,0f,0f,0f,-0.7357f,0f,0f,0f,0.4f,0f,0f,0f,1f],start_interpolation: 0,interpolation_duration: 1}
$data merge entity $(bone_slide) {transformation: [-0.9932f,0.0876f,0.0771f,-0.2405f,0.0872f,0.9962f,-0.0088f,-0.2668f,-0.0775f,-0.002f,-0.997f,0.5845f,0f,0f,0f,1f],start_interpolation: 0,interpolation_duration: 1}
$data merge entity $(bone_barrel) {transformation: [-0.9932f,0.0876f,0.0771f,-0.139f,0.0872f,0.9962f,-0.0088f,-0.357f,-0.0775f,-0.002f,-0.997f,0.5931f,0f,0f,0f,1f],start_interpolation: 0,interpolation_duration: 1}
$data merge entity $(bone_magazine) {transformation: [-0.9932f,0.0876f,0.0771f,-0.237f,0.0872f,0.9962f,-0.0088f,-0.4015f,-0.0775f,-0.002f,-0.997f,0.3884f,0f,0f,0f,1f],start_interpolation: 0,interpolation_duration: 1}
$data merge entity $(bone_grip) {transformation: [-0.9932f,0.0876f,0.0771f,-0.237f,0.0872f,0.9962f,-0.0088f,-0.4015f,-0.0775f,-0.002f,-0.997f,0.3884f,0f,0f,0f,1f],start_interpolation: 0,interpolation_duration: 1}
$data merge entity $(bone_trigger) {transformation: [-0.9932f,0.0876f,0.0771f,-0.239f,0.0872f,0.9962f,-0.0088f,-0.3969f,-0.0775f,-0.002f,-0.997f,0.4189f,0f,0f,0f,1f],start_interpolation: 0,interpolation_duration: 1}
$data merge entity $(bone_trigger_gaurd) {transformation: [-0.9932f,0.0876f,0.0771f,-0.239f,0.0872f,0.9962f,-0.0088f,-0.3678f,-0.0775f,-0.002f,-0.997f,0.4512f,0f,0f,0f,1f],start_interpolation: 0,interpolation_duration: 1}
$data merge entity $(bone_right_arm) {transformation: [-0.9932f,0.0771f,-0.0876f,-0.2478f,0.0872f,-0.0088f,-0.9962f,-0.4225f,-0.0775f,-0.997f,0.002f,0.0587f,0f,0f,0f,1f],start_interpolation: 0,interpolation_duration: 1}
$data merge entity $(bone_magazine1) {transformation: [0f,0f,0f,-0.2952f,0f,0f,0f,-0.3358f,0f,0f,0f,0.4057f,0f,0f,0f,1f],start_interpolation: 0,interpolation_duration: 1}
$data merge entity $(bone_left_arm) {transformation: [-0.802f,0.4722f,0.3659f,-0.0712f,-0.3983f,0.0338f,-0.9166f,-0.4287f,-0.4452f,-0.8809f,0.161f,0.0851f,0f,0f,0f,1f],start_interpolation: 0,interpolation_duration: 1}
data modify entity @s data merge value {"cameras":{},"locators":{"barrel1":{"px":-0.2795675414686186,"py":-0.317948991883958,"pz":0.7449217811675735,"ry":4.419740939665928,"rx":-0.5047398461719987}}}