# This file was generated by Animated Java via MC-Build. It is not recommended to edit this file directly.
$data merge entity $(muzzleflash) {transformation: [0f,0f,0f,-0.2604f,0f,0f,0f,-0.7048f,0f,0f,0f,0.4f,0f,0f,0f,1f],start_interpolation: 0,interpolation_duration: 1}
$data merge entity $(slide) {transformation: [-0.993f,0.0877f,0.0789f,-0.1172f,0.0873f,0.9961f,-0.0084f,-0.236f,-0.0794f,-0.0015f,-0.9968f,0.5849f,0f,0f,0f,1f],start_interpolation: 0,interpolation_duration: 1}
$data merge entity $(barrel) {transformation: [-0.993f,0.0877f,0.0789f,-0.0157f,0.0873f,0.9961f,-0.0084f,-0.3262f,-0.0794f,-0.0015f,-0.9968f,0.5937f,0f,0f,0f,1f],start_interpolation: 0,interpolation_duration: 1}
$data merge entity $(magazine) {transformation: [-0.993f,0.0877f,0.0789f,-0.1133f,0.0873f,0.9961f,-0.0084f,-0.3707f,-0.0794f,-0.0015f,-0.9968f,0.3888f,0f,0f,0f,1f],start_interpolation: 0,interpolation_duration: 1}
$data merge entity $(grip) {transformation: [-0.993f,0.0877f,0.0789f,-0.1133f,0.0873f,0.9961f,-0.0084f,-0.3707f,-0.0794f,-0.0015f,-0.9968f,0.3888f,0f,0f,0f,1f],start_interpolation: 0,interpolation_duration: 1}
$data merge entity $(trigger) {transformation: [-0.993f,0.0877f,0.0789f,-0.1154f,0.0873f,0.9961f,-0.0084f,-0.366f,-0.0794f,-0.0015f,-0.9968f,0.4193f,0f,0f,0f,1f],start_interpolation: 0,interpolation_duration: 1}
$data merge entity $(trigger_gaurd) {transformation: [-0.993f,0.0877f,0.0789f,-0.1154f,0.0873f,0.9961f,-0.0084f,-0.337f,-0.0794f,-0.0015f,-0.9968f,0.4516f,0f,0f,0f,1f],start_interpolation: 0,interpolation_duration: 1}
$data merge entity $(right_arm) {transformation: [-0.993f,0.0789f,-0.0877f,-0.1234f,0.0873f,-0.0084f,-0.9961f,-0.3916f,-0.0794f,-0.9968f,0.0015f,0.0591f,0f,0f,0f,1f],start_interpolation: 0,interpolation_duration: 1}
$data merge entity $(magazine1) {transformation: [0f,0f,0f,-0.1715f,0f,0f,0f,-0.3049f,0f,0f,0f,0.406f,0f,0f,0f,1f],start_interpolation: 0,interpolation_duration: 1}
$data merge entity $(left_arm) {transformation: [-0.8012f,0.4738f,0.3655f,0.0531f,-0.3981f,0.0341f,-0.9167f,-0.3977f,-0.4468f,-0.88f,0.1613f,0.0858f,0f,0f,0f,1f],start_interpolation: 0,interpolation_duration: 1}
data modify entity @s data merge value {"cameras":{},"locators":{"barrel1":{"px":-0.1565119487297111,"py":-0.2872403968461559,"pz":0.74528113004993,"ry":4.5266275815668,"rx":-0.4825770889796471}}}