# This file was generated by Animated Java via MC-Build. It is not recommended to edit this file directly.
$data merge entity $(bone_muzzleflash) {transformation: [0f,0f,0f,-0.2628f,0f,0f,0f,-0.7058f,0f,0f,0f,0.4f,0f,0f,0f,1f],start_interpolation: 0,interpolation_duration: 1}
$data merge entity $(bone_slide) {transformation: [-0.9927f,0.0878f,0.0823f,-0.1201f,0.0875f,0.9961f,-0.0076f,-0.2372f,-0.0826f,-0.0003f,-0.9966f,0.5858f,0f,0f,0f,1f],start_interpolation: 0,interpolation_duration: 1}
$data merge entity $(bone_barrel) {transformation: [-0.9927f,0.0878f,0.0823f,-0.0187f,0.0875f,0.9961f,-0.0076f,-0.3274f,-0.0826f,-0.0003f,-0.9966f,0.5949f,0f,0f,0f,1f],start_interpolation: 0,interpolation_duration: 1}
$data merge entity $(bone_magazine) {transformation: [-0.9927f,0.0878f,0.0823f,-0.1157f,0.0875f,0.9961f,-0.0076f,-0.3717f,-0.0826f,-0.0003f,-0.9966f,0.3896f,0f,0f,0f,1f],start_interpolation: 0,interpolation_duration: 1}
$data merge entity $(bone_grip) {transformation: [-0.9927f,0.0878f,0.0823f,-0.1157f,0.0875f,0.9961f,-0.0076f,-0.3717f,-0.0826f,-0.0003f,-0.9966f,0.3896f,0f,0f,0f,1f],start_interpolation: 0,interpolation_duration: 1}
$data merge entity $(bone_trigger) {transformation: [-0.9927f,0.0878f,0.0823f,-0.1178f,0.0875f,0.9961f,-0.0076f,-0.3671f,-0.0826f,-0.0003f,-0.9966f,0.4201f,0f,0f,0f,1f],start_interpolation: 0,interpolation_duration: 1}
$data merge entity $(bone_trigger_gaurd) {transformation: [-0.9927f,0.0878f,0.0823f,-0.1179f,0.0875f,0.9961f,-0.0076f,-0.3381f,-0.0826f,-0.0003f,-0.9966f,0.4524f,0f,0f,0f,1f],start_interpolation: 0,interpolation_duration: 1}
$data merge entity $(bone_right_arm) {transformation: [-0.9927f,0.0823f,-0.0878f,-0.1247f,0.0875f,-0.0076f,-0.9961f,-0.3923f,-0.0826f,-0.9966f,0.0003f,0.0598f,0f,0f,0f,1f],start_interpolation: 0,interpolation_duration: 1}
$data merge entity $(bone_magazine1) {transformation: [0f,0f,0f,-0.1739f,0f,0f,0f,-0.3059f,0f,0f,0f,0.4066f,0f,0f,0f,1f],start_interpolation: 0,interpolation_duration: 1}
$data merge entity $(bone_left_arm) {transformation: [-0.7997f,0.4768f,0.3649f,0.0518f,-0.3976f,0.0348f,-0.9169f,-0.3985f,-0.4498f,-0.8783f,0.1617f,0.0871f,0f,0f,0f,1f],start_interpolation: 0,interpolation_duration: 1}
data modify entity @s data merge value {"cameras":{},"locators":{"barrel1":{"px":-0.16002907069293326,"py":-0.28853834550262725,"pz":0.7459912673983102,"ry":4.718877071629663,"rx":-0.4333908076824494}}}