# This file was generated by Animated Java via MC-Build. It is not recommended to edit this file directly.
$data merge entity $(bone_muzzleflash) {transformation: [0f,0f,0f,-0.3906f,0f,0f,0f,-0.7391f,0f,0f,0f,0.4f,0f,0f,0f,1f],start_interpolation: 0,interpolation_duration: 1}
$data merge entity $(bone_slide) {transformation: [-0.9924f,0.0878f,0.0862f,-0.2487f,0.0876f,0.9961f,-0.0061f,-0.2707f,-0.0864f,0.0015f,-0.9963f,0.5871f,0f,0f,0f,1f],start_interpolation: 0,interpolation_duration: 1}
$data merge entity $(bone_barrel) {transformation: [-0.9924f,0.0878f,0.0862f,-0.1473f,0.0876f,0.9961f,-0.0061f,-0.3609f,-0.0864f,0.0015f,-0.9963f,0.5964f,0f,0f,0f,1f],start_interpolation: 0,interpolation_duration: 1}
$data merge entity $(bone_magazine) {transformation: [-0.9924f,0.0878f,0.0862f,-0.2435f,0.0876f,0.9961f,-0.0061f,-0.4049f,-0.0864f,0.0015f,-0.9963f,0.3907f,0f,0f,0f,1f],start_interpolation: 0,interpolation_duration: 1}
$data merge entity $(bone_grip) {transformation: [-0.9924f,0.0878f,0.0862f,-0.2435f,0.0876f,0.9961f,-0.0061f,-0.4049f,-0.0864f,0.0015f,-0.9963f,0.3907f,0f,0f,0f,1f],start_interpolation: 0,interpolation_duration: 1}
$data merge entity $(bone_trigger) {transformation: [-0.9924f,0.0878f,0.0862f,-0.2457f,0.0876f,0.9961f,-0.0061f,-0.4004f,-0.0864f,0.0015f,-0.9963f,0.4212f,0f,0f,0f,1f],start_interpolation: 0,interpolation_duration: 1}
$data merge entity $(bone_trigger_gaurd) {transformation: [-0.9924f,0.0878f,0.0862f,-0.246f,0.0876f,0.9961f,-0.0061f,-0.3714f,-0.0864f,0.0015f,-0.9963f,0.4536f,0f,0f,0f,1f],start_interpolation: 0,interpolation_duration: 1}
$data merge entity $(bone_right_arm) {transformation: [-0.9924f,0.0862f,-0.0878f,-0.2512f,0.0876f,-0.0061f,-0.9961f,-0.425f,-0.0864f,-0.9963f,-0.0015f,0.0609f,0f,0f,0f,1f],start_interpolation: 0,interpolation_duration: 1}
$data merge entity $(bone_magazine1) {transformation: [0f,0f,0f,-0.3018f,0f,0f,0f,-0.3392f,0f,0f,0f,0.4076f,0f,0f,0f,1f],start_interpolation: 0,interpolation_duration: 1}
$data merge entity $(bone_left_arm) {transformation: [-0.7979f,0.4802f,0.3643f,-0.0748f,-0.3969f,0.0361f,-0.9171f,-0.4312f,-0.4536f,-0.8764f,0.1618f,0.0888f,0f,0f,0f,1f],start_interpolation: 0,interpolation_duration: 1}
data modify entity @s data merge value {"cameras":{},"locators":{"barrel1":{"px":-0.2892565200402633,"py":-0.3223147679153328,"pz":0.7470255948160343,"ry":4.946406688954994,"rx":-0.34720714881170406}}}