# This file was generated by Animated Java via MC-Build. It is not recommended to edit this file directly.
$data merge entity $(bone_muzzleflash) {transformation: [0f,0f,0f,-0.2679f,0f,0f,0f,-0.7747f,0f,0f,0f,0.4f,0f,0f,0f,1f],start_interpolation: 0,interpolation_duration: 1}
$data merge entity $(bone_slide) {transformation: [-0.9922f,0.0864f,0.0898f,-0.1273f,0.0864f,0.9963f,-0.0033f,-0.3067f,-0.0898f,0.0045f,-0.996f,0.5889f,0f,0f,0f,1f],start_interpolation: 0,interpolation_duration: 1}
$data merge entity $(bone_barrel) {transformation: [-0.9922f,0.0864f,0.0898f,-0.0258f,0.0864f,0.9963f,-0.0033f,-0.3968f,-0.0898f,0.0045f,-0.996f,0.5983f,0f,0f,0f,1f],start_interpolation: 0,interpolation_duration: 1}
$data merge entity $(bone_magazine) {transformation: [-0.9922f,0.0864f,0.0898f,-0.1212f,0.0864f,0.9963f,-0.0033f,-0.4403f,-0.0898f,0.0045f,-0.996f,0.3921f,0f,0f,0f,1f],start_interpolation: 0,interpolation_duration: 1}
$data merge entity $(bone_grip) {transformation: [-0.9922f,0.0864f,0.0898f,-0.1212f,0.0864f,0.9963f,-0.0033f,-0.4403f,-0.0898f,0.0045f,-0.996f,0.3921f,0f,0f,0f,1f],start_interpolation: 0,interpolation_duration: 1}
$data merge entity $(bone_trigger) {transformation: [-0.9922f,0.0864f,0.0898f,-0.1235f,0.0864f,0.9963f,-0.0033f,-0.4359f,-0.0898f,0.0045f,-0.996f,0.4226f,0f,0f,0f,1f],start_interpolation: 0,interpolation_duration: 1}
$data merge entity $(bone_trigger_gaurd) {transformation: [-0.9922f,0.0864f,0.0898f,-0.124f,0.0864f,0.9963f,-0.0033f,-0.407f,-0.0898f,0.0045f,-0.996f,0.4551f,0f,0f,0f,1f],start_interpolation: 0,interpolation_duration: 1}
$data merge entity $(bone_right_arm) {transformation: [-0.9922f,0.0898f,-0.0864f,-0.1276f,0.0864f,-0.0033f,-0.9963f,-0.4596f,-0.0898f,-0.996f,-0.0045f,0.0622f,0f,0f,0f,1f],start_interpolation: 0,interpolation_duration: 1}
$data merge entity $(bone_magazine1) {transformation: [0f,0f,0f,-0.1797f,0f,0f,0f,-0.3748f,0f,0f,0f,0.409f,0f,0f,0f,1f],start_interpolation: 0,interpolation_duration: 1}
$data merge entity $(bone_left_arm) {transformation: [-0.7957f,0.4833f,0.365f,0.0486f,-0.3968f,0.0392f,-0.917f,-0.4656f,-0.4576f,-0.8746f,0.1606f,0.0908f,0f,0f,0f,1f],start_interpolation: 0,interpolation_duration: 1}
data modify entity @s data merge value {"cameras":{},"locators":{"barrel1":{"px":-0.16834865950920444,"py":-0.3587791217422896,"pz":0.7485064407156741,"ry":5.152807485670962,"rx":-0.18657838501778157}}}