# This file was generated by Animated Java via MC-Build. It is not recommended to edit this file directly.
$data merge entity $(bone_muzzleflash) {transformation: [0f,0f,0f,-0.3936f,0f,0f,0f,-0.7501f,0f,0f,0f,0.4f,0f,0f,0f,1f],start_interpolation: 0,interpolation_duration: 1}
$data merge entity $(bone_slide) {transformation: [-0.9923f,0.083f,0.092f,-0.2551f,0.0834f,0.9965f,0.0006f,-0.2823f,-0.0916f,0.0083f,-0.9958f,0.5909f,0f,0f,0f,1f],start_interpolation: 0,interpolation_duration: 1}
$data merge entity $(bone_barrel) {transformation: [-0.9923f,0.083f,0.092f,-0.1532f,0.0834f,0.9965f,0.0006f,-0.372f,-0.0916f,0.0083f,-0.9958f,0.6002f,0f,0f,0f,1f],start_interpolation: 0,interpolation_duration: 1}
$data merge entity $(bone_magazine) {transformation: [-0.9923f,0.083f,0.092f,-0.248f,0.0834f,0.9965f,0.0006f,-0.4152f,-0.0916f,0.0083f,-0.9958f,0.3936f,0f,0f,0f,1f],start_interpolation: 0,interpolation_duration: 1}
$data merge entity $(bone_grip) {transformation: [-0.9923f,0.083f,0.092f,-0.248f,0.0834f,0.9965f,0.0006f,-0.4152f,-0.0916f,0.0083f,-0.9958f,0.3936f,0f,0f,0f,1f],start_interpolation: 0,interpolation_duration: 1}
$data merge entity $(bone_trigger) {transformation: [-0.9923f,0.083f,0.092f,-0.2505f,0.0834f,0.9965f,0.0006f,-0.4108f,-0.0916f,0.0083f,-0.9958f,0.4242f,0f,0f,0f,1f],start_interpolation: 0,interpolation_duration: 1}
$data merge entity $(bone_trigger_gaurd) {transformation: [-0.9923f,0.083f,0.092f,-0.2511f,0.0834f,0.9965f,0.0006f,-0.3821f,-0.0916f,0.0083f,-0.9958f,0.4567f,0f,0f,0f,1f],start_interpolation: 0,interpolation_duration: 1}
$data merge entity $(bone_right_arm) {transformation: [-0.9923f,0.092f,-0.083f,-0.2537f,0.0834f,0.0006f,-0.9965f,-0.4332f,-0.0916f,-0.9958f,-0.0083f,0.0637f,0f,0f,0f,1f],start_interpolation: 0,interpolation_duration: 1}
$data merge entity $(bone_magazine1) {transformation: [0f,0f,0f,-0.3068f,0f,0f,0f,-0.3498f,0f,0f,0f,0.4106f,0f,0f,0f,1f],start_interpolation: 0,interpolation_duration: 1}
$data merge entity $(bone_left_arm) {transformation: [-0.7934f,0.4851f,0.3677f,-0.0775f,-0.3979f,0.0439f,-0.9164f,-0.4388f,-0.4607f,-0.8733f,0.1582f,0.0926f,0f,0f,0f,1f],start_interpolation: 0,interpolation_duration: 1}
data modify entity @s data merge value {"cameras":{},"locators":{"barrel1":{"px":-0.2962594296175083,"py":-0.335031197848346,"pz":0.7502141749313955,"ry":5.279379951714986,"rx":0.03555816512675324}}}