# This file was generated by Animated Java via MC-Build. It is not recommended to edit this file directly.
$data merge entity $(bone_muzzleflash) {transformation: [0f,0f,0f,-0.3933f,0f,0f,0f,-0.7581f,0f,0f,0f,0.4f,0f,0f,0f,1f],start_interpolation: 0,interpolation_duration: 1}
$data merge entity $(bone_slide) {transformation: [-0.9926f,0.0785f,0.093f,-0.257f,0.0794f,0.9968f,0.0053f,-0.2905f,-0.0923f,0.0126f,-0.9957f,0.593f,0f,0f,0f,1f],start_interpolation: 0,interpolation_duration: 1}
$data merge entity $(bone_barrel) {transformation: [-0.9926f,0.0785f,0.093f,-0.1548f,0.0794f,0.9968f,0.0053f,-0.3799f,-0.0923f,0.0126f,-0.9957f,0.6021f,0f,0f,0f,1f],start_interpolation: 0,interpolation_duration: 1}
$data merge entity $(bone_magazine) {transformation: [-0.9926f,0.0785f,0.093f,-0.2491f,0.0794f,0.9968f,0.0053f,-0.4226f,-0.0923f,0.0126f,-0.9957f,0.3952f,0f,0f,0f,1f],start_interpolation: 0,interpolation_duration: 1}
$data merge entity $(bone_grip) {transformation: [-0.9926f,0.0785f,0.093f,-0.2491f,0.0794f,0.9968f,0.0053f,-0.4226f,-0.0923f,0.0126f,-0.9957f,0.3952f,0f,0f,0f,1f],start_interpolation: 0,interpolation_duration: 1}
$data merge entity $(bone_trigger) {transformation: [-0.9926f,0.0785f,0.093f,-0.2516f,0.0794f,0.9968f,0.0053f,-0.4184f,-0.0923f,0.0126f,-0.9957f,0.4258f,0f,0f,0f,1f],start_interpolation: 0,interpolation_duration: 1}
$data merge entity $(bone_trigger_gaurd) {transformation: [-0.9926f,0.0785f,0.093f,-0.2524f,0.0794f,0.9968f,0.0053f,-0.3897f,-0.0923f,0.0126f,-0.9957f,0.4584f,0f,0f,0f,1f],start_interpolation: 0,interpolation_duration: 1}
$data merge entity $(bone_right_arm) {transformation: [-0.9926f,0.093f,-0.0785f,-0.2544f,0.0794f,0.0053f,-0.9968f,-0.4392f,-0.0923f,-0.9957f,-0.0126f,0.0652f,0f,0f,0f,1f],start_interpolation: 0,interpolation_duration: 1}
$data merge entity $(bone_magazine1) {transformation: [0f,0f,0f,-0.3082f,0f,0f,0f,-0.3576f,0f,0f,0f,0.4124f,0f,0f,0f,1f],start_interpolation: 0,interpolation_duration: 1}
$data merge entity $(bone_left_arm) {transformation: [-0.7911f,0.4858f,0.3716f,-0.0782f,-0.3994f,0.0499f,-0.9154f,-0.4442f,-0.4632f,-0.8726f,0.1546f,0.0943f,0f,0f,0f,1f],start_interpolation: 0,interpolation_duration: 1}
data modify entity @s data merge value {"cameras":{},"locators":{"barrel1":{"px":-0.2980952430891318,"py":-0.3441842159440367,"pz":0.7520890058255285,"ry":5.337330676372375,"rx":0.3037230891724023}}}