# This file was generated by Animated Java via MC-Build. It is not recommended to edit this file directly.
$data merge entity $(bone_muzzleflash) {transformation: [0f,0f,0f,-0.2634f,0f,0f,0f,-0.7701f,0f,0f,0f,0.4f,0f,0f,0f,1f],start_interpolation: 0,interpolation_duration: 1}
$data merge entity $(bone_slide) {transformation: [-0.9935f,0.0737f,0.0868f,-0.1282f,0.077f,0.9964f,0.0348f,-0.3077f,-0.0839f,0.0413f,-0.9956f,0.6058f,0f,0f,0f,1f],start_interpolation: 0,interpolation_duration: 1}
$data merge entity $(bone_barrel) {transformation: [-0.9935f,0.0737f,0.0868f,-0.0255f,0.077f,0.9964f,0.0348f,-0.3967f,-0.0839f,0.0413f,-0.9956f,0.6116f,0f,0f,0f,1f],start_interpolation: 0,interpolation_duration: 1}
$data merge entity $(bone_magazine) {transformation: [-0.9935f,0.0737f,0.0868f,-0.121f,0.077f,0.9964f,0.0348f,-0.4338f,-0.0839f,0.0413f,-0.9956f,0.4041f,0f,0f,0f,1f],start_interpolation: 0,interpolation_duration: 1}
$data merge entity $(bone_grip) {transformation: [-0.9935f,0.0737f,0.0868f,-0.121f,0.077f,0.9964f,0.0348f,-0.4338f,-0.0839f,0.0413f,-0.9956f,0.4041f,0f,0f,0f,1f],start_interpolation: 0,interpolation_duration: 1}
$data merge entity $(bone_trigger) {transformation: [-0.9935f,0.0737f,0.0868f,-0.1233f,0.077f,0.9964f,0.0348f,-0.4305f,-0.0839f,0.0413f,-0.9956f,0.4348f,0f,0f,0f,1f],start_interpolation: 0,interpolation_duration: 1}
$data merge entity $(bone_trigger_gaurd) {transformation: [-0.9935f,0.0737f,0.0868f,-0.124f,0.077f,0.9964f,0.0348f,-0.4029f,-0.0839f,0.0413f,-0.9956f,0.4683f,0f,0f,0f,1f],start_interpolation: 0,interpolation_duration: 1}
$data merge entity $(bone_right_arm) {transformation: [-0.9935f,0.0868f,-0.0737f,-0.1282f,0.077f,0.0348f,-0.9964f,-0.4409f,-0.0839f,-0.9956f,-0.0413f,0.0738f,0f,0f,0f,1f],start_interpolation: 0,interpolation_duration: 1}
$data merge entity $(bone_magazine1) {transformation: [0f,0f,0f,-0.1802f,0f,0f,0f,-0.3697f,0f,0f,0f,0.4236f,0f,0f,0f,1f],start_interpolation: 0,interpolation_duration: 1}
$data merge entity $(bone_left_arm) {transformation: [-0.792f,0.4801f,0.3771f,0.0482f,-0.3898f,0.0778f,-0.9176f,-0.4457f,-0.4699f,-0.8738f,0.1255f,0.1017f,0f,0f,0f,1f],start_interpolation: 0,interpolation_duration: 1}
data modify entity @s data merge value {"cameras":{},"locators":{"barrel1":{"px":-0.16807308766331008,"py":-0.36612609287676845,"pz":0.7634502134466217,"ry":4.981115700740332,"rx":1.996746844527506}}}