# This file was generated by Animated Java via MC-Build. It is not recommended to edit this file directly.
$data merge entity $(bone_muzzleflash) {transformation: [0f,0f,0f,-0.2656f,0f,0f,0f,-0.9266f,0f,0f,0f,0.4f,0f,0f,0f,1f],start_interpolation: 0,interpolation_duration: 1}
$data merge entity $(bone_slide) {transformation: [-0.9927f,0.084f,0.0862f,-0.1255f,0.0875f,0.9955f,0.0376f,-0.4663f,-0.0826f,0.0448f,-0.9956f,0.6073f,0f,0f,0f,1f],start_interpolation: 0,interpolation_duration: 1}
$data merge entity $(bone_barrel) {transformation: [-0.9927f,0.084f,0.0862f,-0.0237f,0.0875f,0.9955f,0.0376f,-0.5564f,-0.0826f,0.0448f,-0.9956f,0.6127f,0f,0f,0f,1f],start_interpolation: 0,interpolation_duration: 1}
$data merge entity $(bone_magazine) {transformation: [-0.9927f,0.084f,0.0862f,-0.1197f,0.0875f,0.9955f,0.0376f,-0.5918f,-0.0826f,0.0448f,-0.9956f,0.4052f,0f,0f,0f,1f],start_interpolation: 0,interpolation_duration: 1}
$data merge entity $(bone_grip) {transformation: [-0.9927f,0.084f,0.0862f,-0.1197f,0.0875f,0.9955f,0.0376f,-0.5918f,-0.0826f,0.0448f,-0.9956f,0.4052f,0f,0f,0f,1f],start_interpolation: 0,interpolation_duration: 1}
$data merge entity $(bone_trigger) {transformation: [-0.9927f,0.084f,0.0862f,-0.122f,0.0875f,0.9955f,0.0376f,-0.5885f,-0.0826f,0.0448f,-0.9956f,0.4359f,0f,0f,0f,1f],start_interpolation: 0,interpolation_duration: 1}
$data merge entity $(bone_trigger_gaurd) {transformation: [-0.9927f,0.084f,0.0862f,-0.1224f,0.0875f,0.9955f,0.0376f,-0.561f,-0.0826f,0.0448f,-0.9956f,0.4695f,0f,0f,0f,1f],start_interpolation: 0,interpolation_duration: 1}
$data merge entity $(bone_right_arm) {transformation: [-0.9927f,0.0862f,-0.084f,-0.1274f,0.0875f,0.0376f,-0.9955f,-0.5975f,-0.0826f,-0.9956f,-0.0448f,0.0748f,0f,0f,0f,1f],start_interpolation: 0,interpolation_duration: 1}
$data merge entity $(bone_magazine1) {transformation: [0f,0f,0f,-0.1783f,0f,0f,0f,-0.5271f,0f,0f,0f,0.425f,0f,0f,0f,1f],start_interpolation: 0,interpolation_duration: 1}
$data merge entity $(bone_left_arm) {transformation: [-0.7964f,0.48f,0.3678f,0.049f,-0.3799f,0.076f,-0.9219f,-0.6043f,-0.4705f,-0.8739f,0.1218f,0.1025f,0f,0f,0f,1f],start_interpolation: 0,interpolation_duration: 1}
data modify entity @s data merge value {"cameras":{},"locators":{"barrel1":{"px":-0.1658129172221606,"py":-0.5249054917032371,"pz":0.7648152960089903,"ry":4.946369821146249,"rx":2.152791757114198}}}