# This file was generated by Animated Java via MC-Build. It is not recommended to edit this file directly.
$data merge entity $(bone_muzzleflash) {transformation: [0f,0f,0f,-0.3955f,0f,0f,0f,-0.7977f,0f,0f,0f,0.4f,0f,0f,0f,1f],start_interpolation: 0,interpolation_duration: 1}
$data merge entity $(bone_slide) {transformation: [-0.991f,0.103f,0.0859f,-0.2464f,0.1067f,0.9935f,0.0392f,-0.3408f,-0.0813f,0.0481f,-0.9955f,0.6087f,0f,0f,0f,1f],start_interpolation: 0,interpolation_duration: 1}
$data merge entity $(bone_barrel) {transformation: [-0.991f,0.103f,0.0859f,-0.1464f,0.1067f,0.9935f,0.0392f,-0.4329f,-0.0813f,0.0481f,-0.9955f,0.6137f,0f,0f,0f,1f],start_interpolation: 0,interpolation_duration: 1}
$data merge entity $(bone_magazine) {transformation: [-0.991f,0.103f,0.0859f,-0.2432f,0.1067f,0.9935f,0.0392f,-0.4657f,-0.0813f,0.0481f,-0.9955f,0.4062f,0f,0f,0f,1f],start_interpolation: 0,interpolation_duration: 1}
$data merge entity $(bone_grip) {transformation: [-0.991f,0.103f,0.0859f,-0.2432f,0.1067f,0.9935f,0.0392f,-0.4657f,-0.0813f,0.0481f,-0.9955f,0.4062f,0f,0f,0f,1f],start_interpolation: 0,interpolation_duration: 1}
$data merge entity $(bone_trigger) {transformation: [-0.991f,0.103f,0.0859f,-0.2454f,0.1067f,0.9935f,0.0392f,-0.4626f,-0.0813f,0.0481f,-0.9955f,0.4369f,0f,0f,0f,1f],start_interpolation: 0,interpolation_duration: 1}
$data merge entity $(bone_trigger_gaurd) {transformation: [-0.991f,0.103f,0.0859f,-0.2452f,0.1067f,0.9935f,0.0392f,-0.4352f,-0.0813f,0.0481f,-0.9955f,0.4706f,0f,0f,0f,1f],start_interpolation: 0,interpolation_duration: 1}
$data merge entity $(bone_right_arm) {transformation: [-0.991f,0.0859f,-0.103f,-0.2513f,0.1067f,0.0392f,-0.9935f,-0.4702f,-0.0813f,-0.9955f,-0.0481f,0.0758f,0f,0f,0f,1f],start_interpolation: 0,interpolation_duration: 1}
$data merge entity $(bone_magazine1) {transformation: [0f,0f,0f,-0.3006f,0f,0f,0f,-0.4f,0f,0f,0f,0.4262f,0f,0f,0f,1f],start_interpolation: 0,interpolation_duration: 1}
$data merge entity $(bone_left_arm) {transformation: [-0.804f,0.4806f,0.3503f,-0.075f,-0.3631f,0.0698f,-0.9291f,-0.4805f,-0.471f,-0.8742f,0.1184f,0.1033f,0f,0f,0f,1f],start_interpolation: 0,interpolation_duration: 1}
data modify entity @s data merge value {"cameras":{},"locators":{"barrel1":{"px":-0.28767317679266186,"py":-0.3992128098513509,"pz":0.7660484833765188,"ry":4.932340210017145,"rx":2.2493436666472246}}}