# This file was generated by Animated Java via MC-Build. It is not recommended to edit this file directly.
$data merge entity $(bone_muzzleflash) {transformation: [0f,0f,0f,-0.3086f,0f,0f,0f,-0.8777f,0f,0f,0f,0.4f,0f,0f,0f,1f],start_interpolation: 0,interpolation_duration: 1}
$data merge entity $(bone_slide) {transformation: [-0.9652f,0.247f,0.0854f,-0.0934f,0.251f,0.9671f,0.0403f,-0.4505f,-0.0727f,0.0604f,-0.9955f,0.6136f,0f,0f,0f,1f],start_interpolation: 0,interpolation_duration: 1}
$data merge entity $(bone_barrel) {transformation: [-0.9652f,0.247f,0.0854f,-0.0078f,0.251f,0.9671f,0.0403f,-0.5562f,-0.0727f,0.0604f,-0.9955f,0.6166f,0f,0f,0f,1f],start_interpolation: 0,interpolation_duration: 1}
$data merge entity $(bone_magazine) {transformation: [-0.9652f,0.247f,0.0854f,-0.1096f,0.251f,0.9671f,0.0403f,-0.5716f,-0.0727f,0.0604f,-0.9955f,0.4094f,0f,0f,0f,1f],start_interpolation: 0,interpolation_duration: 1}
$data merge entity $(bone_grip) {transformation: [-0.9652f,0.247f,0.0854f,-0.1096f,0.251f,0.9671f,0.0403f,-0.5716f,-0.0727f,0.0604f,-0.9955f,0.4094f,0f,0f,0f,1f],start_interpolation: 0,interpolation_duration: 1}
$data merge entity $(bone_trigger) {transformation: [-0.9652f,0.247f,0.0854f,-0.1111f,0.251f,0.9671f,0.0403f,-0.5686f,-0.0727f,0.0604f,-0.9955f,0.4402f,0f,0f,0f,1f],start_interpolation: 0,interpolation_duration: 1}
$data merge entity $(bone_trigger_gaurd) {transformation: [-0.9652f,0.247f,0.0854f,-0.1067f,0.251f,0.9671f,0.0403f,-0.542f,-0.0727f,0.0604f,-0.9955f,0.4742f,0f,0f,0f,1f],start_interpolation: 0,interpolation_duration: 1}
$data merge entity $(bone_right_arm) {transformation: [-0.9652f,0.0854f,-0.247f,-0.12f,0.251f,0.0403f,-0.9671f,-0.5703f,-0.0727f,-0.9955f,-0.0604f,0.0791f,0f,0f,0f,1f],start_interpolation: 0,interpolation_duration: 1}
$data merge entity $(bone_magazine1) {transformation: [0f,0f,0f,-0.1566f,0f,0f,0f,-0.4986f,0f,0f,0f,0.4307f,0f,0f,0f,1f],start_interpolation: 0,interpolation_duration: 1}
$data merge entity $(bone_left_arm) {transformation: [-0.8508f,0.4809f,0.2117f,0.0531f,-0.2354f,0.0113f,-0.9718f,-0.6065f,-0.4698f,-0.8767f,0.1036f,0.1051f,0f,0f,0f,1f],start_interpolation: 0,interpolation_duration: 1}
data modify entity @s data merge value {"cameras":{},"locators":{"barrel1":{"px":-0.14191723605849801,"py":-0.504419225484257,"pz":0.7704534292280614,"ry":4.904202560377314,"rx":2.3101040871291194}}}