# This file was generated by Animated Java via MC-Build. It is not recommended to edit this file directly.
$data merge entity $(bone_muzzleflash) {transformation: [0f,0f,0f,-0.4431f,0f,0f,0f,-0.7104f,0f,0f,0f,0.4f,0f,0f,0f,1f],start_interpolation: 0,interpolation_duration: 1}
$data merge entity $(bone_slide) {transformation: [-0.9462f,0.3125f,0.0841f,-0.1985f,0.3165f,0.9478f,0.0385f,-0.2997f,-0.0677f,0.063f,-0.9957f,0.6143f,0f,0f,0f,1f],start_interpolation: 0,interpolation_duration: 1}
$data merge entity $(bone_barrel) {transformation: [-0.9462f,0.3125f,0.0841f,-0.1203f,0.3165f,0.9478f,0.0385f,-0.411f,-0.0677f,0.063f,-0.9957f,0.6166f,0f,0f,0f,1f],start_interpolation: 0,interpolation_duration: 1}
$data merge entity $(bone_magazine) {transformation: [-0.9462f,0.3125f,0.0841f,-0.2236f,0.3165f,0.9478f,0.0385f,-0.4186f,-0.0677f,0.063f,-0.9957f,0.4098f,0f,0f,0f,1f],start_interpolation: 0,interpolation_duration: 1}
$data merge entity $(bone_grip) {transformation: [-0.9462f,0.3125f,0.0841f,-0.2236f,0.3165f,0.9478f,0.0385f,-0.4186f,-0.0677f,0.063f,-0.9957f,0.4098f,0f,0f,0f,1f],start_interpolation: 0,interpolation_duration: 1}
$data merge entity $(bone_trigger) {transformation: [-0.9462f,0.3125f,0.0841f,-0.2248f,0.3165f,0.9478f,0.0385f,-0.4157f,-0.0677f,0.063f,-0.9957f,0.4405f,0f,0f,0f,1f],start_interpolation: 0,interpolation_duration: 1}
$data merge entity $(bone_trigger_gaurd) {transformation: [-0.9462f,0.3125f,0.0841f,-0.2185f,0.3165f,0.9478f,0.0385f,-0.3895f,-0.0677f,0.063f,-0.9957f,0.4747f,0f,0f,0f,1f],start_interpolation: 0,interpolation_duration: 1}
$data merge entity $(bone_right_arm) {transformation: [-0.9462f,0.0841f,-0.3125f,-0.2352f,0.3165f,0.0385f,-0.9478f,-0.4152f,-0.0677f,-0.9957f,-0.063f,0.0795f,0f,0f,0f,1f],start_interpolation: 0,interpolation_duration: 1}
$data merge entity $(bone_magazine1) {transformation: [0f,0f,0f,-0.2655f,0f,0f,0f,-0.3426f,0f,0f,0f,0.4316f,0f,0f,0f,1f],start_interpolation: 0,interpolation_duration: 1}
$data merge entity $(bone_left_arm) {transformation: [-0.8667f,0.4772f,0.1454f,-0.0649f,-0.175f,-0.0179f,-0.9844f,-0.4632f,-0.4672f,-0.8786f,0.099f,0.1047f,0f,0f,0f,1f],start_interpolation: 0,interpolation_duration: 1}
data modify entity @s data merge value {"cameras":{},"locators":{"barrel1":{"px":-0.2499383788492364,"py":-0.35086185243801354,"pz":0.7711837289813124,"ry":4.828737504061934,"rx":2.204751665899997}}}