# This file was generated by Animated Java via MC-Build. It is not recommended to edit this file directly.
$data merge entity $(bone_muzzleflash) {transformation: [0f,0f,0f,-0.3016f,0f,0f,0f,-0.6863f,0f,0f,0f,0.4f,0f,0f,0f,1f],start_interpolation: 0,interpolation_duration: 1}
$data merge entity $(bone_slide) {transformation: [-0.96f,0.2673f,0.0836f,-0.077f,0.2713f,0.9617f,0.0399f,-0.2639f,-0.0697f,0.061f,-0.9957f,0.6136f,0f,0f,0f,1f],start_interpolation: 0,interpolation_duration: 1}
$data merge entity $(bone_barrel) {transformation: [-0.96f,0.2673f,0.0836f,0.0064f,0.2713f,0.9617f,0.0399f,-0.3715f,-0.0697f,0.061f,-0.9957f,0.6163f,0f,0f,0f,1f],start_interpolation: 0,interpolation_duration: 1}
$data merge entity $(bone_magazine) {transformation: [-0.96f,0.2673f,0.0836f,-0.0962f,0.2713f,0.9617f,0.0399f,-0.3844f,-0.0697f,0.061f,-0.9957f,0.4093f,0f,0f,0f,1f],start_interpolation: 0,interpolation_duration: 1}
$data merge entity $(bone_grip) {transformation: [-0.96f,0.2673f,0.0836f,-0.0962f,0.2713f,0.9617f,0.0399f,-0.3844f,-0.0697f,0.061f,-0.9957f,0.4093f,0f,0f,0f,1f],start_interpolation: 0,interpolation_duration: 1}
$data merge entity $(bone_trigger) {transformation: [-0.96f,0.2673f,0.0836f,-0.0976f,0.2713f,0.9617f,0.0399f,-0.3815f,-0.0697f,0.061f,-0.9957f,0.4401f,0f,0f,0f,1f],start_interpolation: 0,interpolation_duration: 1}
$data merge entity $(bone_trigger_gaurd) {transformation: [-0.96f,0.2673f,0.0836f,-0.0926f,0.2713f,0.9617f,0.0399f,-0.355f,-0.0697f,0.061f,-0.9957f,0.4741f,0f,0f,0f,1f],start_interpolation: 0,interpolation_duration: 1}
$data merge entity $(bone_right_arm) {transformation: [-0.96f,0.0836f,-0.2673f,-0.1075f,0.2713f,0.0399f,-0.9617f,-0.3824f,-0.0697f,-0.9957f,-0.061f,0.079f,0f,0f,0f,1f],start_interpolation: 0,interpolation_duration: 1}
$data merge entity $(bone_magazine1) {transformation: [0f,0f,0f,-0.1416f,0f,0f,0f,-0.3104f,0f,0f,0f,0.4309f,0f,0f,0f,1f],start_interpolation: 0,interpolation_duration: 1}
$data merge entity $(bone_left_arm) {transformation: [-0.8568f,0.4787f,0.1916f,0.0648f,-0.2169f,0.0025f,-0.9762f,-0.4223f,-0.4678f,-0.878f,0.1017f,0.1045f,0f,0f,0f,1f],start_interpolation: 0,interpolation_duration: 1}
data modify entity @s data merge value {"cameras":{},"locators":{"barrel1":{"px":-0.12618644027678816,"py":-0.3170974684589909,"pz":0.7705166347559853,"ry":4.798439287772197,"rx":2.2891606780889884}}}