# This file was generated by Animated Java via MC-Build. It is not recommended to edit this file directly.
$data merge entity $(bone_muzzleflash) {transformation: [0f,0f,0f,-0.4054f,0f,0f,0f,-0.7281f,0f,0f,0f,0.4f,0f,0f,0f,1f],start_interpolation: 0,interpolation_duration: 1}
$data merge entity $(bone_slide) {transformation: [-0.9749f,0.2068f,0.083f,-0.208f,0.2107f,0.9766f,0.042f,-0.2919f,-0.0724f,0.0585f,-0.9957f,0.6127f,0f,0f,0f,1f],start_interpolation: 0,interpolation_duration: 1}
$data merge entity $(bone_barrel) {transformation: [-0.9749f,0.2068f,0.083f,-0.1181f,0.2107f,0.9766f,0.042f,-0.394f,-0.0724f,0.0585f,-0.9957f,0.6159f,0f,0f,0f,1f],start_interpolation: 0,interpolation_duration: 1}
$data merge entity $(bone_magazine) {transformation: [-0.9749f,0.2068f,0.083f,-0.2192f,0.2107f,0.9766f,0.042f,-0.414f,-0.0724f,0.0585f,-0.9957f,0.4088f,0f,0f,0f,1f],start_interpolation: 0,interpolation_duration: 1}
$data merge entity $(bone_grip) {transformation: [-0.9749f,0.2068f,0.083f,-0.2192f,0.2107f,0.9766f,0.042f,-0.414f,-0.0724f,0.0585f,-0.9957f,0.4088f,0f,0f,0f,1f],start_interpolation: 0,interpolation_duration: 1}
$data merge entity $(bone_trigger) {transformation: [-0.9749f,0.2068f,0.083f,-0.2208f,0.2107f,0.9766f,0.042f,-0.411f,-0.0724f,0.0585f,-0.9957f,0.4395f,0f,0f,0f,1f],start_interpolation: 0,interpolation_duration: 1}
$data merge entity $(bone_trigger_gaurd) {transformation: [-0.9749f,0.2068f,0.083f,-0.2176f,0.2107f,0.9766f,0.042f,-0.3841f,-0.0724f,0.0585f,-0.9957f,0.4735f,0f,0f,0f,1f],start_interpolation: 0,interpolation_duration: 1}
$data merge entity $(bone_right_arm) {transformation: [-0.9749f,0.083f,-0.2068f,-0.2299f,0.2107f,0.042f,-0.9766f,-0.4136f,-0.0724f,-0.9957f,-0.0585f,0.0784f,0f,0f,0f,1f],start_interpolation: 0,interpolation_duration: 1}
$data merge entity $(bone_magazine1) {transformation: [0f,0f,0f,-0.2692f,0f,0f,0f,-0.3429f,0f,0f,0f,0.43f,0f,0f,0f,1f],start_interpolation: 0,interpolation_duration: 1}
$data merge entity $(bone_left_arm) {transformation: [-0.8406f,0.4795f,0.2518f,-0.0555f,-0.2713f,0.0297f,-0.962f,-0.4426f,-0.4688f,-0.877f,0.1051f,0.1044f,0f,0f,0f,1f],start_interpolation: 0,interpolation_duration: 1}
data modify entity @s data merge value {"cameras":{},"locators":{"barrel1":{"px":-0.2540951381106034,"py":-0.347503735691578,"pz":0.7696768571486791,"ry":4.767396511257289,"rx":2.4089867547806096}}}