# This file was generated by Animated Java via MC-Build. It is not recommended to edit this file directly.
$data merge entity $(bone_muzzleflash) {transformation: [0f,0f,0f,-0.3811f,0f,0f,0f,-0.7408f,0f,0f,0f,0.4f,0f,0f,0f,1f],start_interpolation: 0,interpolation_duration: 1}
$data merge entity $(bone_slide) {transformation: [-0.9873f,0.1355f,0.0825f,-0.2163f,0.1395f,0.9892f,0.0443f,-0.2907f,-0.0756f,0.0553f,-0.9956f,0.6115f,0f,0f,0f,1f],start_interpolation: 0,interpolation_duration: 1}
$data merge entity $(bone_barrel) {transformation: [-0.9873f,0.1355f,0.0825f,-0.1193f,0.1395f,0.9892f,0.0443f,-0.3861f,-0.0756f,0.0553f,-0.9956f,0.6153f,0f,0f,0f,1f],start_interpolation: 0,interpolation_duration: 1}
$data merge entity $(bone_magazine) {transformation: [-0.9873f,0.1355f,0.0825f,-0.2181f,0.1395f,0.9892f,0.0443f,-0.414f,-0.0756f,0.0553f,-0.9956f,0.408f,0f,0f,0f,1f],start_interpolation: 0,interpolation_duration: 1}
$data merge entity $(bone_grip) {transformation: [-0.9873f,0.1355f,0.0825f,-0.2181f,0.1395f,0.9892f,0.0443f,-0.414f,-0.0756f,0.0553f,-0.9956f,0.408f,0f,0f,0f,1f],start_interpolation: 0,interpolation_duration: 1}
$data merge entity $(bone_trigger) {transformation: [-0.9873f,0.1355f,0.0825f,-0.2201f,0.1395f,0.9892f,0.0443f,-0.4111f,-0.0756f,0.0553f,-0.9956f,0.4388f,0f,0f,0f,1f],start_interpolation: 0,interpolation_duration: 1}
$data merge entity $(bone_trigger_gaurd) {transformation: [-0.9873f,0.1355f,0.0825f,-0.2188f,0.1395f,0.9892f,0.0443f,-0.384f,-0.0756f,0.0553f,-0.9956f,0.4727f,0f,0f,0f,1f],start_interpolation: 0,interpolation_duration: 1}
$data merge entity $(bone_right_arm) {transformation: [-0.9873f,0.0825f,-0.1355f,-0.2279f,0.1395f,0.0443f,-0.9892f,-0.4157f,-0.0756f,-0.9956f,-0.0553f,0.0777f,0f,0f,0f,1f],start_interpolation: 0,interpolation_duration: 1}
$data merge entity $(bone_magazine1) {transformation: [0f,0f,0f,-0.2732f,0f,0f,0f,-0.3467f,0f,0f,0f,0.4288f,0f,0f,0f,1f],start_interpolation: 0,interpolation_duration: 1}
$data merge entity $(bone_left_arm) {transformation: [-0.8176f,0.4785f,0.3204f,-0.0519f,-0.333f,0.0611f,-0.941f,-0.4319f,-0.4698f,-0.876f,0.1094f,0.1042f,0f,0f,0f,1f],start_interpolation: 0,interpolation_duration: 1}
data modify entity @s data merge value {"cameras":{},"locators":{"barrel1":{"px":-0.25871178867608985,"py":-0.3489915008083095,"pz":0.7686086199077231,"ry":4.737590732734532,"rx":2.5416219302486707}}}