# This file was generated by Animated Java via MC-Build. It is not recommended to edit this file directly.
$data merge entity $(bone_muzzleflash) {transformation: [0f,0f,0f,-0.2305f,0f,0f,0f,-0.7859f,0f,0f,0f,0.4f,0f,0f,0f,1f],start_interpolation: 0,interpolation_duration: 1}
$data merge entity $(bone_slide) {transformation: [-0.9949f,0.0587f,0.0821f,-0.1015f,0.0627f,0.997f,0.0465f,-0.3236f,-0.0791f,0.0514f,-0.9955f,0.61f,0f,0f,0f,1f],start_interpolation: 0,interpolation_duration: 1}
$data merge entity $(bone_barrel) {transformation: [-0.9949f,0.0587f,0.0821f,0.0026f,0.0627f,0.997f,0.0465f,-0.4112f,-0.0791f,0.0514f,-0.9955f,0.6145f,0f,0f,0f,1f],start_interpolation: 0,interpolation_duration: 1}
$data merge entity $(bone_magazine) {transformation: [-0.9949f,0.0587f,0.0821f,-0.0932f,0.0627f,0.997f,0.0465f,-0.4476f,-0.0791f,0.0514f,-0.9955f,0.4071f,0f,0f,0f,1f],start_interpolation: 0,interpolation_duration: 1}
$data merge entity $(bone_grip) {transformation: [-0.9949f,0.0587f,0.0821f,-0.0932f,0.0627f,0.997f,0.0465f,-0.4476f,-0.0791f,0.0514f,-0.9955f,0.4071f,0f,0f,0f,1f],start_interpolation: 0,interpolation_duration: 1}
$data merge entity $(bone_trigger) {transformation: [-0.9949f,0.0587f,0.0821f,-0.0954f,0.0627f,0.997f,0.0465f,-0.4446f,-0.0791f,0.0514f,-0.9955f,0.4378f,0f,0f,0f,1f],start_interpolation: 0,interpolation_duration: 1}
$data merge entity $(bone_trigger_gaurd) {transformation: [-0.9949f,0.0587f,0.0821f,-0.0964f,0.0627f,0.997f,0.0465f,-0.4173f,-0.0791f,0.0514f,-0.9955f,0.4716f,0f,0f,0f,1f],start_interpolation: 0,interpolation_duration: 1}
$data merge entity $(bone_right_arm) {transformation: [-0.9949f,0.0821f,-0.0587f,-0.1017f,0.0627f,0.0465f,-0.997f,-0.4513f,-0.0791f,-0.9955f,-0.0514f,0.0767f,0f,0f,0f,1f],start_interpolation: 0,interpolation_duration: 1}
$data merge entity $(bone_magazine1) {transformation: [0f,0f,0f,-0.1533f,0f,0f,0f,-0.3845f,0f,0f,0f,0.4274f,0f,0f,0f,1f],start_interpolation: 0,interpolation_duration: 1}
$data merge entity $(bone_left_arm) {transformation: [-0.7879f,0.4752f,0.3915f,0.0749f,-0.3969f,0.0942f,-0.913f,-0.4538f,-0.4708f,-0.8748f,0.1144f,0.1038f,0f,0f,0f,1f],start_interpolation: 0,interpolation_duration: 1}
data modify entity @s data merge value {"cameras":{},"locators":{"barrel1":{"px":-0.13981038771752133,"py":-0.3843342904555135,"pz":0.7672559432008004,"ry":4.71426557992956,"rx":2.6635857231624565}}}