# This file was generated by Animated Java via MC-Build. It is not recommended to edit this file directly.
$data merge entity $(bone_muzzleflash) {transformation: [0f,0f,0f,-0.3301f,0f,0f,0f,-0.7686f,0f,0f,0f,0.4f,0f,0f,0f,1f],start_interpolation: 0,interpolation_duration: 1}
$data merge entity $(bone_slide) {transformation: [-0.9965f,-0.0182f,0.082f,-0.2378f,-0.0143f,0.9987f,0.048f,-0.2967f,-0.0827f,0.0466f,-0.9955f,0.6082f,0f,0f,0f,1f],start_interpolation: 0,interpolation_duration: 1}
$data merge entity $(bone_barrel) {transformation: [-0.9965f,-0.0182f,0.082f,-0.1273f,-0.0143f,0.9987f,0.048f,-0.376f,-0.0827f,0.0466f,-0.9955f,0.6134f,0f,0f,0f,1f],start_interpolation: 0,interpolation_duration: 1}
$data merge entity $(bone_magazine) {transformation: [-0.9965f,-0.0182f,0.082f,-0.2192f,-0.0143f,0.9987f,0.048f,-0.4206f,-0.0827f,0.0466f,-0.9955f,0.4059f,0f,0f,0f,1f],start_interpolation: 0,interpolation_duration: 1}
$data merge entity $(bone_grip) {transformation: [-0.9965f,-0.0182f,0.082f,-0.2192f,-0.0143f,0.9987f,0.048f,-0.4206f,-0.0827f,0.0466f,-0.9955f,0.4059f,0f,0f,0f,1f],start_interpolation: 0,interpolation_duration: 1}
$data merge entity $(bone_trigger) {transformation: [-0.9965f,-0.0182f,0.082f,-0.2218f,-0.0143f,0.9987f,0.048f,-0.4177f,-0.0827f,0.0466f,-0.9955f,0.4366f,0f,0f,0f,1f],start_interpolation: 0,interpolation_duration: 1}
$data merge entity $(bone_trigger_gaurd) {transformation: [-0.9965f,-0.0182f,0.082f,-0.225f,-0.0143f,0.9987f,0.048f,-0.3904f,-0.0827f,0.0466f,-0.9955f,0.4702f,0f,0f,0f,1f],start_interpolation: 0,interpolation_duration: 1}
$data merge entity $(bone_right_arm) {transformation: [-0.9965f,0.082f,0.0182f,-0.2262f,-0.0143f,0.048f,-0.9987f,-0.4265f,-0.0827f,-0.9955f,-0.0466f,0.0755f,0f,0f,0f,1f],start_interpolation: 0,interpolation_duration: 1}
$data merge entity $(bone_magazine1) {transformation: [0f,0f,0f,-0.2841f,0f,0f,0f,-0.3623f,0f,0f,0f,0.4257f,0f,0f,0f,1f],start_interpolation: 0,interpolation_duration: 1}
$data merge entity $(bone_left_arm) {transformation: [-0.7534f,0.4698f,0.46f,-0.05f,-0.4584f,0.1263f,-0.8797f,-0.4153f,-0.4714f,-0.8737f,0.1203f,0.1032f,0f,0f,0f,1f],start_interpolation: 0,interpolation_duration: 1}
data modify entity @s data merge value {"cameras":{},"locators":{"barrel1":{"px":-0.27190416691872915,"py":-0.35947172015926177,"pz":0.7655626797542423,"ry":4.706350780958672,"rx":2.7499478565594244}}}