# This file was generated by Animated Java via MC-Build. It is not recommended to edit this file directly.
$data merge entity $(muzzleflash) {transformation: [0f,0f,0f,-0.1818f,0f,0f,0f,-0.7501f,0f,0f,0f,0.4f,0f,0f,0f,1f],start_interpolation: 0,interpolation_duration: 1}
$data merge entity $(slide) {transformation: [-0.9926f,-0.0895f,0.0823f,-0.1241f,-0.0857f,0.9951f,0.0484f,-0.2718f,-0.0862f,0.041f,-0.9954f,0.6058f,0f,0f,0f,1f],start_interpolation: 0,interpolation_duration: 1}
$data merge entity $(barrel) {transformation: [-0.9926f,-0.0895f,0.0823f,-0.0083f,-0.0857f,0.9951f,0.0484f,-0.3429f,-0.0862f,0.041f,-0.9954f,0.612f,0f,0f,0f,1f],start_interpolation: 0,interpolation_duration: 1}
$data merge entity $(magazine) {transformation: [-0.9926f,-0.0895f,0.0823f,-0.096f,-0.0857f,0.9951f,0.0484f,-0.3951f,-0.0862f,0.041f,-0.9954f,0.4043f,0f,0f,0f,1f],start_interpolation: 0,interpolation_duration: 1}
$data merge entity $(grip) {transformation: [-0.9926f,-0.0895f,0.0823f,-0.096f,-0.0857f,0.9951f,0.0484f,-0.3951f,-0.0862f,0.041f,-0.9954f,0.4043f,0f,0f,0f,1f],start_interpolation: 0,interpolation_duration: 1}
$data merge entity $(trigger) {transformation: [-0.9926f,-0.0895f,0.0823f,-0.0989f,-0.0857f,0.9951f,0.0484f,-0.3922f,-0.0862f,0.041f,-0.9954f,0.435f,0f,0f,0f,1f],start_interpolation: 0,interpolation_duration: 1}
$data merge entity $(trigger_gaurd) {transformation: [-0.9926f,-0.0895f,0.0823f,-0.1042f,-0.0857f,0.9951f,0.0484f,-0.365f,-0.0862f,0.041f,-0.9954f,0.4685f,0f,0f,0f,1f],start_interpolation: 0,interpolation_duration: 1}
$data merge entity $(right_arm) {transformation: [-0.9926f,0.0823f,0.0895f,-0.1012f,-0.0857f,0.0484f,-0.9951f,-0.4032f,-0.0862f,-0.9954f,-0.041f,0.0739f,0f,0f,0f,1f],start_interpolation: 0,interpolation_duration: 1}
$data merge entity $(magazine1) {transformation: [0f,0f,0f,-0.165f,0f,0f,0f,-0.3414f,0f,0f,0f,0.4236f,0f,0f,0f,1f],start_interpolation: 0,interpolation_duration: 1}
$data merge entity $(left_arm) {transformation: [-0.7169f,0.4631f,0.5211f,0.0736f,-0.5135f,0.1548f,-0.844f,-0.3793f,-0.4715f,-0.8727f,0.1268f,0.1022f,0f,0f,0f,1f],start_interpolation: 0,interpolation_duration: 1}
data modify entity @s data merge value {"cameras":{},"locators":{"barrel1":{"px":-0.15433813908291538,"py":-0.3359179236648589,"pz":0.7634723509977928,"ry":4.725771418193858,"rx":2.773828971508014}}}