# This file was generated by Animated Java via MC-Build. It is not recommended to edit this file directly.
$data merge entity $(bone_muzzleflash) {transformation: [0f,0f,0f,-0.1818f,0f,0f,0f,-0.8126f,0f,0f,0f,0.4f,0f,0f,0f,1f],start_interpolation: 0,interpolation_duration: 1}
$data merge entity $(bone_slide) {transformation: [-0.9926f,-0.0895f,0.0823f,-0.1241f,-0.0857f,0.9951f,0.0484f,-0.3343f,-0.0862f,0.041f,-0.9954f,0.6058f,0f,0f,0f,1f],start_interpolation: 0,interpolation_duration: 1}
$data merge entity $(bone_barrel) {transformation: [-0.9926f,-0.0895f,0.0823f,-0.0083f,-0.0857f,0.9951f,0.0484f,-0.4054f,-0.0862f,0.041f,-0.9954f,0.612f,0f,0f,0f,1f],start_interpolation: 0,interpolation_duration: 1}
$data merge entity $(bone_magazine) {transformation: [-0.9926f,-0.0895f,0.0823f,-0.096f,-0.0857f,0.9951f,0.0484f,-0.4576f,-0.0862f,0.041f,-0.9954f,0.4043f,0f,0f,0f,1f],start_interpolation: 0,interpolation_duration: 1}
$data merge entity $(bone_grip) {transformation: [-0.9926f,-0.0895f,0.0823f,-0.096f,-0.0857f,0.9951f,0.0484f,-0.4576f,-0.0862f,0.041f,-0.9954f,0.4043f,0f,0f,0f,1f],start_interpolation: 0,interpolation_duration: 1}
$data merge entity $(bone_trigger) {transformation: [-0.9926f,-0.0895f,0.0823f,-0.0989f,-0.0857f,0.9951f,0.0484f,-0.4547f,-0.0862f,0.041f,-0.9954f,0.435f,0f,0f,0f,1f],start_interpolation: 0,interpolation_duration: 1}
$data merge entity $(bone_trigger_gaurd) {transformation: [-0.9926f,-0.0895f,0.0823f,-0.1042f,-0.0857f,0.9951f,0.0484f,-0.4275f,-0.0862f,0.041f,-0.9954f,0.4685f,0f,0f,0f,1f],start_interpolation: 0,interpolation_duration: 1}
$data merge entity $(bone_right_arm) {transformation: [-0.9926f,0.0823f,0.0895f,-0.1012f,-0.0857f,0.0484f,-0.9951f,-0.4657f,-0.0862f,-0.9954f,-0.041f,0.0739f,0f,0f,0f,1f],start_interpolation: 0,interpolation_duration: 1}
$data merge entity $(bone_magazine1) {transformation: [0f,0f,0f,-0.165f,0f,0f,0f,-0.4039f,0f,0f,0f,0.4236f,0f,0f,0f,1f],start_interpolation: 0,interpolation_duration: 1}
$data merge entity $(bone_left_arm) {transformation: [-0.7169f,0.4631f,0.5211f,0.0736f,-0.5135f,0.1548f,-0.844f,-0.4418f,-0.4715f,-0.8727f,0.1268f,0.1022f,0f,0f,0f,1f],start_interpolation: 0,interpolation_duration: 1}
data modify entity @s data merge value {"cameras":{},"locators":{"barrel1":{"px":-0.15433813908291538,"py":-0.3984179236648589,"pz":0.7634723509977928,"ry":4.725771418193858,"rx":2.773828971508014}}}