# This file was generated by Animated Java via MC-Build. It is not recommended to edit this file directly.
$data merge entity $(bone_muzzleflash) {transformation: [0f,0f,0f,-0.1621f,0f,0f,0f,-0.9168f,0f,0f,0f,0.4f,0f,0f,0f,1f],start_interpolation: 0,interpolation_duration: 1}
$data merge entity $(bone_slide) {transformation: [-0.9852f,-0.15f,0.0833f,-0.1345f,-0.1464f,0.9881f,0.0472f,-0.4346f,-0.0894f,0.0343f,-0.9954f,0.603f,0f,0f,0f,1f],start_interpolation: 0,interpolation_duration: 1}
$data merge entity $(bone_barrel) {transformation: [-0.9852f,-0.15f,0.0833f,-0.0146f,-0.1464f,0.9881f,0.0472f,-0.4986f,-0.0894f,0.0343f,-0.9954f,0.61f,0f,0f,0f,1f],start_interpolation: 0,interpolation_duration: 1}
$data merge entity $(bone_magazine) {transformation: [-0.9852f,-0.15f,0.0833f,-0.0981f,-0.1464f,0.9881f,0.0472f,-0.5572f,-0.0894f,0.0343f,-0.9954f,0.4024f,0f,0f,0f,1f],start_interpolation: 0,interpolation_duration: 1}
$data merge entity $(bone_grip) {transformation: [-0.9852f,-0.15f,0.0833f,-0.0981f,-0.1464f,0.9881f,0.0472f,-0.5572f,-0.0894f,0.0343f,-0.9954f,0.4024f,0f,0f,0f,1f],start_interpolation: 0,interpolation_duration: 1}
$data merge entity $(bone_trigger) {transformation: [-0.9852f,-0.15f,0.0833f,-0.1013f,-0.1464f,0.9881f,0.0472f,-0.5544f,-0.0894f,0.0343f,-0.9954f,0.433f,0f,0f,0f,1f],start_interpolation: 0,interpolation_duration: 1}
$data merge entity $(bone_trigger_gaurd) {transformation: [-0.9852f,-0.15f,0.0833f,-0.1083f,-0.1464f,0.9881f,0.0472f,-0.5274f,-0.0894f,0.0343f,-0.9954f,0.4663f,0f,0f,0f,1f],start_interpolation: 0,interpolation_duration: 1}
$data merge entity $(bone_right_arm) {transformation: [-0.9852f,0.0833f,0.15f,-0.1014f,-0.1464f,0.0472f,-0.9881f,-0.5677f,-0.0894f,-0.9954f,-0.0343f,0.072f,0f,0f,0f,1f],start_interpolation: 0,interpolation_duration: 1}
$data merge entity $(bone_magazine1) {transformation: [0f,0f,0f,-0.1703f,0f,0f,0f,-0.5078f,0f,0f,0f,0.4211f,0f,0f,0f,1f],start_interpolation: 0,interpolation_duration: 1}
$data merge entity $(bone_left_arm) {transformation: [-0.6824f,0.4565f,0.5709f,0.0715f,-0.559f,0.1773f,-0.81f,-0.5331f,-0.4709f,-0.8719f,0.1342f,0.1008f,0f,0f,0f,1f],start_interpolation: 0,interpolation_duration: 1}
data modify entity @s data merge value {"cameras":{},"locators":{"barrel1":{"px":-0.161406161202635,"py":-0.49954565315094174,"pz":0.7609277852644647,"ry":4.785292898269404,"rx":2.7056137771790043}}}