# This file was generated by Animated Java via MC-Build. It is not recommended to edit this file directly.
$data merge entity $(bone_muzzleflash) {transformation: [0f,0f,0f,-0.2871f,0f,0f,0f,-0.7918f,0f,0f,0f,0.4f,0f,0f,0f,1f],start_interpolation: 0,interpolation_duration: 1}
$data merge entity $(bone_slide) {transformation: [-0.9852f,-0.15f,0.0833f,-0.2595f,-0.1464f,0.9881f,0.0472f,-0.3096f,-0.0894f,0.0343f,-0.9954f,0.603f,0f,0f,0f,1f],start_interpolation: 0,interpolation_duration: 1}
$data merge entity $(bone_barrel) {transformation: [-0.9852f,-0.15f,0.0833f,-0.1396f,-0.1464f,0.9881f,0.0472f,-0.3736f,-0.0894f,0.0343f,-0.9954f,0.61f,0f,0f,0f,1f],start_interpolation: 0,interpolation_duration: 1}
$data merge entity $(bone_magazine) {transformation: [-0.9852f,-0.15f,0.0833f,-0.2231f,-0.1464f,0.9881f,0.0472f,-0.4322f,-0.0894f,0.0343f,-0.9954f,0.4024f,0f,0f,0f,1f],start_interpolation: 0,interpolation_duration: 1}
$data merge entity $(bone_grip) {transformation: [-0.9852f,-0.15f,0.0833f,-0.2231f,-0.1464f,0.9881f,0.0472f,-0.4322f,-0.0894f,0.0343f,-0.9954f,0.4024f,0f,0f,0f,1f],start_interpolation: 0,interpolation_duration: 1}
$data merge entity $(bone_trigger) {transformation: [-0.9852f,-0.15f,0.0833f,-0.2263f,-0.1464f,0.9881f,0.0472f,-0.4294f,-0.0894f,0.0343f,-0.9954f,0.433f,0f,0f,0f,1f],start_interpolation: 0,interpolation_duration: 1}
$data merge entity $(bone_trigger_gaurd) {transformation: [-0.9852f,-0.15f,0.0833f,-0.2333f,-0.1464f,0.9881f,0.0472f,-0.4024f,-0.0894f,0.0343f,-0.9954f,0.4663f,0f,0f,0f,1f],start_interpolation: 0,interpolation_duration: 1}
$data merge entity $(bone_right_arm) {transformation: [-0.9852f,0.0833f,0.15f,-0.2264f,-0.1464f,0.0472f,-0.9881f,-0.4427f,-0.0894f,-0.9954f,-0.0343f,0.072f,0f,0f,0f,1f],start_interpolation: 0,interpolation_duration: 1}
$data merge entity $(bone_magazine1) {transformation: [0f,0f,0f,-0.2953f,0f,0f,0f,-0.3828f,0f,0f,0f,0.4211f,0f,0f,0f,1f],start_interpolation: 0,interpolation_duration: 1}
$data merge entity $(bone_left_arm) {transformation: [-0.6824f,0.4565f,0.5709f,-0.0535f,-0.559f,0.1773f,-0.81f,-0.4081f,-0.4709f,-0.8719f,0.1342f,0.1008f,0f,0f,0f,1f],start_interpolation: 0,interpolation_duration: 1}
data modify entity @s data merge value {"cameras":{},"locators":{"barrel1":{"px":-0.28640616120263496,"py":-0.3745456531509418,"pz":0.7609277852644647,"ry":4.785292898269404,"rx":2.7056137771790043}}}