# This file was generated by Animated Java via MC-Build. It is not recommended to edit this file directly.
$data merge entity $(bone_muzzleflash) {transformation: [0f,0f,0f,-0.3281f,0f,0f,0f,-0.7222f,0f,0f,0f,0.3932f,0f,0f,0f,1f],start_interpolation: 0,interpolation_duration: 1}
$data merge entity $(bone_slide) {transformation: [-0.9937f,0.1124f,-0.0014f,-0.1588f,0.1124f,0.9935f,-0.0185f,-0.2559f,-0.0007f,-0.0186f,-0.9998f,0.5613f,0f,0f,0f,1f],start_interpolation: 0,interpolation_duration: 1}
$data merge entity $(bone_barrel) {transformation: [-0.9937f,0.1124f,-0.0014f,-0.0592f,0.1124f,0.9935f,-0.0185f,-0.3486f,-0.0007f,-0.0186f,-0.9998f,0.5629f,0f,0f,0f,1f],start_interpolation: 0,interpolation_duration: 1}
$data merge entity $(bone_magazine) {transformation: [-0.9937f,0.1124f,-0.0014f,-0.174f,0.1124f,0.9935f,-0.0185f,-0.3921f,-0.0007f,-0.0186f,-0.9998f,0.3669f,0f,0f,0f,1f],start_interpolation: 0,interpolation_duration: 1}
$data merge entity $(bone_grip) {transformation: [-0.9937f,0.1124f,-0.0014f,-0.174f,0.1124f,0.9935f,-0.0185f,-0.3921f,-0.0007f,-0.0186f,-0.9998f,0.3669f,0f,0f,0f,1f],start_interpolation: 0,interpolation_duration: 1}
$data merge entity $(bone_trigger) {transformation: [-0.9937f,0.1124f,-0.0014f,-0.1735f,0.1124f,0.9935f,-0.0185f,-0.3872f,-0.0007f,-0.0186f,-0.9998f,0.3974f,0f,0f,0f,1f],start_interpolation: 0,interpolation_duration: 1}
$data merge entity $(bone_trigger_gaurd) {transformation: [-0.9937f,0.1124f,-0.0014f,-0.1702f,0.1124f,0.9935f,-0.0185f,-0.3579f,-0.0007f,-0.0186f,-0.9998f,0.4293f,0f,0f,0f,1f],start_interpolation: 0,interpolation_duration: 1}
$data merge entity $(bone_right_arm) {transformation: [-0.9937f,-0.0014f,-0.1124f,-0.211f,0.1124f,-0.0185f,-0.9935f,-0.4154f,-0.0007f,-0.9998f,0.0186f,0.0393f,0f,0f,0f,1f],start_interpolation: 0,interpolation_duration: 1}
$data merge entity $(bone_magazine1) {transformation: [0f,0f,0f,-0.229f,0f,0f,0f,-0.3248f,0f,0f,0f,0.388f,0f,0f,0f,1f],start_interpolation: 0,interpolation_duration: 1}
$data merge entity $(bone_left_arm) {transformation: [-0.8442f,0.4025f,0.354f,-0.0331f,-0.3807f,0.0146f,-0.9246f,-0.4259f,-0.3774f,-0.9153f,0.1409f,0.0519f,0f,0f,0f,1f],start_interpolation: 0,interpolation_duration: 1}
data modify entity @s data merge value {"cameras":{},"locators":{"barrel1":{"px":-0.18642457684321817,"py":-0.30471024612487946,"pz":0.7248186676471803,"ry":359.91983404434416,"rx":-1.062454062253729}}}