# This file was generated by Animated Java via MC-Build. It is not recommended to edit this file directly.
$data merge entity $(muzzleflash) {transformation: [0f,0f,0f,-0.2031f,0f,0f,0f,-0.691f,0f,0f,0f,0.3932f,0f,0f,0f,1f],start_interpolation: 0,interpolation_duration: 1}
$data merge entity $(slide) {transformation: [-0.9937f,0.1124f,-0.0014f,-0.0338f,0.1124f,0.9935f,-0.0185f,-0.2246f,-0.0007f,-0.0186f,-0.9998f,0.5613f,0f,0f,0f,1f],start_interpolation: 0,interpolation_duration: 1}
$data merge entity $(barrel) {transformation: [-0.9937f,0.1124f,-0.0014f,0.0658f,0.1124f,0.9935f,-0.0185f,-0.3173f,-0.0007f,-0.0186f,-0.9998f,0.5629f,0f,0f,0f,1f],start_interpolation: 0,interpolation_duration: 1}
$data merge entity $(magazine) {transformation: [-0.9937f,0.1124f,-0.0014f,-0.049f,0.1124f,0.9935f,-0.0185f,-0.3609f,-0.0007f,-0.0186f,-0.9998f,0.3669f,0f,0f,0f,1f],start_interpolation: 0,interpolation_duration: 1}
$data merge entity $(grip) {transformation: [-0.9937f,0.1124f,-0.0014f,-0.049f,0.1124f,0.9935f,-0.0185f,-0.3609f,-0.0007f,-0.0186f,-0.9998f,0.3669f,0f,0f,0f,1f],start_interpolation: 0,interpolation_duration: 1}
$data merge entity $(trigger) {transformation: [-0.9937f,0.1124f,-0.0014f,-0.0485f,0.1124f,0.9935f,-0.0185f,-0.3559f,-0.0007f,-0.0186f,-0.9998f,0.3974f,0f,0f,0f,1f],start_interpolation: 0,interpolation_duration: 1}
$data merge entity $(trigger_gaurd) {transformation: [-0.9937f,0.1124f,-0.0014f,-0.0452f,0.1124f,0.9935f,-0.0185f,-0.3267f,-0.0007f,-0.0186f,-0.9998f,0.4293f,0f,0f,0f,1f],start_interpolation: 0,interpolation_duration: 1}
$data merge entity $(right_arm) {transformation: [-0.9937f,-0.0014f,-0.1124f,-0.086f,0.1124f,-0.0185f,-0.9935f,-0.3842f,-0.0007f,-0.9998f,0.0186f,0.0393f,0f,0f,0f,1f],start_interpolation: 0,interpolation_duration: 1}
$data merge entity $(magazine1) {transformation: [0f,0f,0f,-0.104f,0f,0f,0f,-0.2935f,0f,0f,0f,0.388f,0f,0f,0f,1f],start_interpolation: 0,interpolation_duration: 1}
$data merge entity $(left_arm) {transformation: [-0.8442f,0.4025f,0.354f,0.0919f,-0.3807f,0.0146f,-0.9246f,-0.3947f,-0.3774f,-0.9153f,0.1409f,0.0519f,0f,0f,0f,1f],start_interpolation: 0,interpolation_duration: 1}
data modify entity @s data merge value {"cameras":{},"locators":{"barrel1":{"px":-0.06142457684321817,"py":-0.27346024612487946,"pz":0.7248186676471804,"ry":359.91983404434416,"rx":-1.062454062253729}}}