# This file was generated by Animated Java via MC-Build. It is not recommended to edit this file directly.
$data merge entity $(bone_muzzleflash) {transformation: [0f,0f,0f,-0.3369f,0f,0f,0f,-0.7469f,0f,0f,0f,0.4f,0f,0f,0f,1f],start_interpolation: 0,interpolation_duration: 1}
$data merge entity $(bone_slide) {transformation: [-0.9927f,-0.0513f,0.1091f,-0.2657f,-0.0598f,0.9953f,-0.0763f,-0.2494f,-0.1047f,-0.0822f,-0.9911f,0.5482f,0f,0f,0f,1f],start_interpolation: 0,interpolation_duration: 1}
$data merge entity $(bone_barrel) {transformation: [-0.9927f,-0.0513f,0.1091f,-0.153f,-0.0598f,0.9953f,-0.0763f,-0.3234f,-0.1047f,-0.0822f,-0.9911f,0.5663f,0f,0f,0f,1f],start_interpolation: 0,interpolation_duration: 1}
$data merge entity $(bone_magazine) {transformation: [-0.9927f,-0.0513f,0.1091f,-0.2374f,-0.0598f,0.9953f,-0.0763f,-0.3973f,-0.1047f,-0.0822f,-0.9911f,0.3639f,0f,0f,0f,1f],start_interpolation: 0,interpolation_duration: 1}
$data merge entity $(bone_grip) {transformation: [-0.9927f,-0.0513f,0.1091f,-0.2374f,-0.0598f,0.9953f,-0.0763f,-0.3973f,-0.1047f,-0.0822f,-0.9911f,0.3639f,0f,0f,0f,1f],start_interpolation: 0,interpolation_duration: 1}
$data merge entity $(bone_trigger) {transformation: [-0.9927f,-0.0513f,0.1091f,-0.2409f,-0.0598f,0.9953f,-0.0763f,-0.3906f,-0.1047f,-0.0822f,-0.9911f,0.3939f,0f,0f,0f,1f],start_interpolation: 0,interpolation_duration: 1}
$data merge entity $(bone_trigger_gaurd) {transformation: [-0.9927f,-0.0513f,0.1091f,-0.246f,-0.0598f,0.9953f,-0.0763f,-0.3594f,-0.1047f,-0.0822f,-0.9911f,0.4237f,0f,0f,0f,1f],start_interpolation: 0,interpolation_duration: 1}
$data merge entity $(bone_right_arm) {transformation: [-0.9927f,0.1091f,0.0513f,-0.2346f,-0.0598f,-0.0763f,-0.9953f,-0.4455f,-0.1047f,-0.9911f,0.0822f,0.037f,0f,0f,0f,1f],start_interpolation: 0,interpolation_duration: 1}
$data merge entity $(bone_magazine1) {transformation: [0f,0f,0f,-0.3046f,0f,0f,0f,-0.3393f,0f,0f,0f,0.3745f,0f,0f,0f,1f],start_interpolation: 0,interpolation_duration: 1}
$data merge entity $(bone_left_arm) {transformation: [-0.7245f,0.4906f,0.4841f,-0.0598f,-0.541f,0.0305f,-0.8405f,-0.4246f,-0.4271f,-0.8708f,0.2433f,0.0673f,0f,0f,0f,1f],start_interpolation: 0,interpolation_duration: 1}
data modify entity @s data merge value {"cameras":{},"locators":{"barrel1":{"px":-0.3023521841572164,"py":-0.2927649964652241,"pz":0.7114203071710593,"ry":6.283828016611523,"rx":-4.374734459172975}}}