# This file was generated by Animated Java via MC-Build. It is not recommended to edit this file directly.
$data merge entity $(bone_muzzleflash) {transformation: [0f,0f,0f,-0.2228f,0f,0f,0f,-0.7705f,0f,0f,0f,0.4f,0f,0f,0f,1f],start_interpolation: 0,interpolation_duration: 1}
$data merge entity $(bone_slide) {transformation: [-0.9939f,-0.0231f,0.1075f,-0.1376f,-0.0328f,0.9955f,-0.0894f,-0.2738f,-0.105f,-0.0924f,-0.9902f,0.5431f,0f,0f,0f,1f],start_interpolation: 0,interpolation_duration: 1}
$data merge entity $(bone_barrel) {transformation: [-0.9939f,-0.0231f,0.1075f,-0.027f,-0.0328f,0.9955f,-0.0894f,-0.3507f,-0.105f,-0.0924f,-0.9902f,0.5621f,0f,0f,0f,1f],start_interpolation: 0,interpolation_duration: 1}
$data merge entity $(bone_magazine) {transformation: [-0.9939f,-0.0231f,0.1075f,-0.1134f,-0.0328f,0.9955f,-0.0894f,-0.4242f,-0.105f,-0.0924f,-0.9902f,0.3605f,0f,0f,0f,1f],start_interpolation: 0,interpolation_duration: 1}
$data merge entity $(bone_grip) {transformation: [-0.9939f,-0.0231f,0.1075f,-0.1134f,-0.0328f,0.9955f,-0.0894f,-0.4242f,-0.105f,-0.0924f,-0.9902f,0.3605f,0f,0f,0f,1f],start_interpolation: 0,interpolation_duration: 1}
$data merge entity $(bone_trigger) {transformation: [-0.9939f,-0.0231f,0.1075f,-0.1168f,-0.0328f,0.9955f,-0.0894f,-0.4171f,-0.105f,-0.0924f,-0.9902f,0.3904f,0f,0f,0f,1f],start_interpolation: 0,interpolation_duration: 1}
$data merge entity $(bone_trigger_gaurd) {transformation: [-0.9939f,-0.0231f,0.1075f,-0.1209f,-0.0328f,0.9955f,-0.0894f,-0.3855f,-0.105f,-0.0924f,-0.9902f,0.4198f,0f,0f,0f,1f],start_interpolation: 0,interpolation_duration: 1}
$data merge entity $(bone_right_arm) {transformation: [-0.9939f,0.1075f,0.0231f,-0.1118f,-0.0328f,-0.0894f,-0.9955f,-0.4758f,-0.105f,-0.9902f,0.0924f,0.034f,0f,0f,0f,1f],start_interpolation: 0,interpolation_duration: 1}
$data merge entity $(bone_magazine1) {transformation: [0f,0f,0f,-0.179f,0f,0f,0f,-0.3642f,0f,0f,0f,0.3704f,0f,0f,0f,1f],start_interpolation: 0,interpolation_duration: 1}
$data merge entity $(bone_left_arm) {transformation: [-0.7392f,0.4918f,0.4601f,0.0636f,-0.5247f,0.0077f,-0.8513f,-0.4596f,-0.4222f,-0.8707f,0.2523f,0.0643f,0f,0f,0f,1f],start_interpolation: 0,interpolation_duration: 1}
data modify entity @s data merge value {"cameras":{},"locators":{"barrel1":{"px":-0.17557331099678314,"py":-0.314375510859154,"pz":0.7068064787426711,"ry":6.197708398139383,"rx":-5.131733316263828}}}