# This file was generated by Animated Java via MC-Build. It is not recommended to edit this file directly.
$data merge entity $(bone_muzzleflash) {transformation: [0f,0f,0f,-0.3826f,0f,0f,0f,-0.7143f,0f,0f,0f,0.4f,0f,0f,0f,1f],start_interpolation: 0,interpolation_duration: 1}
$data merge entity $(bone_slide) {transformation: [-0.993f,0.0722f,0.0938f,-0.2495f,0.0598f,0.9898f,-0.129f,-0.224f,-0.1022f,-0.1224f,-0.9872f,0.5279f,0f,0f,0f,1f],start_interpolation: 0,interpolation_duration: 1}
$data merge entity $(bone_barrel) {transformation: [-0.993f,0.0722f,0.0938f,-0.1467f,0.0598f,0.9898f,-0.129f,-0.3106f,-0.1022f,-0.1224f,-0.9872f,0.549f,0f,0f,0f,1f],start_interpolation: 0,interpolation_duration: 1}
$data merge entity $(bone_magazine) {transformation: [-0.993f,0.0722f,0.0938f,-0.2406f,0.0598f,0.9898f,-0.129f,-0.3815f,-0.1022f,-0.1224f,-0.9872f,0.3498f,0f,0f,0f,1f],start_interpolation: 0,interpolation_duration: 1}
$data merge entity $(bone_grip) {transformation: [-0.993f,0.0722f,0.0938f,-0.2406f,0.0598f,0.9898f,-0.129f,-0.3815f,-0.1022f,-0.1224f,-0.9872f,0.3498f,0f,0f,0f,1f],start_interpolation: 0,interpolation_duration: 1}
$data merge entity $(bone_trigger) {transformation: [-0.993f,0.0722f,0.0938f,-0.2432f,0.0598f,0.9898f,-0.129f,-0.3732f,-0.1022f,-0.1224f,-0.9872f,0.3795f,0f,0f,0f,1f],start_interpolation: 0,interpolation_duration: 1}
$data merge entity $(bone_trigger_gaurd) {transformation: [-0.993f,0.0722f,0.0938f,-0.2441f,0.0598f,0.9898f,-0.129f,-0.3405f,-0.1022f,-0.1224f,-0.9872f,0.408f,0f,0f,0f,1f],start_interpolation: 0,interpolation_duration: 1}
$data merge entity $(bone_right_arm) {transformation: [-0.993f,0.0938f,-0.0722f,-0.2455f,0.0598f,-0.129f,-0.9898f,-0.4427f,-0.1022f,-0.9872f,0.1224f,0.0251f,0f,0f,0f,1f],start_interpolation: 0,interpolation_duration: 1}
$data merge entity $(bone_magazine1) {transformation: [0f,0f,0f,-0.3001f,0f,0f,0f,-0.3152f,0f,0f,0f,0.3581f,0f,0f,0f,1f],start_interpolation: 0,interpolation_duration: 1}
$data merge entity $(bone_left_arm) {transformation: [-0.7882f,0.4862f,0.3773f,-0.0693f,-0.4635f,-0.0656f,-0.8836f,-0.4425f,-0.4049f,-0.8714f,0.2771f,0.0546f,0f,0f,0f,1f],start_interpolation: 0,interpolation_duration: 1}
data modify entity @s data merge value {"cameras":{},"locators":{"barrel1":{"px":-0.29037088260687877,"py":-0.25584540462918803,"pz":0.6927955151249201,"ry":5.428722630455667,"rx":-7.409338319956861}}}