# This file was generated by Animated Java via MC-Build. It is not recommended to edit this file directly.
$data merge entity $(bone_muzzleflash) {transformation: [0f,0f,0f,-0.2626f,0f,0f,0f,-0.8354f,0f,0f,0f,0.4f,0f,0f,0f,1f],start_interpolation: 0,interpolation_duration: 1}
$data merge entity $(bone_slide) {transformation: [-0.9921f,0.088f,0.0896f,-0.1213f,0.0755f,0.9881f,-0.134f,-0.3469f,-0.1003f,-0.1262f,-0.9869f,0.5259f,0f,0f,0f,1f],start_interpolation: 0,interpolation_duration: 1}
$data merge entity $(bone_barrel) {transformation: [-0.9921f,0.088f,0.0896f,-0.0199f,0.0755f,0.9881f,-0.134f,-0.4351f,-0.1003f,-0.1262f,-0.9869f,0.547f,0f,0f,0f,1f],start_interpolation: 0,interpolation_duration: 1}
$data merge entity $(bone_magazine) {transformation: [-0.9921f,0.088f,0.0896f,-0.1154f,0.0755f,0.9881f,-0.134f,-0.5051f,-0.1003f,-0.1262f,-0.9869f,0.3483f,0f,0f,0f,1f],start_interpolation: 0,interpolation_duration: 1}
$data merge entity $(bone_grip) {transformation: [-0.9921f,0.088f,0.0896f,-0.1154f,0.0755f,0.9881f,-0.134f,-0.5051f,-0.1003f,-0.1262f,-0.9869f,0.3483f,0f,0f,0f,1f],start_interpolation: 0,interpolation_duration: 1}
$data merge entity $(bone_trigger) {transformation: [-0.9921f,0.088f,0.0896f,-0.1178f,0.0755f,0.9881f,-0.134f,-0.4967f,-0.1003f,-0.1262f,-0.9869f,0.378f,0f,0f,0f,1f],start_interpolation: 0,interpolation_duration: 1}
$data merge entity $(bone_trigger_gaurd) {transformation: [-0.9921f,0.088f,0.0896f,-0.1181f,0.0755f,0.9881f,-0.134f,-0.4638f,-0.1003f,-0.1262f,-0.9869f,0.4064f,0f,0f,0f,1f],start_interpolation: 0,interpolation_duration: 1}
$data merge entity $(bone_right_arm) {transformation: [-0.9921f,0.0896f,-0.088f,-0.122f,0.0755f,-0.134f,-0.9881f,-0.5675f,-0.1003f,-0.9869f,0.1262f,0.0238f,0f,0f,0f,1f],start_interpolation: 0,interpolation_duration: 1}
$data merge entity $(bone_magazine1) {transformation: [0f,0f,0f,-0.1738f,0f,0f,0f,-0.4378f,0f,0f,0f,0.3565f,0f,0f,0f,1f],start_interpolation: 0,interpolation_duration: 1}
$data merge entity $(bone_left_arm) {transformation: [-0.7965f,0.4832f,0.3635f,0.0543f,-0.4521f,-0.0766f,-0.8887f,-0.57f,-0.4015f,-0.8722f,0.2795f,0.0529f,0f,0f,0f,1f],start_interpolation: 0,interpolation_duration: 1}
data modify entity @s data merge value {"cameras":{},"locators":{"barrel1":{"px":-0.1623585513121732,"py":-0.37747300122139393,"pz":0.6909432400752039,"ry":5.185099177167189,"rx":-7.700162164530517}}}