# This file was generated by Animated Java via MC-Build. It is not recommended to edit this file directly.
$data merge entity $(muzzleflash) {transformation: [0f,0f,0f,-0.2626f,0f,0f,0f,-0.6791f,0f,0f,0f,0.4f,0f,0f,0f,1f],start_interpolation: 0,interpolation_duration: 1}
$data merge entity $(slide) {transformation: [-0.9921f,0.088f,0.0896f,-0.1213f,0.0755f,0.9881f,-0.134f,-0.1906f,-0.1003f,-0.1262f,-0.9869f,0.5259f,0f,0f,0f,1f],start_interpolation: 0,interpolation_duration: 1}
$data merge entity $(barrel) {transformation: [-0.9921f,0.088f,0.0896f,-0.0199f,0.0755f,0.9881f,-0.134f,-0.2788f,-0.1003f,-0.1262f,-0.9869f,0.547f,0f,0f,0f,1f],start_interpolation: 0,interpolation_duration: 1}
$data merge entity $(magazine) {transformation: [-0.9921f,0.088f,0.0896f,-0.1154f,0.0755f,0.9881f,-0.134f,-0.3489f,-0.1003f,-0.1262f,-0.9869f,0.3483f,0f,0f,0f,1f],start_interpolation: 0,interpolation_duration: 1}
$data merge entity $(grip) {transformation: [-0.9921f,0.088f,0.0896f,-0.1154f,0.0755f,0.9881f,-0.134f,-0.3489f,-0.1003f,-0.1262f,-0.9869f,0.3483f,0f,0f,0f,1f],start_interpolation: 0,interpolation_duration: 1}
$data merge entity $(trigger) {transformation: [-0.9921f,0.088f,0.0896f,-0.1178f,0.0755f,0.9881f,-0.134f,-0.3405f,-0.1003f,-0.1262f,-0.9869f,0.378f,0f,0f,0f,1f],start_interpolation: 0,interpolation_duration: 1}
$data merge entity $(trigger_gaurd) {transformation: [-0.9921f,0.088f,0.0896f,-0.1181f,0.0755f,0.9881f,-0.134f,-0.3076f,-0.1003f,-0.1262f,-0.9869f,0.4064f,0f,0f,0f,1f],start_interpolation: 0,interpolation_duration: 1}
$data merge entity $(right_arm) {transformation: [-0.9921f,0.0896f,-0.088f,-0.122f,0.0755f,-0.134f,-0.9881f,-0.4112f,-0.1003f,-0.9869f,0.1262f,0.0238f,0f,0f,0f,1f],start_interpolation: 0,interpolation_duration: 1}
$data merge entity $(magazine1) {transformation: [0f,0f,0f,-0.1738f,0f,0f,0f,-0.2816f,0f,0f,0f,0.3565f,0f,0f,0f,1f],start_interpolation: 0,interpolation_duration: 1}
$data merge entity $(left_arm) {transformation: [-0.7965f,0.4832f,0.3635f,0.0543f,-0.4521f,-0.0766f,-0.8887f,-0.4138f,-0.4015f,-0.8722f,0.2795f,0.0529f,0f,0f,0f,1f],start_interpolation: 0,interpolation_duration: 1}
data modify entity @s data merge value {"cameras":{},"locators":{"barrel1":{"px":-0.1623585513121732,"py":-0.22122300122139396,"pz":0.6909432400752039,"ry":5.185099177167189,"rx":-7.700162164530517}}}