# This file was generated by Animated Java via MC-Build. It is not recommended to edit this file directly.
$data merge entity $(bone_muzzleflash) {transformation: [0f,0f,0f,-0.2663f,0f,0f,0f,-0.7384f,0f,0f,0f,0.4f,0f,0f,0f,1f],start_interpolation: 0,interpolation_duration: 1}
$data merge entity $(bone_slide) {transformation: [-0.9912f,0.1024f,0.0837f,-0.117f,0.0904f,0.9865f,-0.1369f,-0.2518f,-0.0966f,-0.1281f,-0.987f,0.5245f,0f,0f,0f,1f],start_interpolation: 0,interpolation_duration: 1}
$data merge entity $(bone_barrel) {transformation: [-0.9912f,0.1024f,0.0837f,-0.0169f,0.0904f,0.9865f,-0.1369f,-0.3416f,-0.0966f,-0.1281f,-0.987f,0.5455f,0f,0f,0f,1f],start_interpolation: 0,interpolation_duration: 1}
$data merge entity $(bone_magazine) {transformation: [-0.9912f,0.1024f,0.0837f,-0.1142f,0.0904f,0.9865f,-0.1369f,-0.4105f,-0.0966f,-0.1281f,-0.987f,0.3472f,0f,0f,0f,1f],start_interpolation: 0,interpolation_duration: 1}
$data merge entity $(bone_grip) {transformation: [-0.9912f,0.1024f,0.0837f,-0.1142f,0.0904f,0.9865f,-0.1369f,-0.4105f,-0.0966f,-0.1281f,-0.987f,0.3472f,0f,0f,0f,1f],start_interpolation: 0,interpolation_duration: 1}
$data merge entity $(bone_trigger) {transformation: [-0.9912f,0.1024f,0.0837f,-0.1163f,0.0904f,0.9865f,-0.1369f,-0.402f,-0.0966f,-0.1281f,-0.987f,0.3769f,0f,0f,0f,1f],start_interpolation: 0,interpolation_duration: 1}
$data merge entity $(bone_trigger_gaurd) {transformation: [-0.9912f,0.1024f,0.0837f,-0.1161f,0.0904f,0.9865f,-0.1369f,-0.369f,-0.0966f,-0.1281f,-0.987f,0.4052f,0f,0f,0f,1f],start_interpolation: 0,interpolation_duration: 1}
$data merge entity $(bone_right_arm) {transformation: [-0.9912f,0.0837f,-0.1024f,-0.123f,0.0904f,-0.1369f,-0.9865f,-0.4732f,-0.0966f,-0.987f,0.1281f,0.0228f,0f,0f,0f,1f],start_interpolation: 0,interpolation_duration: 1}
$data merge entity $(bone_magazine1) {transformation: [0f,0f,0f,-0.1715f,0f,0f,0f,-0.3423f,0f,0f,0f,0.3555f,0f,0f,0f,1f],start_interpolation: 0,interpolation_duration: 1}
$data merge entity $(bone_left_arm) {transformation: [-0.8048f,0.4786f,0.3511f,0.0533f,-0.4406f,-0.0853f,-0.8936f,-0.4784f,-0.3977f,-0.8739f,0.2796f,0.0513f,0f,0f,0f,1f],start_interpolation: 0,interpolation_duration: 1}
data modify entity @s data merge value {"cameras":{},"locators":{"barrel1":{"px":-0.15792530047104522,"py":-0.28157149810433,"pz":0.6898055367753324,"ry":4.847686545743727,"rx":-7.867869623724506}}}