# This file was generated by Animated Java via MC-Build. It is not recommended to edit this file directly.
$data merge entity $(bone_muzzleflash) {transformation: [0f,0f,0f,-0.2667f,0f,0f,0f,-0.675f,0f,0f,0f,0.4f,0f,0f,0f,1f],start_interpolation: 0,interpolation_duration: 1}
$data merge entity $(bone_slide) {transformation: [-0.991f,0.1067f,0.081f,-0.115f,0.095f,0.986f,-0.1369f,-0.1892f,-0.0945f,-0.128f,-0.9873f,0.5244f,0f,0f,0f,1f],start_interpolation: 0,interpolation_duration: 1}
$data merge entity $(bone_barrel) {transformation: [-0.991f,0.1067f,0.081f,-0.0153f,0.095f,0.986f,-0.1369f,-0.2794f,-0.0945f,-0.128f,-0.9873f,0.5451f,0f,0f,0f,1f],start_interpolation: 0,interpolation_duration: 1}
$data merge entity $(bone_magazine) {transformation: [-0.991f,0.1067f,0.081f,-0.1133f,0.095f,0.986f,-0.1369f,-0.3478f,-0.0945f,-0.128f,-0.9873f,0.347f,0f,0f,0f,1f],start_interpolation: 0,interpolation_duration: 1}
$data merge entity $(bone_grip) {transformation: [-0.991f,0.1067f,0.081f,-0.1133f,0.095f,0.986f,-0.1369f,-0.3478f,-0.0945f,-0.128f,-0.9873f,0.347f,0f,0f,0f,1f],start_interpolation: 0,interpolation_duration: 1}
$data merge entity $(bone_trigger) {transformation: [-0.991f,0.1067f,0.081f,-0.1153f,0.095f,0.986f,-0.1369f,-0.3393f,-0.0945f,-0.128f,-0.9873f,0.3767f,0f,0f,0f,1f],start_interpolation: 0,interpolation_duration: 1}
$data merge entity $(bone_trigger_gaurd) {transformation: [-0.991f,0.1067f,0.081f,-0.1149f,0.095f,0.986f,-0.1369f,-0.3064f,-0.0945f,-0.128f,-0.9873f,0.405f,0f,0f,0f,1f],start_interpolation: 0,interpolation_duration: 1}
$data merge entity $(bone_right_arm) {transformation: [-0.991f,0.081f,-0.1067f,-0.1231f,0.095f,-0.1369f,-0.986f,-0.4104f,-0.0945f,-0.9873f,0.128f,0.0226f,0f,0f,0f,1f],start_interpolation: 0,interpolation_duration: 1}
$data merge entity $(bone_magazine1) {transformation: [0f,0f,0f,-0.1703f,0f,0f,0f,-0.2794f,0f,0f,0f,0.3554f,0f,0f,0f,1f],start_interpolation: 0,interpolation_duration: 1}
$data merge entity $(bone_left_arm) {transformation: [-0.8076f,0.4764f,0.3476f,0.0533f,-0.4368f,-0.0872f,-0.8953f,-0.4164f,-0.3962f,-0.8749f,0.2785f,0.0507f,0f,0f,0f,1f],start_interpolation: 0,interpolation_duration: 1}
data modify entity @s data merge value {"cameras":{},"locators":{"barrel1":{"px":-0.15570360495010319,"py":-0.21883239757849188,"pz":0.6897423539207964,"ry":4.691144836320547,"rx":-7.869003677021265}}}