# This file was generated by Animated Java via MC-Build. It is not recommended to edit this file directly.
$data merge entity $(bone_muzzleflash) {transformation: [0f,0f,0f,-0.2031f,0f,0f,0f,-0.6909f,0f,0f,0f,0.3941f,0f,0f,0f,1f],start_interpolation: 0,interpolation_duration: 1}
$data merge entity $(bone_slide) {transformation: [-0.9934f,0.1149f,-0.0014f,-0.0326f,0.1149f,0.9932f,-0.0174f,-0.2252f,-0.0006f,-0.0175f,-0.9998f,0.5628f,0f,0f,0f,1f],start_interpolation: 0,interpolation_duration: 1}
$data merge entity $(bone_barrel) {transformation: [-0.9934f,0.1149f,-0.0014f,0.0667f,0.1149f,0.9932f,-0.0174f,-0.3181f,-0.0006f,-0.0175f,-0.9998f,0.5643f,0f,0f,0f,1f],start_interpolation: 0,interpolation_duration: 1}
$data merge entity $(bone_magazine) {transformation: [-0.9934f,0.1149f,-0.0014f,-0.0482f,0.1149f,0.9932f,-0.0174f,-0.3612f,-0.0006f,-0.0175f,-0.9998f,0.3682f,0f,0f,0f,1f],start_interpolation: 0,interpolation_duration: 1}
$data merge entity $(bone_grip) {transformation: [-0.9934f,0.1149f,-0.0014f,-0.0482f,0.1149f,0.9932f,-0.0174f,-0.3612f,-0.0006f,-0.0175f,-0.9998f,0.3682f,0f,0f,0f,1f],start_interpolation: 0,interpolation_duration: 1}
$data merge entity $(bone_trigger) {transformation: [-0.9934f,0.1149f,-0.0014f,-0.0477f,0.1149f,0.9932f,-0.0174f,-0.3563f,-0.0006f,-0.0175f,-0.9998f,0.3987f,0f,0f,0f,1f],start_interpolation: 0,interpolation_duration: 1}
$data merge entity $(bone_trigger_gaurd) {transformation: [-0.9934f,0.1149f,-0.0014f,-0.0443f,0.1149f,0.9932f,-0.0174f,-0.3271f,-0.0006f,-0.0175f,-0.9998f,0.4307f,0f,0f,0f,1f],start_interpolation: 0,interpolation_duration: 1}
$data merge entity $(bone_right_arm) {transformation: [-0.9934f,-0.0014f,-0.1149f,-0.0853f,0.1149f,-0.0174f,-0.9932f,-0.384f,-0.0006f,-0.9998f,0.0175f,0.0405f,0f,0f,0f,1f],start_interpolation: 0,interpolation_duration: 1}
$data merge entity $(bone_magazine1) {transformation: [0f,0f,0f,-0.103f,0f,0f,0f,-0.2937f,0f,0f,0f,0.3894f,0f,0f,0f,1f],start_interpolation: 0,interpolation_duration: 1}
$data merge entity $(bone_left_arm) {transformation: [-0.8451f,0.4026f,0.3517f,0.0926f,-0.3782f,0.0147f,-0.9256f,-0.395f,-0.3778f,-0.9153f,0.1399f,0.0531f,0f,0f,0f,1f],start_interpolation: 0,interpolation_duration: 1}
data modify entity @s data merge value {"cameras":{},"locators":{"barrel1":{"px":-0.06039328085136145,"py":-0.2741405580566707,"pz":0.7261904878209838,"ry":359.9189344468779,"rx":-0.9985697343672871}}}