# This file was generated by Animated Java via MC-Build. It is not recommended to edit this file directly.
$data merge entity $(muzzleflash) {transformation: [0f,0f,0f,-0.2667f,0f,0f,0f,-0.6744f,0f,0f,0f,0.4f,0f,0f,0f,1f],start_interpolation: 0,interpolation_duration: 1}
$data merge entity $(slide) {transformation: [-0.9908f,0.1102f,0.0782f,-0.1128f,0.0989f,0.9857f,-0.1363f,-0.1893f,-0.0921f,-0.1274f,-0.9876f,0.5245f,0f,0f,0f,1f],start_interpolation: 0,interpolation_duration: 1}
$data merge entity $(barrel) {transformation: [-0.9908f,0.1102f,0.0782f,-0.0134f,0.0989f,0.9857f,-0.1363f,-0.2799f,-0.0921f,-0.1274f,-0.9876f,0.5448f,0f,0f,0f,1f],start_interpolation: 0,interpolation_duration: 1}
$data merge entity $(magazine) {transformation: [-0.9908f,0.1102f,0.0782f,-0.1122f,0.0989f,0.9857f,-0.1363f,-0.3477f,-0.0921f,-0.1274f,-0.9876f,0.3469f,0f,0f,0f,1f],start_interpolation: 0,interpolation_duration: 1}
$data merge entity $(grip) {transformation: [-0.9908f,0.1102f,0.0782f,-0.1122f,0.0989f,0.9857f,-0.1363f,-0.3477f,-0.0921f,-0.1274f,-0.9876f,0.3469f,0f,0f,0f,1f],start_interpolation: 0,interpolation_duration: 1}
$data merge entity $(trigger) {transformation: [-0.9908f,0.1102f,0.0782f,-0.1141f,0.0989f,0.9857f,-0.1363f,-0.3392f,-0.0921f,-0.1274f,-0.9876f,0.3766f,0f,0f,0f,1f],start_interpolation: 0,interpolation_duration: 1}
$data merge entity $(trigger_gaurd) {transformation: [-0.9908f,0.1102f,0.0782f,-0.1134f,0.0989f,0.9857f,-0.1363f,-0.3064f,-0.0921f,-0.1274f,-0.9876f,0.405f,0f,0f,0f,1f],start_interpolation: 0,interpolation_duration: 1}
$data merge entity $(right_arm) {transformation: [-0.9908f,0.0782f,-0.1102f,-0.1229f,0.0989f,-0.1363f,-0.9857f,-0.41f,-0.0921f,-0.9876f,0.1274f,0.0225f,0f,0f,0f,1f],start_interpolation: 0,interpolation_duration: 1}
$data merge entity $(magazine1) {transformation: [0f,0f,0f,-0.1689f,0f,0f,0f,-0.2791f,0f,0f,0f,0.3555f,0f,0f,0f,1f],start_interpolation: 0,interpolation_duration: 1}
$data merge entity $(left_arm) {transformation: [-0.8102f,0.474f,0.3448f,0.0535f,-0.4333f,-0.0882f,-0.8969f,-0.4167f,-0.3947f,-0.8761f,0.2769f,0.0502f,0f,0f,0f,1f],start_interpolation: 0,interpolation_duration: 1}
data modify entity @s data merge value {"cameras":{},"locators":{"barrel1":{"px":-0.15324468353811316,"py":-0.2189020157109795,"pz":0.689883893554207,"ry":4.524804614354736,"rx":-7.835658471162339}}}