# This file was generated by Animated Java via MC-Build. It is not recommended to edit this file directly.
$data merge entity $(bone_muzzleflash) {transformation: [0f,0f,0f,-0.3916f,0f,0f,0f,-0.7055f,0f,0f,0f,0.4f,0f,0f,0f,1f],start_interpolation: 0,interpolation_duration: 1}
$data merge entity $(bone_slide) {transformation: [-0.9908f,0.1112f,0.0772f,-0.2371f,0.1f,0.9856f,-0.136f,-0.2206f,-0.0912f,-0.127f,-0.9877f,0.5245f,0f,0f,0f,1f],start_interpolation: 0,interpolation_duration: 1}
$data merge entity $(bone_barrel) {transformation: [-0.9908f,0.1112f,0.0772f,-0.1377f,0.1f,0.9856f,-0.136f,-0.3113f,-0.0912f,-0.127f,-0.9877f,0.5448f,0f,0f,0f,1f],start_interpolation: 0,interpolation_duration: 1}
$data merge entity $(bone_magazine) {transformation: [-0.9908f,0.1112f,0.0772f,-0.2367f,0.1f,0.9856f,-0.136f,-0.379f,-0.0912f,-0.127f,-0.9877f,0.3469f,0f,0f,0f,1f],start_interpolation: 0,interpolation_duration: 1}
$data merge entity $(bone_grip) {transformation: [-0.9908f,0.1112f,0.0772f,-0.2367f,0.1f,0.9856f,-0.136f,-0.379f,-0.0912f,-0.127f,-0.9877f,0.3469f,0f,0f,0f,1f],start_interpolation: 0,interpolation_duration: 1}
$data merge entity $(bone_trigger) {transformation: [-0.9908f,0.1112f,0.0772f,-0.2386f,0.1f,0.9856f,-0.136f,-0.3705f,-0.0912f,-0.127f,-0.9877f,0.3766f,0f,0f,0f,1f],start_interpolation: 0,interpolation_duration: 1}
$data merge entity $(bone_trigger_gaurd) {transformation: [-0.9908f,0.1112f,0.0772f,-0.2379f,0.1f,0.9856f,-0.136f,-0.3376f,-0.0912f,-0.127f,-0.9877f,0.405f,0f,0f,0f,1f],start_interpolation: 0,interpolation_duration: 1}
$data merge entity $(bone_right_arm) {transformation: [-0.9908f,0.0772f,-0.1112f,-0.2478f,0.1f,-0.136f,-0.9856f,-0.4411f,-0.0912f,-0.9877f,0.127f,0.0225f,0f,0f,0f,1f],start_interpolation: 0,interpolation_duration: 1}
$data merge entity $(bone_magazine1) {transformation: [0f,0f,0f,-0.2933f,0f,0f,0f,-0.3103f,0f,0f,0f,0.3556f,0f,0f,0f,1f],start_interpolation: 0,interpolation_duration: 1}
$data merge entity $(bone_left_arm) {transformation: [-0.811f,0.4731f,0.344f,-0.0714f,-0.4323f,-0.0884f,-0.8974f,-0.448f,-0.3942f,-0.8765f,0.2762f,0.05f,0f,0f,0f,1f],start_interpolation: 0,interpolation_duration: 1}
data modify entity @s data merge value {"cameras":{},"locators":{"barrel1":{"px":-0.27737581574059067,"py":-0.25024142236923785,"pz":0.6899752466270259,"ry":4.467405388069324,"rx":-7.8171525283868855}}}