# This file was generated by Animated Java via MC-Build. It is not recommended to edit this file directly.
$data merge entity $(bone_muzzleflash) {transformation: [0f,0f,0f,-0.3281f,0f,0f,0f,-0.7222f,0f,0f,0f,0.3946f,0f,0f,0f,1f],start_interpolation: 0,interpolation_duration: 1}
$data merge entity $(bone_slide) {transformation: [-0.9932f,0.1161f,-0.0014f,-0.157f,0.1161f,0.9931f,-0.0168f,-0.2567f,-0.0005f,-0.0169f,-0.9999f,0.5635f,0f,0f,0f,1f],start_interpolation: 0,interpolation_duration: 1}
$data merge entity $(bone_barrel) {transformation: [-0.9932f,0.1161f,-0.0014f,-0.0578f,0.1161f,0.9931f,-0.0168f,-0.3498f,-0.0005f,-0.0169f,-0.9999f,0.565f,0f,0f,0f,1f],start_interpolation: 0,interpolation_duration: 1}
$data merge entity $(bone_magazine) {transformation: [-0.9932f,0.1161f,-0.0014f,-0.1728f,0.1161f,0.9931f,-0.0168f,-0.3926f,-0.0005f,-0.0169f,-0.9999f,0.3689f,0f,0f,0f,1f],start_interpolation: 0,interpolation_duration: 1}
$data merge entity $(bone_grip) {transformation: [-0.9932f,0.1161f,-0.0014f,-0.1728f,0.1161f,0.9931f,-0.0168f,-0.3926f,-0.0005f,-0.0169f,-0.9999f,0.3689f,0f,0f,0f,1f],start_interpolation: 0,interpolation_duration: 1}
$data merge entity $(bone_trigger) {transformation: [-0.9932f,0.1161f,-0.0014f,-0.1723f,0.1161f,0.9931f,-0.0168f,-0.3878f,-0.0005f,-0.0169f,-0.9999f,0.3994f,0f,0f,0f,1f],start_interpolation: 0,interpolation_duration: 1}
$data merge entity $(bone_trigger_gaurd) {transformation: [-0.9932f,0.1161f,-0.0014f,-0.1689f,0.1161f,0.9931f,-0.0168f,-0.3585f,-0.0005f,-0.0169f,-0.9999f,0.4314f,0f,0f,0f,1f],start_interpolation: 0,interpolation_duration: 1}
$data merge entity $(bone_right_arm) {transformation: [-0.9932f,-0.0014f,-0.1161f,-0.2099f,0.1161f,-0.0168f,-0.9931f,-0.4152f,-0.0005f,-0.9999f,0.0169f,0.0412f,0f,0f,0f,1f],start_interpolation: 0,interpolation_duration: 1}
$data merge entity $(bone_magazine1) {transformation: [0f,0f,0f,-0.2275f,0f,0f,0f,-0.3251f,0f,0f,0f,0.3901f,0f,0f,0f,1f],start_interpolation: 0,interpolation_duration: 1}
$data merge entity $(bone_left_arm) {transformation: [-0.8456f,0.4026f,0.3506f,-0.032f,-0.3769f,0.0147f,-0.9261f,-0.4264f,-0.378f,-0.9152f,0.1393f,0.0538f,0f,0f,0f,1f],start_interpolation: 0,interpolation_duration: 1}
data modify entity @s data merge value {"cameras":{},"locators":{"barrel1":{"px":-0.18488778145870094,"py":-0.3057866757323801,"pz":0.7269216916367107,"ry":359.91871872826516,"rx":-0.963329883161796}}}