# This file was generated by Animated Java via MC-Build. It is not recommended to edit this file directly.
$data merge entity $(bone_muzzleflash) {transformation: [0f,0f,0f,-0.3889f,0f,0f,0f,-0.7051f,0f,0f,0f,0.4f,0f,0f,0f,1f],start_interpolation: 0,interpolation_duration: 1}
$data merge entity $(bone_slide) {transformation: [-0.9908f,0.1164f,0.0688f,-0.2304f,0.1067f,0.9856f,-0.1313f,-0.2219f,-0.0831f,-0.1228f,-0.989f,0.5259f,0f,0f,0f,1f],start_interpolation: 0,interpolation_duration: 1}
$data merge entity $(bone_barrel) {transformation: [-0.9908f,0.1164f,0.0688f,-0.1315f,0.1067f,0.9856f,-0.1313f,-0.3133f,-0.0831f,-0.1228f,-0.989f,0.5449f,0f,0f,0f,1f],start_interpolation: 0,interpolation_duration: 1}
$data merge entity $(bone_magazine) {transformation: [-0.9908f,0.1164f,0.0688f,-0.2324f,0.1067f,0.9856f,-0.1313f,-0.3793f,-0.0831f,-0.1228f,-0.989f,0.3475f,0f,0f,0f,1f],start_interpolation: 0,interpolation_duration: 1}
$data merge entity $(bone_grip) {transformation: [-0.9908f,0.1164f,0.0688f,-0.2324f,0.1067f,0.9856f,-0.1313f,-0.3793f,-0.0831f,-0.1228f,-0.989f,0.3475f,0f,0f,0f,1f],start_interpolation: 0,interpolation_duration: 1}
$data merge entity $(bone_trigger) {transformation: [-0.9908f,0.1164f,0.0688f,-0.234f,0.1067f,0.9856f,-0.1313f,-0.3709f,-0.0831f,-0.1228f,-0.989f,0.3772f,0f,0f,0f,1f],start_interpolation: 0,interpolation_duration: 1}
$data merge entity $(bone_trigger_gaurd) {transformation: [-0.9908f,0.1164f,0.0688f,-0.2329f,0.1067f,0.9856f,-0.1313f,-0.3382f,-0.0831f,-0.1228f,-0.989f,0.4058f,0f,0f,0f,1f],start_interpolation: 0,interpolation_duration: 1}
$data merge entity $(bone_right_arm) {transformation: [-0.9908f,0.0688f,-0.1164f,-0.2464f,0.1067f,-0.1313f,-0.9856f,-0.4396f,-0.0831f,-0.989f,0.1228f,0.0228f,0f,0f,0f,1f],start_interpolation: 0,interpolation_duration: 1}
$data merge entity $(bone_magazine1) {transformation: [0f,0f,0f,-0.2885f,0f,0f,0f,-0.3102f,0f,0f,0f,0.3569f,0f,0f,0f,1f],start_interpolation: 0,interpolation_duration: 1}
$data merge entity $(bone_left_arm) {transformation: [-0.8167f,0.4659f,0.3405f,-0.0698f,-0.4251f,-0.0868f,-0.901f,-0.4477f,-0.3902f,-0.8806f,0.2689f,0.0489f,0f,0f,0f,1f],start_interpolation: 0,interpolation_duration: 1}
data modify entity @s data merge value {"cameras":{},"locators":{"barrel1":{"px":-0.26964238687745046,"py":-0.2520811153546224,"pz":0.6914593335857758,"ry":3.979095202751097,"rx":-7.54468362651385}}}