# This file was generated by Animated Java via MC-Build. It is not recommended to edit this file directly.
$data merge entity $(bone_muzzleflash) {transformation: [0f,0f,0f,-0.2628f,0f,0f,0f,-0.8302f,0f,0f,0f,0.4f,0f,0f,0f,1f],start_interpolation: 0,interpolation_duration: 1}
$data merge entity $(bone_slide) {transformation: [-0.9909f,0.117f,0.0666f,-0.1036f,0.1077f,0.9857f,-0.1296f,-0.3473f,-0.0808f,-0.1212f,-0.9893f,0.5264f,0f,0f,0f,1f],start_interpolation: 0,interpolation_duration: 1}
$data merge entity $(bone_barrel) {transformation: [-0.9909f,0.117f,0.0666f,-0.0047f,0.1077f,0.9857f,-0.1296f,-0.4389f,-0.0808f,-0.1212f,-0.9893f,0.545f,0f,0f,0f,1f],start_interpolation: 0,interpolation_duration: 1}
$data merge entity $(bone_magazine) {transformation: [-0.9909f,0.117f,0.0666f,-0.1061f,0.1077f,0.9857f,-0.1296f,-0.5044f,-0.0808f,-0.1212f,-0.9893f,0.3477f,0f,0f,0f,1f],start_interpolation: 0,interpolation_duration: 1}
$data merge entity $(bone_grip) {transformation: [-0.9909f,0.117f,0.0666f,-0.1061f,0.1077f,0.9857f,-0.1296f,-0.5044f,-0.0808f,-0.1212f,-0.9893f,0.3477f,0f,0f,0f,1f],start_interpolation: 0,interpolation_duration: 1}
$data merge entity $(bone_trigger) {transformation: [-0.9909f,0.117f,0.0666f,-0.1077f,0.1077f,0.9857f,-0.1296f,-0.4962f,-0.0808f,-0.1212f,-0.9893f,0.3775f,0f,0f,0f,1f],start_interpolation: 0,interpolation_duration: 1}
$data merge entity $(bone_trigger_gaurd) {transformation: [-0.9909f,0.117f,0.0666f,-0.1064f,0.1077f,0.9857f,-0.1296f,-0.4635f,-0.0808f,-0.1212f,-0.9893f,0.4061f,0f,0f,0f,1f],start_interpolation: 0,interpolation_duration: 1}
$data merge entity $(bone_right_arm) {transformation: [-0.9909f,0.0666f,-0.117f,-0.1208f,0.1077f,-0.1296f,-0.9857f,-0.5641f,-0.0808f,-0.9893f,0.1212f,0.023f,0f,0f,0f,1f],start_interpolation: 0,interpolation_duration: 1}
$data merge entity $(bone_magazine1) {transformation: [0f,0f,0f,-0.1622f,0f,0f,0f,-0.4354f,0f,0f,0f,0.3574f,0f,0f,0f,1f],start_interpolation: 0,interpolation_duration: 1}
$data merge entity $(bone_left_arm) {transformation: [-0.8179f,0.4639f,0.3403f,0.0558f,-0.4237f,-0.0856f,-0.9018f,-0.5725f,-0.3892f,-0.8817f,0.2665f,0.0487f,0f,0f,0f,1f],start_interpolation: 0,interpolation_duration: 1}
data modify entity @s data merge value {"cameras":{},"locators":{"barrel1":{"px":-0.14251735646292343,"py":-0.3778377197735159,"pz":0.692028734531581,"ry":3.850287112370097,"rx":-7.4442327601228655}}}