# This file was generated by Animated Java via MC-Build. It is not recommended to edit this file directly.
$data merge entity $(bone_muzzleflash) {transformation: [0f,0f,0f,-0.2622f,0f,0f,0f,-0.674f,0f,0f,0f,0.4f,0f,0f,0f,1f],start_interpolation: 0,interpolation_duration: 1}
$data merge entity $(bone_slide) {transformation: [-0.9909f,0.1172f,0.0655f,-0.1027f,0.1081f,0.9858f,-0.1286f,-0.1914f,-0.0796f,-0.1204f,-0.9895f,0.5267f,0f,0f,0f,1f],start_interpolation: 0,interpolation_duration: 1}
$data merge entity $(bone_barrel) {transformation: [-0.9909f,0.1172f,0.0655f,-0.0038f,0.1081f,0.9858f,-0.1286f,-0.283f,-0.0796f,-0.1204f,-0.9895f,0.5452f,0f,0f,0f,1f],start_interpolation: 0,interpolation_duration: 1}
$data merge entity $(bone_magazine) {transformation: [-0.9909f,0.1172f,0.0655f,-0.1055f,0.1081f,0.9858f,-0.1286f,-0.3483f,-0.0796f,-0.1204f,-0.9895f,0.3479f,0f,0f,0f,1f],start_interpolation: 0,interpolation_duration: 1}
$data merge entity $(bone_grip) {transformation: [-0.9909f,0.1172f,0.0655f,-0.1055f,0.1081f,0.9858f,-0.1286f,-0.3483f,-0.0796f,-0.1204f,-0.9895f,0.3479f,0f,0f,0f,1f],start_interpolation: 0,interpolation_duration: 1}
$data merge entity $(bone_trigger) {transformation: [-0.9909f,0.1172f,0.0655f,-0.1069f,0.1081f,0.9858f,-0.1286f,-0.34f,-0.0796f,-0.1204f,-0.9895f,0.3776f,0f,0f,0f,1f],start_interpolation: 0,interpolation_duration: 1}
$data merge entity $(bone_trigger_gaurd) {transformation: [-0.9909f,0.1172f,0.0655f,-0.1057f,0.1081f,0.9858f,-0.1286f,-0.3074f,-0.0796f,-0.1204f,-0.9895f,0.4063f,0f,0f,0f,1f],start_interpolation: 0,interpolation_duration: 1}
$data merge entity $(bone_right_arm) {transformation: [-0.9909f,0.0655f,-0.1172f,-0.1205f,0.1081f,-0.1286f,-0.9858f,-0.4077f,-0.0796f,-0.9895f,0.1204f,0.0231f,0f,0f,0f,1f],start_interpolation: 0,interpolation_duration: 1}
$data merge entity $(bone_magazine1) {transformation: [0f,0f,0f,-0.1615f,0f,0f,0f,-0.2792f,0f,0f,0f,0.3577f,0f,0f,0f,1f],start_interpolation: 0,interpolation_duration: 1}
$data merge entity $(bone_left_arm) {transformation: [-0.8185f,0.463f,0.3403f,0.0561f,-0.423f,-0.0849f,-0.9021f,-0.4161f,-0.3888f,-0.8823f,0.2653f,0.0486f,0f,0f,0f,1f],start_interpolation: 0,interpolation_duration: 1}
data modify entity @s data merge value {"cameras":{},"locators":{"barrel1":{"px":-0.1414298814358578,"py":-0.2220083351946181,"pz":0.6923415431060236,"ry":3.785058540737907,"rx":-7.389493483134499}}}