# This file was generated by Animated Java via MC-Build. It is not recommended to edit this file directly.
$data merge entity $(bone_muzzleflash) {transformation: [0f,0f,0f,-0.2586f,0f,0f,0f,-0.6748f,0f,0f,0f,0.4f,0f,0f,0f,1f],start_interpolation: 0,interpolation_duration: 1}
$data merge entity $(bone_slide) {transformation: [-0.9913f,0.1174f,0.0598f,-0.098f,0.1094f,0.9863f,-0.1231f,-0.193f,-0.0734f,-0.1155f,-0.9906f,0.5285f,0f,0f,0f,1f],start_interpolation: 0,interpolation_duration: 1}
$data merge entity $(bone_barrel) {transformation: [-0.9913f,0.1174f,0.0598f,0.001f,0.1094f,0.9863f,-0.1231f,-0.2848f,-0.0734f,-0.1155f,-0.9906f,0.5459f,0f,0f,0f,1f],start_interpolation: 0,interpolation_duration: 1}
$data merge entity $(bone_magazine) {transformation: [-0.9913f,0.1174f,0.0598f,-0.1019f,0.1094f,0.9863f,-0.1231f,-0.3489f,-0.0734f,-0.1155f,-0.9906f,0.3488f,0f,0f,0f,1f],start_interpolation: 0,interpolation_duration: 1}
$data merge entity $(bone_grip) {transformation: [-0.9913f,0.1174f,0.0598f,-0.1019f,0.1094f,0.9863f,-0.1231f,-0.3489f,-0.0734f,-0.1155f,-0.9906f,0.3488f,0f,0f,0f,1f],start_interpolation: 0,interpolation_duration: 1}
$data merge entity $(bone_trigger) {transformation: [-0.9913f,0.1174f,0.0598f,-0.1032f,0.1094f,0.9863f,-0.1231f,-0.3408f,-0.0734f,-0.1155f,-0.9906f,0.3786f,0f,0f,0f,1f],start_interpolation: 0,interpolation_duration: 1}
$data merge entity $(bone_trigger_gaurd) {transformation: [-0.9913f,0.1174f,0.0598f,-0.1017f,0.1094f,0.9863f,-0.1231f,-0.3083f,-0.0734f,-0.1155f,-0.9906f,0.4074f,0f,0f,0f,1f],start_interpolation: 0,interpolation_duration: 1}
$data merge entity $(bone_right_arm) {transformation: [-0.9913f,0.0598f,-0.1174f,-0.1188f,0.1094f,-0.1231f,-0.9863f,-0.4064f,-0.0734f,-0.9906f,0.1155f,0.0238f,0f,0f,0f,1f],start_interpolation: 0,interpolation_duration: 1}
$data merge entity $(bone_magazine1) {transformation: [0f,0f,0f,-0.1577f,0f,0f,0f,-0.2798f,0f,0f,0f,0.3593f,0f,0f,0f,1f],start_interpolation: 0,interpolation_duration: 1}
$data merge entity $(bone_left_arm) {transformation: [-0.821f,0.4579f,0.3409f,0.0579f,-0.4201f,-0.0803f,-0.9039f,-0.4152f,-0.3865f,-0.8854f,0.2583f,0.0483f,0f,0f,0f,1f],start_interpolation: 0,interpolation_duration: 1}
data modify entity @s data merge value {"cameras":{},"locators":{"barrel1":{"px":-0.13577016516722296,"py":-0.2245199205451531,"pz":0.6941745507130471,"ry":3.4518811679476187,"rx":-7.073100792510948}}}