# This file was generated by Animated Java via MC-Build. It is not recommended to edit this file directly.
$data merge entity $(bone_muzzleflash) {transformation: [0f,0f,0f,-0.2569f,0f,0f,0f,-0.8315f,0f,0f,0f,0.4f,0f,0f,0f,1f],start_interpolation: 0,interpolation_duration: 1}
$data merge entity $(bone_slide) {transformation: [-0.9915f,0.1172f,0.0574f,-0.096f,0.1096f,0.9866f,-0.1206f,-0.35f,-0.0708f,-0.1133f,-0.991f,0.5293f,0f,0f,0f,1f],start_interpolation: 0,interpolation_duration: 1}
$data merge entity $(bone_barrel) {transformation: [-0.9915f,0.1172f,0.0574f,0.003f,0.1096f,0.9866f,-0.1206f,-0.4418f,-0.0708f,-0.1133f,-0.991f,0.5462f,0f,0f,0f,1f],start_interpolation: 0,interpolation_duration: 1}
$data merge entity $(bone_magazine) {transformation: [-0.9915f,0.1172f,0.0574f,-0.1003f,0.1096f,0.9866f,-0.1206f,-0.5055f,-0.0708f,-0.1133f,-0.991f,0.3493f,0f,0f,0f,1f],start_interpolation: 0,interpolation_duration: 1}
$data merge entity $(bone_grip) {transformation: [-0.9915f,0.1172f,0.0574f,-0.1003f,0.1096f,0.9866f,-0.1206f,-0.5055f,-0.0708f,-0.1133f,-0.991f,0.3493f,0f,0f,0f,1f],start_interpolation: 0,interpolation_duration: 1}
$data merge entity $(bone_trigger) {transformation: [-0.9915f,0.1172f,0.0574f,-0.1016f,0.1096f,0.9866f,-0.1206f,-0.4974f,-0.0708f,-0.1133f,-0.991f,0.3791f,0f,0f,0f,1f],start_interpolation: 0,interpolation_duration: 1}
$data merge entity $(bone_trigger_gaurd) {transformation: [-0.9915f,0.1172f,0.0574f,-0.1f,0.1096f,0.9866f,-0.1206f,-0.465f,-0.0708f,-0.1133f,-0.991f,0.408f,0f,0f,0f,1f],start_interpolation: 0,interpolation_duration: 1}
$data merge entity $(bone_right_arm) {transformation: [-0.9915f,0.0574f,-0.1172f,-0.118f,0.1096f,-0.1206f,-0.9866f,-0.5622f,-0.0708f,-0.991f,0.1133f,0.0241f,0f,0f,0f,1f],start_interpolation: 0,interpolation_duration: 1}
$data merge entity $(bone_magazine1) {transformation: [0f,0f,0f,-0.1562f,0f,0f,0f,-0.4364f,0f,0f,0f,0.3601f,0f,0f,0f,1f],start_interpolation: 0,interpolation_duration: 1}
$data merge entity $(bone_left_arm) {transformation: [-0.822f,0.4558f,0.3415f,0.0588f,-0.4191f,-0.0781f,-0.9046f,-0.571f,-0.3856f,-0.8867f,0.2552f,0.0482f,0f,0f,0f,1f],start_interpolation: 0,interpolation_duration: 1}
data modify entity @s data merge value {"cameras":{},"locators":{"barrel1":{"px":-0.1334152269478163,"py":-0.3819586692727653,"pz":0.6950275994379158,"ry":3.3158660487578686,"rx":-6.927751531647594}}}