# This file was generated by Animated Java via MC-Build. It is not recommended to edit this file directly.
$data merge entity $(bone_muzzleflash) {transformation: [0f,0f,0f,-0.2523f,0f,0f,0f,-0.7392f,0f,0f,0f,0.4f,0f,0f,0f,1f],start_interpolation: 0,interpolation_duration: 1}
$data merge entity $(bone_slide) {transformation: [-0.9919f,0.1157f,0.0515f,-0.091f,0.1093f,0.9875f,-0.1136f,-0.2585f,-0.064f,-0.107f,-0.9922f,0.5318f,0f,0f,0f,1f],start_interpolation: 0,interpolation_duration: 1}
$data merge entity $(bone_barrel) {transformation: [-0.9919f,0.1157f,0.0515f,0.0082f,0.1093f,0.9875f,-0.1136f,-0.3503f,-0.064f,-0.107f,-0.9922f,0.5474f,0f,0f,0f,1f],start_interpolation: 0,interpolation_duration: 1}
$data merge entity $(bone_magazine) {transformation: [-0.9919f,0.1157f,0.0515f,-0.0963f,0.1093f,0.9875f,-0.1136f,-0.4126f,-0.064f,-0.107f,-0.9922f,0.3506f,0f,0f,0f,1f],start_interpolation: 0,interpolation_duration: 1}
$data merge entity $(bone_grip) {transformation: [-0.9919f,0.1157f,0.0515f,-0.0963f,0.1093f,0.9875f,-0.1136f,-0.4126f,-0.064f,-0.107f,-0.9922f,0.3506f,0f,0f,0f,1f],start_interpolation: 0,interpolation_duration: 1}
$data merge entity $(bone_trigger) {transformation: [-0.9919f,0.1157f,0.0515f,-0.0973f,0.1093f,0.9875f,-0.1136f,-0.4048f,-0.064f,-0.107f,-0.9922f,0.3805f,0f,0f,0f,1f],start_interpolation: 0,interpolation_duration: 1}
$data merge entity $(bone_trigger_gaurd) {transformation: [-0.9919f,0.1157f,0.0515f,-0.0957f,0.1093f,0.9875f,-0.1136f,-0.3726f,-0.064f,-0.107f,-0.9922f,0.4096f,0f,0f,0f,1f],start_interpolation: 0,interpolation_duration: 1}
$data merge entity $(bone_right_arm) {transformation: [-0.9919f,0.0515f,-0.1157f,-0.1159f,0.1093f,-0.1136f,-0.9875f,-0.4671f,-0.064f,-0.9922f,0.107f,0.0252f,0f,0f,0f,1f],start_interpolation: 0,interpolation_duration: 1}
$data merge entity $(bone_magazine1) {transformation: [0f,0f,0f,-0.1521f,0f,0f,0f,-0.3437f,0f,0f,0f,0.3623f,0f,0f,0f,1f],start_interpolation: 0,interpolation_duration: 1}
$data merge entity $(bone_left_arm) {transformation: [-0.824f,0.4505f,0.3438f,0.0611f,-0.4171f,-0.0715f,-0.9061f,-0.4759f,-0.3836f,-0.8899f,0.2468f,0.0481f,0f,0f,0f,1f],start_interpolation: 0,interpolation_duration: 1}
data modify entity @s data merge value {"cameras":{},"locators":{"barrel1":{"px":-0.12734813460812208,"py":-0.2916175569836618,"pz":0.6974385619670388,"ry":2.97090721111789,"rx":-6.521591653120979}}}