# This file was generated by Animated Java via MC-Build. It is not recommended to edit this file directly.
$data merge entity $(muzzleflash) {transformation: [0f,0f,0f,-0.2513f,0f,0f,0f,-0.677f,0f,0f,0f,0.4f,0f,0f,0f,1f],start_interpolation: 0,interpolation_duration: 1}
$data merge entity $(slide) {transformation: [-0.9921f,0.1153f,0.0503f,-0.0899f,0.1091f,0.9877f,-0.112f,-0.1965f,-0.0626f,-0.1057f,-0.9924f,0.5323f,0f,0f,0f,1f],start_interpolation: 0,interpolation_duration: 1}
$data merge entity $(barrel) {transformation: [-0.9921f,0.1153f,0.0503f,0.0092f,0.1091f,0.9877f,-0.112f,-0.2883f,-0.0626f,-0.1057f,-0.9924f,0.5477f,0f,0f,0f,1f],start_interpolation: 0,interpolation_duration: 1}
$data merge entity $(magazine) {transformation: [-0.9921f,0.1153f,0.0503f,-0.0954f,0.1091f,0.9877f,-0.112f,-0.3504f,-0.0626f,-0.1057f,-0.9924f,0.3509f,0f,0f,0f,1f],start_interpolation: 0,interpolation_duration: 1}
$data merge entity $(grip) {transformation: [-0.9921f,0.1153f,0.0503f,-0.0954f,0.1091f,0.9877f,-0.112f,-0.3504f,-0.0626f,-0.1057f,-0.9924f,0.3509f,0f,0f,0f,1f],start_interpolation: 0,interpolation_duration: 1}
$data merge entity $(trigger) {transformation: [-0.9921f,0.1153f,0.0503f,-0.0964f,0.1091f,0.9877f,-0.112f,-0.3426f,-0.0626f,-0.1057f,-0.9924f,0.3809f,0f,0f,0f,1f],start_interpolation: 0,interpolation_duration: 1}
$data merge entity $(trigger_gaurd) {transformation: [-0.9921f,0.1153f,0.0503f,-0.0948f,0.1091f,0.9877f,-0.112f,-0.3105f,-0.0626f,-0.1057f,-0.9924f,0.41f,0f,0f,0f,1f],start_interpolation: 0,interpolation_duration: 1}
$data merge entity $(right_arm) {transformation: [-0.9921f,0.0503f,-0.1153f,-0.1155f,0.1091f,-0.112f,-0.9877f,-0.4043f,-0.0626f,-0.9924f,0.1057f,0.0255f,0f,0f,0f,1f],start_interpolation: 0,interpolation_duration: 1}
$data merge entity $(magazine1) {transformation: [0f,0f,0f,-0.1513f,0f,0f,0f,-0.2815f,0f,0f,0f,0.3628f,0f,0f,0f,1f],start_interpolation: 0,interpolation_duration: 1}
$data merge entity $(left_arm) {transformation: [-0.8243f,0.4494f,0.3443f,0.0615f,-0.4167f,-0.07f,-0.9063f,-0.4131f,-0.3832f,-0.8906f,0.2449f,0.0481f,0f,0f,0f,1f],start_interpolation: 0,interpolation_duration: 1}
data modify entity @s data merge value {"cameras":{},"locators":{"barrel1":{"px":-0.12610942972510636,"py":-0.2298717000416876,"pz":0.6979660459018934,"ry":2.901289110853128,"rx":-6.433495995956152}}}