# This file was generated by Animated Java via MC-Build. It is not recommended to edit this file directly.
$data merge entity $(bone_muzzleflash) {transformation: [0f,0f,0f,-0.3753f,0f,0f,0f,-0.7086f,0f,0f,0f,0.4f,0f,0f,0f,1f],start_interpolation: 0,interpolation_duration: 1}
$data merge entity $(bone_slide) {transformation: [-0.9922f,0.1149f,0.0491f,-0.2139f,0.1089f,0.9879f,-0.1105f,-0.2282f,-0.0612f,-0.1043f,-0.9927f,0.5328f,0f,0f,0f,1f],start_interpolation: 0,interpolation_duration: 1}
$data merge entity $(bone_barrel) {transformation: [-0.9922f,0.1149f,0.0491f,-0.1147f,0.1089f,0.9879f,-0.1105f,-0.3201f,-0.0612f,-0.1043f,-0.9927f,0.548f,0f,0f,0f,1f],start_interpolation: 0,interpolation_duration: 1}
$data merge entity $(bone_magazine) {transformation: [-0.9922f,0.1149f,0.0491f,-0.2196f,0.1089f,0.9879f,-0.1105f,-0.3818f,-0.0612f,-0.1043f,-0.9927f,0.3512f,0f,0f,0f,1f],start_interpolation: 0,interpolation_duration: 1}
$data merge entity $(bone_grip) {transformation: [-0.9922f,0.1149f,0.0491f,-0.2196f,0.1089f,0.9879f,-0.1105f,-0.3818f,-0.0612f,-0.1043f,-0.9927f,0.3512f,0f,0f,0f,1f],start_interpolation: 0,interpolation_duration: 1}
$data merge entity $(bone_trigger) {transformation: [-0.9922f,0.1149f,0.0491f,-0.2206f,0.1089f,0.9879f,-0.1105f,-0.3741f,-0.0612f,-0.1043f,-0.9927f,0.3812f,0f,0f,0f,1f],start_interpolation: 0,interpolation_duration: 1}
$data merge entity $(bone_trigger_gaurd) {transformation: [-0.9922f,0.1149f,0.0491f,-0.2188f,0.1089f,0.9879f,-0.1105f,-0.342f,-0.0612f,-0.1043f,-0.9927f,0.4104f,0f,0f,0f,1f],start_interpolation: 0,interpolation_duration: 1}
$data merge entity $(bone_right_arm) {transformation: [-0.9922f,0.0491f,-0.1149f,-0.24f,0.1089f,-0.1105f,-0.9879f,-0.4353f,-0.0612f,-0.9927f,0.1043f,0.0257f,0f,0f,0f,1f],start_interpolation: 0,interpolation_duration: 1}
$data merge entity $(bone_magazine1) {transformation: [0f,0f,0f,-0.2754f,0f,0f,0f,-0.313f,0f,0f,0f,0.3633f,0f,0f,0f,1f],start_interpolation: 0,interpolation_duration: 1}
$data merge entity $(bone_left_arm) {transformation: [-0.8247f,0.4483f,0.3449f,-0.063f,-0.4164f,-0.0684f,-0.9066f,-0.4441f,-0.3828f,-0.8913f,0.2431f,0.0482f,0f,0f,0f,1f],start_interpolation: 0,interpolation_duration: 1}
data modify entity @s data merge value {"cameras":{},"locators":{"barrel1":{"px":-0.24986392472504265,"py":-0.2618992373713532,"pz":0.6985079229319648,"ry":2.8315256276961804,"rx":-6.343247899540428}}}