# This file was generated by Animated Java via MC-Build. It is not recommended to edit this file directly.
$data merge entity $(muzzleflash) {transformation: [0f,0f,0f,-0.2428f,0f,0f,0f,-0.6802f,0f,0f,0f,0.4f,0f,0f,0f,1f],start_interpolation: 0,interpolation_duration: 1}
$data merge entity $(slide) {transformation: [-0.993f,0.111f,0.0407f,-0.0816f,0.1065f,0.9894f,-0.0986f,-0.201f,-0.0512f,-0.0935f,-0.9943f,0.5371f,0f,0f,0f,1f],start_interpolation: 0,interpolation_duration: 1}
$data merge entity $(barrel) {transformation: [-0.993f,0.111f,0.0407f,0.018f,0.1065f,0.9894f,-0.0986f,-0.2927f,-0.0512f,-0.0935f,-0.9943f,0.5503f,0f,0f,0f,1f],start_interpolation: 0,interpolation_duration: 1}
$data merge entity $(magazine) {transformation: [-0.993f,0.111f,0.0407f,-0.0884f,0.1065f,0.9894f,-0.0986f,-0.3524f,-0.0512f,-0.0935f,-0.9943f,0.3538f,0f,0f,0f,1f],start_interpolation: 0,interpolation_duration: 1}
$data merge entity $(grip) {transformation: [-0.993f,0.111f,0.0407f,-0.0884f,0.1065f,0.9894f,-0.0986f,-0.3524f,-0.0512f,-0.0935f,-0.9943f,0.3538f,0f,0f,0f,1f],start_interpolation: 0,interpolation_duration: 1}
$data merge entity $(trigger) {transformation: [-0.993f,0.111f,0.0407f,-0.0892f,0.1065f,0.9894f,-0.0986f,-0.3451f,-0.0512f,-0.0935f,-0.9943f,0.3838f,0f,0f,0f,1f],start_interpolation: 0,interpolation_duration: 1}
$data merge entity $(trigger_gaurd) {transformation: [-0.993f,0.111f,0.0407f,-0.0873f,0.1065f,0.9894f,-0.0986f,-0.3133f,-0.0512f,-0.0935f,-0.9943f,0.4134f,0f,0f,0f,1f],start_interpolation: 0,interpolation_duration: 1}
$data merge entity $(right_arm) {transformation: [-0.993f,0.0407f,-0.111f,-0.1116f,0.1065f,-0.0986f,-0.9894f,-0.4021f,-0.0512f,-0.9943f,0.0935f,0.0278f,0f,0f,0f,1f],start_interpolation: 0,interpolation_duration: 1}
$data merge entity $(magazine1) {transformation: [0f,0f,0f,-0.1444f,0f,0f,0f,-0.2839f,0f,0f,0f,0.3671f,0f,0f,0f,1f],start_interpolation: 0,interpolation_duration: 1}
$data merge entity $(left_arm) {transformation: [-0.8268f,0.4406f,0.3498f,0.0657f,-0.4144f,-0.0565f,-0.9083f,-0.4106f,-0.3805f,-0.8959f,0.2293f,0.0486f,0f,0f,0f,1f],start_interpolation: 0,interpolation_duration: 1}
data modify entity @s data merge value {"cameras":{},"locators":{"barrel1":{"px":-0.11601486287885115,"py":-0.23672148573749058,"pz":0.7026789853955129,"ry":2.341445883665614,"rx":-5.655990919571263}}}