# This file was generated by Animated Java via MC-Build. It is not recommended to edit this file directly.
$data merge entity $(bone_muzzleflash) {transformation: [0f,0f,0f,-0.2393f,0f,0f,0f,-0.7442f,0f,0f,0f,0.4f,0f,0f,0f,1f],start_interpolation: 0,interpolation_duration: 1}
$data merge entity $(bone_slide) {transformation: [-0.9934f,0.109f,0.037f,-0.0785f,0.1051f,0.9901f,-0.093f,-0.2654f,-0.0468f,-0.0885f,-0.995f,0.5392f,0f,0f,0f,1f],start_interpolation: 0,interpolation_duration: 1}
$data merge entity $(bone_barrel) {transformation: [-0.9934f,0.109f,0.037f,0.0213f,0.1051f,0.9901f,-0.093f,-0.357f,-0.0468f,-0.0885f,-0.995f,0.5514f,0f,0f,0f,1f],start_interpolation: 0,interpolation_duration: 1}
$data merge entity $(bone_magazine) {transformation: [-0.9934f,0.109f,0.037f,-0.0857f,0.1051f,0.9901f,-0.093f,-0.4159f,-0.0468f,-0.0885f,-0.995f,0.355f,0f,0f,0f,1f],start_interpolation: 0,interpolation_duration: 1}
$data merge entity $(bone_grip) {transformation: [-0.9934f,0.109f,0.037f,-0.0857f,0.1051f,0.9901f,-0.093f,-0.4159f,-0.0468f,-0.0885f,-0.995f,0.355f,0f,0f,0f,1f],start_interpolation: 0,interpolation_duration: 1}
$data merge entity $(bone_trigger) {transformation: [-0.9934f,0.109f,0.037f,-0.0864f,0.1051f,0.9901f,-0.093f,-0.4087f,-0.0468f,-0.0885f,-0.995f,0.3851f,0f,0f,0f,1f],start_interpolation: 0,interpolation_duration: 1}
$data merge entity $(bone_trigger_gaurd) {transformation: [-0.9934f,0.109f,0.037f,-0.0844f,0.1051f,0.9901f,-0.093f,-0.3771f,-0.0468f,-0.0885f,-0.995f,0.4148f,0f,0f,0f,1f],start_interpolation: 0,interpolation_duration: 1}
$data merge entity $(bone_right_arm) {transformation: [-0.9934f,0.037f,-0.109f,-0.11f,0.1051f,-0.093f,-0.9901f,-0.4638f,-0.0468f,-0.995f,0.0885f,0.0289f,0f,0f,0f,1f],start_interpolation: 0,interpolation_duration: 1}
$data merge entity $(bone_magazine1) {transformation: [0f,0f,0f,-0.1418f,0f,0f,0f,-0.3475f,0f,0f,0f,0.3689f,0f,0f,0f,1f],start_interpolation: 0,interpolation_duration: 1}
$data merge entity $(bone_left_arm) {transformation: [-0.8275f,0.4373f,0.3522f,0.0673f,-0.4137f,-0.0508f,-0.909f,-0.4721f,-0.3796f,-0.8979f,0.2229f,0.0489f,0f,0f,0f,1f],start_interpolation: 0,interpolation_duration: 1}
data modify entity @s data merge value {"cameras":{},"locators":{"barrel1":{"px":-0.11219255849590193,"py":-0.30214458041431225,"pz":0.7046528202042781,"ry":2.1320686135728977,"rx":-5.334737369346778}}}