# This file was generated by Animated Java via MC-Build. It is not recommended to edit this file directly.
$data merge entity $(bone_muzzleflash) {transformation: [0f,0f,0f,-0.3281f,0f,0f,0f,-0.7346f,0f,0f,0f,0.3962f,0f,0f,0f,1f],start_interpolation: 0,interpolation_duration: 1}
$data merge entity $(bone_slide) {transformation: [-0.996f,0.0894f,-0.001f,-0.1696f,0.0894f,0.9959f,-0.0114f,-0.2656f,-0.0001f,-0.0115f,-0.9999f,0.5677f,0f,0f,0f,1f],start_interpolation: 0,interpolation_duration: 1}
$data merge entity $(bone_barrel) {transformation: [-0.996f,0.0894f,-0.001f,-0.0679f,0.0894f,0.9959f,-0.0114f,-0.356f,-0.0001f,-0.0115f,-0.9999f,0.5687f,0f,0f,0f,1f],start_interpolation: 0,interpolation_duration: 1}
$data merge entity $(bone_magazine) {transformation: [-0.996f,0.0894f,-0.001f,-0.1817f,0.0894f,0.9959f,-0.0114f,-0.4008f,-0.0001f,-0.0115f,-0.9999f,0.3723f,0f,0f,0f,1f],start_interpolation: 0,interpolation_duration: 1}
$data merge entity $(bone_grip) {transformation: [-0.996f,0.0894f,-0.001f,-0.1817f,0.0894f,0.9959f,-0.0114f,-0.4008f,-0.0001f,-0.0115f,-0.9999f,0.3723f,0f,0f,0f,1f],start_interpolation: 0,interpolation_duration: 1}
$data merge entity $(bone_trigger) {transformation: [-0.996f,0.0894f,-0.001f,-0.1813f,0.0894f,0.9959f,-0.0114f,-0.3961f,-0.0001f,-0.0115f,-0.9999f,0.4029f,0f,0f,0f,1f],start_interpolation: 0,interpolation_duration: 1}
$data merge entity $(bone_trigger_gaurd) {transformation: [-0.996f,0.0894f,-0.001f,-0.1787f,0.0894f,0.9959f,-0.0114f,-0.367f,-0.0001f,-0.0115f,-0.9999f,0.435f,0f,0f,0f,1f],start_interpolation: 0,interpolation_duration: 1}
$data merge entity $(bone_right_arm) {transformation: [-0.996f,-0.001f,-0.0894f,-0.2182f,0.0894f,-0.0114f,-0.9959f,-0.4226f,-0.0001f,-0.9999f,0.0115f,0.0445f,0f,0f,0f,1f],start_interpolation: 0,interpolation_duration: 1}
$data merge entity $(bone_magazine1) {transformation: [0f,0f,0f,-0.2383f,0f,0f,0f,-0.3349f,0f,0f,0f,0.3939f,0f,0f,0f,1f],start_interpolation: 0,interpolation_duration: 1}
$data merge entity $(bone_left_arm) {transformation: [-0.8351f,0.4021f,0.3753f,-0.0401f,-0.3975f,0.0305f,-0.9171f,-0.4291f,-0.3802f,-0.9151f,0.1343f,0.0571f,0f,0f,0f,1f],start_interpolation: 0,interpolation_duration: 1}
data modify entity @s data merge value {"cameras":{},"locators":{"barrel1":{"px":-0.1961329947856751,"py":-0.3162905558029575,"pz":0.7308553341068826,"ry":359.9452087795774,"rx":-0.6546281576541564}}}