# This file was generated by Animated Java via MC-Build. It is not recommended to edit this file directly.
$data merge entity $(bone_muzzleflash) {transformation: [0f,0f,0f,-0.237f,0f,0f,0f,-0.839f,0f,0f,0f,0.4f,0f,0f,0f,1f],start_interpolation: 0,interpolation_duration: 1}
$data merge entity $(bone_slide) {transformation: [-0.9936f,0.1075f,0.0346f,-0.0764f,0.1041f,0.9906f,-0.0891f,-0.3605f,-0.0439f,-0.0849f,-0.9954f,0.5406f,0f,0f,0f,1f],start_interpolation: 0,interpolation_duration: 1}
$data merge entity $(bone_barrel) {transformation: [-0.9936f,0.1075f,0.0346f,0.0236f,0.1041f,0.9906f,-0.0891f,-0.4521f,-0.0439f,-0.0849f,-0.9954f,0.5523f,0f,0f,0f,1f],start_interpolation: 0,interpolation_duration: 1}
$data merge entity $(bone_magazine) {transformation: [-0.9936f,0.1075f,0.0346f,-0.0839f,0.1041f,0.9906f,-0.0891f,-0.5103f,-0.0439f,-0.0849f,-0.9954f,0.3559f,0f,0f,0f,1f],start_interpolation: 0,interpolation_duration: 1}
$data merge entity $(bone_grip) {transformation: [-0.9936f,0.1075f,0.0346f,-0.0839f,0.1041f,0.9906f,-0.0891f,-0.5103f,-0.0439f,-0.0849f,-0.9954f,0.3559f,0f,0f,0f,1f],start_interpolation: 0,interpolation_duration: 1}
$data merge entity $(bone_trigger) {transformation: [-0.9936f,0.1075f,0.0346f,-0.0845f,0.1041f,0.9906f,-0.0891f,-0.5032f,-0.0439f,-0.0849f,-0.9954f,0.386f,0f,0f,0f,1f],start_interpolation: 0,interpolation_duration: 1}
$data merge entity $(bone_trigger_gaurd) {transformation: [-0.9936f,0.1075f,0.0346f,-0.0825f,0.1041f,0.9906f,-0.0891f,-0.4717f,-0.0439f,-0.0849f,-0.9954f,0.4158f,0f,0f,0f,1f],start_interpolation: 0,interpolation_duration: 1}
$data merge entity $(bone_right_arm) {transformation: [-0.9936f,0.0346f,-0.1075f,-0.109f,0.1041f,-0.0891f,-0.9906f,-0.557f,-0.0439f,-0.9954f,0.0849f,0.0296f,0f,0f,0f,1f],start_interpolation: 0,interpolation_duration: 1}
$data merge entity $(bone_magazine1) {transformation: [0f,0f,0f,-0.14f,0f,0f,0f,-0.4421f,0f,0f,0f,0.3702f,0f,0f,0f,1f],start_interpolation: 0,interpolation_duration: 1}
$data merge entity $(bone_left_arm) {transformation: [-0.828f,0.4351f,0.3538f,0.0684f,-0.4132f,-0.0468f,-0.9094f,-0.5652f,-0.3791f,-0.8992f,0.2185f,0.0492f,0f,0f,0f,1f],start_interpolation: 0,interpolation_duration: 1}
data modify entity @s data merge value {"cameras":{},"locators":{"barrel1":{"px":-0.10964937314556322,"py":-0.39794424295328057,"pz":0.7060249859285552,"ry":1.9933102111910728,"rx":-5.112730639921925}}}