# This file was generated by Animated Java via MC-Build. It is not recommended to edit this file directly.
$data merge entity $(bone_muzzleflash) {transformation: [0f,0f,0f,-0.3574f,0f,0f,0f,-0.7162f,0f,0f,0f,0.4f,0f,0f,0f,1f],start_interpolation: 0,interpolation_duration: 1}
$data merge entity $(bone_slide) {transformation: [-0.9941f,0.1046f,0.0299f,-0.1973f,0.1019f,0.9915f,-0.0811f,-0.2385f,-0.0381f,-0.0776f,-0.9963f,0.5436f,0f,0f,0f,1f],start_interpolation: 0,interpolation_duration: 1}
$data merge entity $(bone_barrel) {transformation: [-0.9941f,0.1046f,0.0299f,-0.097f,0.1019f,0.9915f,-0.0811f,-0.3299f,-0.0381f,-0.0776f,-0.9963f,0.554f,0f,0f,0f,1f],start_interpolation: 0,interpolation_duration: 1}
$data merge entity $(bone_magazine) {transformation: [-0.9941f,0.1046f,0.0299f,-0.2054f,0.1019f,0.9915f,-0.0811f,-0.3868f,-0.0381f,-0.0776f,-0.9963f,0.3577f,0f,0f,0f,1f],start_interpolation: 0,interpolation_duration: 1}
$data merge entity $(bone_grip) {transformation: [-0.9941f,0.1046f,0.0299f,-0.2054f,0.1019f,0.9915f,-0.0811f,-0.3868f,-0.0381f,-0.0776f,-0.9963f,0.3577f,0f,0f,0f,1f],start_interpolation: 0,interpolation_duration: 1}
$data merge entity $(bone_trigger) {transformation: [-0.9941f,0.1046f,0.0299f,-0.2058f,0.1019f,0.9915f,-0.0811f,-0.38f,-0.0381f,-0.0776f,-0.9963f,0.3879f,0f,0f,0f,1f],start_interpolation: 0,interpolation_duration: 1}
$data merge entity $(bone_trigger_gaurd) {transformation: [-0.9941f,0.1046f,0.0299f,-0.2038f,0.1019f,0.9915f,-0.0811f,-0.3487f,-0.0381f,-0.0776f,-0.9963f,0.418f,0f,0f,0f,1f],start_interpolation: 0,interpolation_duration: 1}
$data merge entity $(bone_right_arm) {transformation: [-0.9941f,0.0299f,-0.1046f,-0.2319f,0.1019f,-0.0811f,-0.9915f,-0.4309f,-0.0381f,-0.9963f,0.0776f,0.0312f,0f,0f,0f,1f],start_interpolation: 0,interpolation_duration: 1}
$data merge entity $(bone_magazine1) {transformation: [0f,0f,0f,-0.2615f,0f,0f,0f,-0.3188f,0f,0f,0f,0.3729f,0f,0f,0f,1f],start_interpolation: 0,interpolation_duration: 1}
$data merge entity $(bone_left_arm) {transformation: [-0.8288f,0.4307f,0.3572f,-0.0544f,-0.4123f,-0.0385f,-0.9102f,-0.4388f,-0.3783f,-0.9017f,0.2095f,0.0499f,0f,0f,0f,1f],start_interpolation: 0,interpolation_duration: 1}
data modify entity @s data merge value {"cameras":{},"locators":{"barrel1":{"px":-0.22960298506106622,"py":-0.2772750579518291,"pz":0.7088941886845739,"ry":1.7189566349532583,"rx":-4.651748557992177}}}