# This file was generated by Animated Java via MC-Build. It is not recommended to edit this file directly.
$data merge entity $(bone_muzzleflash) {transformation: [0f,0f,0f,-0.2312f,0f,0f,0f,-0.748f,0f,0f,0f,0.4f,0f,0f,0f,1f],start_interpolation: 0,interpolation_duration: 1}
$data merge entity $(bone_slide) {transformation: [-0.9942f,0.1039f,0.0287f,-0.0713f,0.1013f,0.9917f,-0.079f,-0.2705f,-0.0367f,-0.0757f,-0.9965f,0.5444f,0f,0f,0f,1f],start_interpolation: 0,interpolation_duration: 1}
$data merge entity $(bone_barrel) {transformation: [-0.9942f,0.1039f,0.0287f,0.0291f,0.1013f,0.9917f,-0.079f,-0.3618f,-0.0367f,-0.0757f,-0.9965f,0.5545f,0f,0f,0f,1f],start_interpolation: 0,interpolation_duration: 1}
$data merge entity $(bone_magazine) {transformation: [-0.9942f,0.1039f,0.0287f,-0.0795f,0.1013f,0.9917f,-0.079f,-0.4184f,-0.0367f,-0.0757f,-0.9965f,0.3582f,0f,0f,0f,1f],start_interpolation: 0,interpolation_duration: 1}
$data merge entity $(bone_grip) {transformation: [-0.9942f,0.1039f,0.0287f,-0.0795f,0.1013f,0.9917f,-0.079f,-0.4184f,-0.0367f,-0.0757f,-0.9965f,0.3582f,0f,0f,0f,1f],start_interpolation: 0,interpolation_duration: 1}
$data merge entity $(bone_trigger) {transformation: [-0.9942f,0.1039f,0.0287f,-0.0799f,0.1013f,0.9917f,-0.079f,-0.4117f,-0.0367f,-0.0757f,-0.9965f,0.3884f,0f,0f,0f,1f],start_interpolation: 0,interpolation_duration: 1}
$data merge entity $(bone_trigger_gaurd) {transformation: [-0.9942f,0.1039f,0.0287f,-0.0778f,0.1013f,0.9917f,-0.079f,-0.3805f,-0.0367f,-0.0757f,-0.9965f,0.4185f,0f,0f,0f,1f],start_interpolation: 0,interpolation_duration: 1}
$data merge entity $(bone_right_arm) {transformation: [-0.9942f,0.0287f,-0.1039f,-0.1064f,0.1013f,-0.079f,-0.9917f,-0.4619f,-0.0367f,-0.9965f,0.0757f,0.0317f,0f,0f,0f,1f],start_interpolation: 0,interpolation_duration: 1}
$data merge entity $(bone_magazine1) {transformation: [0f,0f,0f,-0.1357f,0f,0f,0f,-0.3505f,0f,0f,0f,0.3736f,0f,0f,0f,1f],start_interpolation: 0,interpolation_duration: 1}
$data merge entity $(bone_left_arm) {transformation: [-0.829f,0.4296f,0.3581f,0.0711f,-0.4121f,-0.0364f,-0.9104f,-0.4697f,-0.3781f,-0.9023f,0.2072f,0.0501f,0f,0f,0f,1f],start_interpolation: 0,interpolation_duration: 1}
data modify entity @s data merge value {"cameras":{},"locators":{"barrel1":{"px":-0.1033543578525471,"py":-0.3096542384951385,"pz":0.709635882681462,"ry":1.6512287806689017,"rx":-4.5332580900159964}}}