# This file was generated by Animated Java via MC-Build. It is not recommended to edit this file directly.
$data merge entity $(bone_muzzleflash) {transformation: [0f,0f,0f,-0.2301f,0f,0f,0f,-0.7486f,0f,0f,0f,0.4f,0f,0f,0f,1f],start_interpolation: 0,interpolation_duration: 1}
$data merge entity $(bone_slide) {transformation: [-0.9943f,0.1031f,0.0276f,-0.0702f,0.1007f,0.9919f,-0.077f,-0.2713f,-0.0353f,-0.0737f,-0.9967f,0.5452f,0f,0f,0f,1f],start_interpolation: 0,interpolation_duration: 1}
$data merge entity $(bone_barrel) {transformation: [-0.9943f,0.1031f,0.0276f,0.0302f,0.1007f,0.9919f,-0.077f,-0.3626f,-0.0353f,-0.0737f,-0.9967f,0.555f,0f,0f,0f,1f],start_interpolation: 0,interpolation_duration: 1}
$data merge entity $(bone_magazine) {transformation: [-0.9943f,0.1031f,0.0276f,-0.0786f,0.1007f,0.9919f,-0.077f,-0.4188f,-0.0353f,-0.0737f,-0.9967f,0.3587f,0f,0f,0f,1f],start_interpolation: 0,interpolation_duration: 1}
$data merge entity $(bone_grip) {transformation: [-0.9943f,0.1031f,0.0276f,-0.0786f,0.1007f,0.9919f,-0.077f,-0.4188f,-0.0353f,-0.0737f,-0.9967f,0.3587f,0f,0f,0f,1f],start_interpolation: 0,interpolation_duration: 1}
$data merge entity $(bone_trigger) {transformation: [-0.9943f,0.1031f,0.0276f,-0.079f,0.1007f,0.9919f,-0.077f,-0.4121f,-0.0353f,-0.0737f,-0.9967f,0.3889f,0f,0f,0f,1f],start_interpolation: 0,interpolation_duration: 1}
$data merge entity $(bone_trigger_gaurd) {transformation: [-0.9943f,0.1031f,0.0276f,-0.0769f,0.1007f,0.9919f,-0.077f,-0.381f,-0.0353f,-0.0737f,-0.9967f,0.4191f,0f,0f,0f,1f],start_interpolation: 0,interpolation_duration: 1}
$data merge entity $(bone_right_arm) {transformation: [-0.9943f,0.0276f,-0.1031f,-0.1059f,0.1007f,-0.077f,-0.9919f,-0.4616f,-0.0353f,-0.9967f,0.0737f,0.0321f,0f,0f,0f,1f],start_interpolation: 0,interpolation_duration: 1}
$data merge entity $(bone_magazine1) {transformation: [0f,0f,0f,-0.1348f,0f,0f,0f,-0.351f,0f,0f,0f,0.3743f,0f,0f,0f,1f],start_interpolation: 0,interpolation_duration: 1}
$data merge entity $(bone_left_arm) {transformation: [-0.8292f,0.4285f,0.3589f,0.0717f,-0.4119f,-0.0342f,-0.9106f,-0.4694f,-0.378f,-0.9029f,0.2049f,0.0503f,0f,0f,0f,1f],start_interpolation: 0,interpolation_duration: 1}
data modify entity @s data merge value {"cameras":{},"locators":{"barrel1":{"px":-0.10211254220901188,"py":-0.3108014061680464,"pz":0.710386786829436,"ry":1.5839173279349552,"rx":-4.413566855353761}}}