# This file was generated by Animated Java via MC-Build. It is not recommended to edit this file directly.
$data merge entity $(bone_muzzleflash) {transformation: [0f,0f,0f,-0.2278f,0f,0f,0f,-0.8436f,0f,0f,0f,0.4f,0f,0f,0f,1f],start_interpolation: 0,interpolation_duration: 1}
$data merge entity $(bone_slide) {transformation: [-0.9945f,0.1016f,0.0252f,-0.0682f,0.0995f,0.9924f,-0.0727f,-0.3666f,-0.0324f,-0.0698f,-0.997f,0.5468f,0f,0f,0f,1f],start_interpolation: 0,interpolation_duration: 1}
$data merge entity $(bone_barrel) {transformation: [-0.9945f,0.1016f,0.0252f,0.0323f,0.0995f,0.9924f,-0.0727f,-0.4578f,-0.0324f,-0.0698f,-0.997f,0.556f,0f,0f,0f,1f],start_interpolation: 0,interpolation_duration: 1}
$data merge entity $(bone_magazine) {transformation: [-0.9945f,0.1016f,0.0252f,-0.0768f,0.0995f,0.9924f,-0.0727f,-0.5134f,-0.0324f,-0.0698f,-0.997f,0.3597f,0f,0f,0f,1f],start_interpolation: 0,interpolation_duration: 1}
$data merge entity $(bone_grip) {transformation: [-0.9945f,0.1016f,0.0252f,-0.0768f,0.0995f,0.9924f,-0.0727f,-0.5134f,-0.0324f,-0.0698f,-0.997f,0.3597f,0f,0f,0f,1f],start_interpolation: 0,interpolation_duration: 1}
$data merge entity $(bone_trigger) {transformation: [-0.9945f,0.1016f,0.0252f,-0.0772f,0.0995f,0.9924f,-0.0727f,-0.5068f,-0.0324f,-0.0698f,-0.997f,0.39f,0f,0f,0f,1f],start_interpolation: 0,interpolation_duration: 1}
$data merge entity $(bone_trigger_gaurd) {transformation: [-0.9945f,0.1016f,0.0252f,-0.075f,0.0995f,0.9924f,-0.0727f,-0.4758f,-0.0324f,-0.0698f,-0.997f,0.4203f,0f,0f,0f,1f],start_interpolation: 0,interpolation_duration: 1}
$data merge entity $(bone_right_arm) {transformation: [-0.9945f,0.0252f,-0.1016f,-0.1049f,0.0995f,-0.0727f,-0.9924f,-0.5549f,-0.0324f,-0.997f,0.0698f,0.033f,0f,0f,0f,1f],start_interpolation: 0,interpolation_duration: 1}
$data merge entity $(bone_magazine1) {transformation: [0f,0f,0f,-0.1331f,0f,0f,0f,-0.4457f,0f,0f,0f,0.3757f,0f,0f,0f,1f],start_interpolation: 0,interpolation_duration: 1}
$data merge entity $(bone_left_arm) {transformation: [-0.8295f,0.4264f,0.3606f,0.0727f,-0.4114f,-0.0299f,-0.911f,-0.5625f,-0.3777f,-0.904f,0.2002f,0.0507f,0f,0f,0f,1f],start_interpolation: 0,interpolation_duration: 1}
data modify entity @s data merge value {"cameras":{},"locators":{"barrel1":{"px":-0.0996526614472436,"py":-0.4068984869948423,"pz":0.7119151498615546,"ry":1.4506945629402423,"rx":-4.170771974905249}}}