# This file was generated by Animated Java via MC-Build. It is not recommended to edit this file directly.
$data merge entity $(bone_muzzleflash) {transformation: [0f,0f,0f,-0.2267f,0f,0f,0f,-0.8442f,0f,0f,0f,0.4f,0f,0f,0f,1f],start_interpolation: 0,interpolation_duration: 1}
$data merge entity $(bone_slide) {transformation: [-0.9946f,0.1008f,0.0241f,-0.0672f,0.0989f,0.9926f,-0.0706f,-0.3675f,-0.031f,-0.0678f,-0.9972f,0.5476f,0f,0f,0f,1f],start_interpolation: 0,interpolation_duration: 1}
$data merge entity $(bone_barrel) {transformation: [-0.9946f,0.1008f,0.0241f,0.0334f,0.0989f,0.9926f,-0.0706f,-0.4586f,-0.031f,-0.0678f,-0.9972f,0.5565f,0f,0f,0f,1f],start_interpolation: 0,interpolation_duration: 1}
$data merge entity $(bone_magazine) {transformation: [-0.9946f,0.1008f,0.0241f,-0.076f,0.0989f,0.9926f,-0.0706f,-0.5138f,-0.031f,-0.0678f,-0.9972f,0.3603f,0f,0f,0f,1f],start_interpolation: 0,interpolation_duration: 1}
$data merge entity $(bone_grip) {transformation: [-0.9946f,0.1008f,0.0241f,-0.076f,0.0989f,0.9926f,-0.0706f,-0.5138f,-0.031f,-0.0678f,-0.9972f,0.3603f,0f,0f,0f,1f],start_interpolation: 0,interpolation_duration: 1}
$data merge entity $(bone_trigger) {transformation: [-0.9946f,0.1008f,0.0241f,-0.0763f,0.0989f,0.9926f,-0.0706f,-0.5073f,-0.031f,-0.0678f,-0.9972f,0.3905f,0f,0f,0f,1f],start_interpolation: 0,interpolation_duration: 1}
$data merge entity $(bone_trigger_gaurd) {transformation: [-0.9946f,0.1008f,0.0241f,-0.0741f,0.0989f,0.9926f,-0.0706f,-0.4764f,-0.031f,-0.0678f,-0.9972f,0.4209f,0f,0f,0f,1f],start_interpolation: 0,interpolation_duration: 1}
$data merge entity $(bone_right_arm) {transformation: [-0.9946f,0.0241f,-0.1008f,-0.1044f,0.0989f,-0.0706f,-0.9926f,-0.5546f,-0.031f,-0.9972f,0.0678f,0.0335f,0f,0f,0f,1f],start_interpolation: 0,interpolation_duration: 1}
$data merge entity $(bone_magazine1) {transformation: [0f,0f,0f,-0.1323f,0f,0f,0f,-0.4462f,0f,0f,0f,0.3765f,0f,0f,0f,1f],start_interpolation: 0,interpolation_duration: 1}
$data merge entity $(bone_left_arm) {transformation: [-0.8297f,0.4253f,0.3615f,0.0733f,-0.4111f,-0.0276f,-0.9112f,-0.5621f,-0.3776f,-0.9046f,0.1978f,0.051f,0f,0f,0f,1f],start_interpolation: 0,interpolation_duration: 1}
data modify entity @s data merge value {"cameras":{},"locators":{"barrel1":{"px":-0.09843627645903467,"py":-0.4080977890471305,"pz":0.71269207697865,"ry":1.384860866084125,"rx":-4.047761872990379}}}