# This file was generated by Animated Java via MC-Build. It is not recommended to edit this file directly.
$data merge entity $(bone_muzzleflash) {transformation: [0f,0f,0f,-0.3281f,0f,0f,0f,-0.7225f,0f,0f,0f,0.3965f,0f,0f,0f,1f],start_interpolation: 0,interpolation_duration: 1}
$data merge entity $(bone_slide) {transformation: [-0.9927f,0.1208f,-0.0014f,-0.1549f,0.1208f,0.9926f,-0.0141f,-0.2583f,-0.0003f,-0.0142f,-0.9999f,0.5667f,0f,0f,0f,1f],start_interpolation: 0,interpolation_duration: 1}
$data merge entity $(bone_barrel) {transformation: [-0.9927f,0.1208f,-0.0014f,-0.0561f,0.1208f,0.9926f,-0.0141f,-0.3518f,-0.0003f,-0.0142f,-0.9999f,0.5679f,0f,0f,0f,1f],start_interpolation: 0,interpolation_duration: 1}
$data merge entity $(bone_magazine) {transformation: [-0.9927f,0.1208f,-0.0014f,-0.1713f,0.1208f,0.9926f,-0.0141f,-0.3935f,-0.0003f,-0.0142f,-0.9999f,0.3717f,0f,0f,0f,1f],start_interpolation: 0,interpolation_duration: 1}
$data merge entity $(bone_grip) {transformation: [-0.9927f,0.1208f,-0.0014f,-0.1713f,0.1208f,0.9926f,-0.0141f,-0.3935f,-0.0003f,-0.0142f,-0.9999f,0.3717f,0f,0f,0f,1f],start_interpolation: 0,interpolation_duration: 1}
$data merge entity $(bone_trigger) {transformation: [-0.9927f,0.1208f,-0.0014f,-0.1707f,0.1208f,0.9926f,-0.0141f,-0.3888f,-0.0003f,-0.0142f,-0.9999f,0.4022f,0f,0f,0f,1f],start_interpolation: 0,interpolation_duration: 1}
$data merge entity $(bone_trigger_gaurd) {transformation: [-0.9927f,0.1208f,-0.0014f,-0.1672f,0.1208f,0.9926f,-0.0141f,-0.3596f,-0.0003f,-0.0142f,-0.9999f,0.4343f,0f,0f,0f,1f],start_interpolation: 0,interpolation_duration: 1}
$data merge entity $(bone_right_arm) {transformation: [-0.9927f,-0.0014f,-0.1208f,-0.2084f,0.1208f,-0.0141f,-0.9926f,-0.4151f,-0.0003f,-0.9999f,0.0142f,0.044f,0f,0f,0f,1f],start_interpolation: 0,interpolation_duration: 1}
$data merge entity $(bone_magazine1) {transformation: [0f,0f,0f,-0.2257f,0f,0f,0f,-0.3258f,0f,0f,0f,0.3931f,0f,0f,0f,1f],start_interpolation: 0,interpolation_duration: 1}
$data merge entity $(bone_left_arm) {transformation: [-0.8473f,0.4028f,0.3462f,-0.0306f,-0.3719f,0.0153f,-0.9281f,-0.4271f,-0.3791f,-0.9152f,0.1368f,0.0565f,0f,0f,0f,1f],start_interpolation: 0,interpolation_duration: 1}
data modify entity @s data merge value {"cameras":{},"locators":{"barrel1":{"px":-0.18296479927300852,"py":-0.3076260421128735,"pz":0.729989505384784,"ry":359.91941005584033,"rx":-0.8070008657287677}}}