# This file was generated by Animated Java via MC-Build. It is not recommended to edit this file directly.
$data merge entity $(bone_muzzleflash) {transformation: [0f,0f,0f,-0.3472f,0f,0f,0f,-0.7217f,0f,0f,0f,0.4f,0f,0f,0f,1f],start_interpolation: 0,interpolation_duration: 1}
$data merge entity $(bone_slide) {transformation: [-0.995f,0.0979f,0.0196f,-0.1884f,0.0965f,0.9934f,-0.0619f,-0.2459f,-0.0256f,-0.0596f,-0.9979f,0.551f,0f,0f,0f,1f],start_interpolation: 0,interpolation_duration: 1}
$data merge entity $(bone_barrel) {transformation: [-0.995f,0.0979f,0.0196f,-0.0875f,0.0965f,0.9934f,-0.0619f,-0.3369f,-0.0256f,-0.0596f,-0.9979f,0.5586f,0f,0f,0f,1f],start_interpolation: 0,interpolation_duration: 1}
$data merge entity $(bone_magazine) {transformation: [-0.995f,0.0979f,0.0196f,-0.1976f,0.0965f,0.9934f,-0.0619f,-0.3907f,-0.0256f,-0.0596f,-0.9979f,0.3624f,0f,0f,0f,1f],start_interpolation: 0,interpolation_duration: 1}
$data merge entity $(bone_grip) {transformation: [-0.995f,0.0979f,0.0196f,-0.1976f,0.0965f,0.9934f,-0.0619f,-0.3907f,-0.0256f,-0.0596f,-0.9979f,0.3624f,0f,0f,0f,1f],start_interpolation: 0,interpolation_duration: 1}
$data merge entity $(bone_trigger) {transformation: [-0.995f,0.0979f,0.0196f,-0.1977f,0.0965f,0.9934f,-0.0619f,-0.3844f,-0.0256f,-0.0596f,-0.9979f,0.3927f,0f,0f,0f,1f],start_interpolation: 0,interpolation_duration: 1}
$data merge entity $(bone_trigger_gaurd) {transformation: [-0.995f,0.0979f,0.0196f,-0.1956f,0.0965f,0.9934f,-0.0619f,-0.3537f,-0.0256f,-0.0596f,-0.9979f,0.4234f,0f,0f,0f,1f],start_interpolation: 0,interpolation_duration: 1}
$data merge entity $(bone_right_arm) {transformation: [-0.995f,0.0196f,-0.0979f,-0.2274f,0.0965f,-0.0619f,-0.9934f,-0.4287f,-0.0256f,-0.9979f,0.0596f,0.0355f,0f,0f,0f,1f],start_interpolation: 0,interpolation_duration: 1}
$data merge entity $(bone_magazine1) {transformation: [0f,0f,0f,-0.254f,0f,0f,0f,-0.3233f,0f,0f,0f,0.3795f,0f,0f,0f,1f],start_interpolation: 0,interpolation_duration: 1}
$data merge entity $(bone_left_arm) {transformation: [-0.8304f,0.4212f,0.3648f,-0.0497f,-0.41f,-0.0186f,-0.9119f,-0.4359f,-0.3773f,-0.9068f,0.1882f,0.0521f,0f,0f,0f,1f],start_interpolation: 0,interpolation_duration: 1}
data modify entity @s data merge value {"cameras":{},"locators":{"barrel1":{"px":-0.21868113531962272,"py":-0.2880595468347433,"pz":0.7158786703141802,"ry":1.127657764978153,"rx":-3.5460361469611907}}}