# This file was generated by Animated Java via MC-Build. It is not recommended to edit this file directly.
$data merge entity $(bone_muzzleflash) {transformation: [0f,0f,0f,-0.3461f,0f,0f,0f,-0.7224f,0f,0f,0f,0.4f,0f,0f,0f,1f],start_interpolation: 0,interpolation_duration: 1}
$data merge entity $(bone_slide) {transformation: [-0.9951f,0.0972f,0.0186f,-0.1874f,0.096f,0.9936f,-0.0596f,-0.2468f,-0.0242f,-0.0576f,-0.998f,0.5519f,0f,0f,0f,1f],start_interpolation: 0,interpolation_duration: 1}
$data merge entity $(bone_barrel) {transformation: [-0.9951f,0.0972f,0.0186f,-0.0865f,0.096f,0.9936f,-0.0596f,-0.3377f,-0.0242f,-0.0576f,-0.998f,0.5592f,0f,0f,0f,1f],start_interpolation: 0,interpolation_duration: 1}
$data merge entity $(bone_magazine) {transformation: [-0.9951f,0.0972f,0.0186f,-0.1967f,0.096f,0.9936f,-0.0596f,-0.3912f,-0.0242f,-0.0576f,-0.998f,0.363f,0f,0f,0f,1f],start_interpolation: 0,interpolation_duration: 1}
$data merge entity $(bone_grip) {transformation: [-0.9951f,0.0972f,0.0186f,-0.1967f,0.096f,0.9936f,-0.0596f,-0.3912f,-0.0242f,-0.0576f,-0.998f,0.363f,0f,0f,0f,1f],start_interpolation: 0,interpolation_duration: 1}
$data merge entity $(bone_trigger) {transformation: [-0.9951f,0.0972f,0.0186f,-0.1969f,0.096f,0.9936f,-0.0596f,-0.385f,-0.0242f,-0.0576f,-0.998f,0.3933f,0f,0f,0f,1f],start_interpolation: 0,interpolation_duration: 1}
$data merge entity $(bone_trigger_gaurd) {transformation: [-0.9951f,0.0972f,0.0186f,-0.1947f,0.096f,0.9936f,-0.0596f,-0.3544f,-0.0242f,-0.0576f,-0.998f,0.424f,0f,0f,0f,1f],start_interpolation: 0,interpolation_duration: 1}
$data merge entity $(bone_right_arm) {transformation: [-0.9951f,0.0186f,-0.0972f,-0.2269f,0.096f,-0.0596f,-0.9936f,-0.4285f,-0.0242f,-0.998f,0.0576f,0.036f,0f,0f,0f,1f],start_interpolation: 0,interpolation_duration: 1}
$data merge entity $(bone_magazine1) {transformation: [0f,0f,0f,-0.2532f,0f,0f,0f,-0.3239f,0f,0f,0f,0.3803f,0f,0f,0f,1f],start_interpolation: 0,interpolation_duration: 1}
$data merge entity $(bone_left_arm) {transformation: [-0.8305f,0.4202f,0.3656f,-0.0491f,-0.4097f,-0.0164f,-0.9121f,-0.4356f,-0.3772f,-0.9073f,0.1857f,0.0524f,0f,0f,0f,1f],start_interpolation: 0,interpolation_duration: 1}
data modify entity @s data merge value {"cameras":{},"locators":{"barrel1":{"px":-0.21752433611163857,"py":-0.28933956682994744,"pz":0.7166937619203075,"ry":1.0651020598924106,"rx":-3.4184064420740357}}}