# This file was generated by Animated Java via MC-Build. It is not recommended to edit this file directly.
$data merge entity $(muzzleflash) {transformation: [0f,0f,0f,-0.2031f,0f,0f,0f,-0.6913f,0f,0f,0f,0.397f,0f,0f,0f,1f],start_interpolation: 0,interpolation_duration: 1}
$data merge entity $(slide) {transformation: [-0.9925f,0.1219f,-0.0014f,-0.0294f,0.1219f,0.9925f,-0.0134f,-0.2274f,-0.0002f,-0.0134f,-0.9999f,0.5675f,0f,0f,0f,1f],start_interpolation: 0,interpolation_duration: 1}
$data merge entity $(barrel) {transformation: [-0.9925f,0.1219f,-0.0014f,0.0693f,0.1219f,0.9925f,-0.0134f,-0.3211f,-0.0002f,-0.0134f,-0.9999f,0.5687f,0f,0f,0f,1f],start_interpolation: 0,interpolation_duration: 1}
$data merge entity $(magazine) {transformation: [-0.9925f,0.1219f,-0.0014f,-0.0459f,0.1219f,0.9925f,-0.0134f,-0.3625f,-0.0002f,-0.0134f,-0.9999f,0.3724f,0f,0f,0f,1f],start_interpolation: 0,interpolation_duration: 1}
$data merge entity $(grip) {transformation: [-0.9925f,0.1219f,-0.0014f,-0.0459f,0.1219f,0.9925f,-0.0134f,-0.3625f,-0.0002f,-0.0134f,-0.9999f,0.3724f,0f,0f,0f,1f],start_interpolation: 0,interpolation_duration: 1}
$data merge entity $(trigger) {transformation: [-0.9925f,0.1219f,-0.0014f,-0.0453f,0.1219f,0.9925f,-0.0134f,-0.3578f,-0.0002f,-0.0134f,-0.9999f,0.403f,0f,0f,0f,1f],start_interpolation: 0,interpolation_duration: 1}
$data merge entity $(trigger_gaurd) {transformation: [-0.9925f,0.1219f,-0.0014f,-0.0418f,0.1219f,0.9925f,-0.0134f,-0.3287f,-0.0002f,-0.0134f,-0.9999f,0.435f,0f,0f,0f,1f],start_interpolation: 0,interpolation_duration: 1}
$data merge entity $(right_arm) {transformation: [-0.9925f,-0.0014f,-0.1219f,-0.0831f,0.1219f,-0.0134f,-0.9925f,-0.3838f,-0.0002f,-0.9999f,0.0134f,0.0447f,0f,0f,0f,1f],start_interpolation: 0,interpolation_duration: 1}
$data merge entity $(magazine1) {transformation: [0f,0f,0f,-0.1002f,0f,0f,0f,-0.2948f,0f,0f,0f,0.3938f,0f,0f,0f,1f],start_interpolation: 0,interpolation_duration: 1}
$data merge entity $(left_arm) {transformation: [-0.8477f,0.4028f,0.3452f,0.0947f,-0.3707f,0.0155f,-0.9286f,-0.3961f,-0.3794f,-0.9151f,0.1362f,0.0572f,0f,0f,0f,1f],start_interpolation: 0,interpolation_duration: 1}
data modify entity @s data merge value {"cameras":{},"locators":{"barrel1":{"px":-0.05751538694362031,"py":-0.2768741817894381,"pz":0.7307581808818475,"ry":359.91994969624636,"rx":-0.7654932426893144}}}