# This file was generated by Animated Java via MC-Build. It is not recommended to edit this file directly.
$data merge entity $(bone_muzzleflash) {transformation: [0f,0f,0f,-0.2031f,0f,0f,0f,-0.8476f,0f,0f,0f,0.397f,0f,0f,0f,1f],start_interpolation: 0,interpolation_duration: 1}
$data merge entity $(bone_slide) {transformation: [-0.9925f,0.1219f,-0.0014f,-0.0294f,0.1219f,0.9925f,-0.0134f,-0.3837f,-0.0002f,-0.0134f,-0.9999f,0.5675f,0f,0f,0f,1f],start_interpolation: 0,interpolation_duration: 1}
$data merge entity $(bone_barrel) {transformation: [-0.9925f,0.1219f,-0.0014f,0.0693f,0.1219f,0.9925f,-0.0134f,-0.4773f,-0.0002f,-0.0134f,-0.9999f,0.5687f,0f,0f,0f,1f],start_interpolation: 0,interpolation_duration: 1}
$data merge entity $(bone_magazine) {transformation: [-0.9925f,0.1219f,-0.0014f,-0.0459f,0.1219f,0.9925f,-0.0134f,-0.5188f,-0.0002f,-0.0134f,-0.9999f,0.3724f,0f,0f,0f,1f],start_interpolation: 0,interpolation_duration: 1}
$data merge entity $(bone_grip) {transformation: [-0.9925f,0.1219f,-0.0014f,-0.0459f,0.1219f,0.9925f,-0.0134f,-0.5188f,-0.0002f,-0.0134f,-0.9999f,0.3724f,0f,0f,0f,1f],start_interpolation: 0,interpolation_duration: 1}
$data merge entity $(bone_trigger) {transformation: [-0.9925f,0.1219f,-0.0014f,-0.0453f,0.1219f,0.9925f,-0.0134f,-0.514f,-0.0002f,-0.0134f,-0.9999f,0.403f,0f,0f,0f,1f],start_interpolation: 0,interpolation_duration: 1}
$data merge entity $(bone_trigger_gaurd) {transformation: [-0.9925f,0.1219f,-0.0014f,-0.0418f,0.1219f,0.9925f,-0.0134f,-0.4849f,-0.0002f,-0.0134f,-0.9999f,0.435f,0f,0f,0f,1f],start_interpolation: 0,interpolation_duration: 1}
$data merge entity $(bone_right_arm) {transformation: [-0.9925f,-0.0014f,-0.1219f,-0.0831f,0.1219f,-0.0134f,-0.9925f,-0.54f,-0.0002f,-0.9999f,0.0134f,0.0447f,0f,0f,0f,1f],start_interpolation: 0,interpolation_duration: 1}
$data merge entity $(bone_magazine1) {transformation: [0f,0f,0f,-0.1002f,0f,0f,0f,-0.451f,0f,0f,0f,0.3938f,0f,0f,0f,1f],start_interpolation: 0,interpolation_duration: 1}
$data merge entity $(bone_left_arm) {transformation: [-0.8477f,0.4028f,0.3452f,0.0947f,-0.3707f,0.0155f,-0.9286f,-0.5523f,-0.3794f,-0.9151f,0.1362f,0.0572f,0f,0f,0f,1f],start_interpolation: 0,interpolation_duration: 1}
data modify entity @s data merge value {"cameras":{},"locators":{"barrel1":{"px":-0.05751538694362031,"py":-0.4331241817894381,"pz":0.7307581808818475,"ry":359.91994969624636,"rx":-0.7654932426893144}}}