# This file was generated by Animated Java via MC-Build. It is not recommended to edit this file directly.
$data merge entity $(bone_muzzleflash) {transformation: [0f,0f,0f,-0.2131f,0f,0f,0f,-0.6967f,0f,0f,0f,0.4f,0f,0f,0f,1f],start_interpolation: 0,interpolation_duration: 1}
$data merge entity $(bone_slide) {transformation: [-0.9957f,0.0921f,0.0104f,-0.0554f,0.0916f,0.9949f,-0.0414f,-0.2232f,-0.0142f,-0.0403f,-0.9991f,0.5592f,0f,0f,0f,1f],start_interpolation: 0,interpolation_duration: 1}
$data merge entity $(bone_barrel) {transformation: [-0.9957f,0.0921f,0.0104f,0.0461f,0.0916f,0.9949f,-0.0414f,-0.3137f,-0.0142f,-0.0403f,-0.9991f,0.564f,0f,0f,0f,1f],start_interpolation: 0,interpolation_duration: 1}
$data merge entity $(bone_magazine) {transformation: [-0.9957f,0.0921f,0.0104f,-0.0656f,0.0916f,0.9949f,-0.0414f,-0.3641f,-0.0142f,-0.0403f,-0.9991f,0.3678f,0f,0f,0f,1f],start_interpolation: 0,interpolation_duration: 1}
$data merge entity $(bone_grip) {transformation: [-0.9957f,0.0921f,0.0104f,-0.0656f,0.0916f,0.9949f,-0.0414f,-0.3641f,-0.0142f,-0.0403f,-0.9991f,0.3678f,0f,0f,0f,1f],start_interpolation: 0,interpolation_duration: 1}
$data merge entity $(bone_trigger) {transformation: [-0.9957f,0.0921f,0.0104f,-0.0655f,0.0916f,0.9949f,-0.0414f,-0.3585f,-0.0142f,-0.0403f,-0.9991f,0.3982f,0f,0f,0f,1f],start_interpolation: 0,interpolation_duration: 1}
$data merge entity $(bone_trigger_gaurd) {transformation: [-0.9957f,0.0921f,0.0104f,-0.0632f,0.0916f,0.9949f,-0.0414f,-0.3284f,-0.0142f,-0.0403f,-0.9991f,0.4295f,0f,0f,0f,1f],start_interpolation: 0,interpolation_duration: 1}
$data merge entity $(bone_right_arm) {transformation: [-0.9957f,0.0104f,-0.0921f,-0.0984f,0.0916f,-0.0414f,-0.9949f,-0.3957f,-0.0142f,-0.9991f,0.0403f,0.0404f,0f,0f,0f,1f],start_interpolation: 0,interpolation_duration: 1}
$data merge entity $(bone_magazine1) {transformation: [0f,0f,0f,-0.1222f,0f,0f,0f,-0.2975f,0f,0f,0f,0.3867f,0f,0f,0f,1f],start_interpolation: 0,interpolation_duration: 1}
$data merge entity $(bone_left_arm) {transformation: [-0.8318f,0.4126f,0.3714f,0.0796f,-0.4068f,0.0021f,-0.9135f,-0.4022f,-0.3777f,-0.9109f,0.166f,0.0552f,0f,0f,0f,1f],start_interpolation: 0,interpolation_duration: 1}
data modify entity @s data merge value {"cameras":{},"locators":{"barrel1":{"px":-0.08387276071676737,"py":-0.26885020214601707,"pz":0.7234416959243488,"ry":0.59692675819133,"rx":-2.372405512217049}}}