# This file was generated by Animated Java via MC-Build. It is not recommended to edit this file directly.
$data merge entity $(bone_muzzleflash) {transformation: [0f,0f,0f,-0.3372f,0f,0f,0f,-0.7287f,0f,0f,0f,0.4f,0f,0f,0f,1f],start_interpolation: 0,interpolation_duration: 1}
$data merge entity $(bone_slide) {transformation: [-0.9958f,0.0916f,0.0095f,-0.1796f,0.0912f,0.9951f,-0.0391f,-0.2554f,-0.013f,-0.038f,-0.9992f,0.5601f,0f,0f,0f,1f],start_interpolation: 0,interpolation_duration: 1}
$data merge entity $(bone_barrel) {transformation: [-0.9958f,0.0916f,0.0095f,-0.0781f,0.0912f,0.9951f,-0.0391f,-0.3459f,-0.013f,-0.038f,-0.9992f,0.5646f,0f,0f,0f,1f],start_interpolation: 0,interpolation_duration: 1}
$data merge entity $(bone_magazine) {transformation: [-0.9958f,0.0916f,0.0095f,-0.1899f,0.0912f,0.9951f,-0.0391f,-0.3959f,-0.013f,-0.038f,-0.9992f,0.3684f,0f,0f,0f,1f],start_interpolation: 0,interpolation_duration: 1}
$data merge entity $(bone_grip) {transformation: [-0.9958f,0.0916f,0.0095f,-0.1899f,0.0912f,0.9951f,-0.0391f,-0.3959f,-0.013f,-0.038f,-0.9992f,0.3684f,0f,0f,0f,1f],start_interpolation: 0,interpolation_duration: 1}
$data merge entity $(bone_trigger) {transformation: [-0.9958f,0.0916f,0.0095f,-0.1898f,0.0912f,0.9951f,-0.0391f,-0.3904f,-0.013f,-0.038f,-0.9992f,0.3989f,0f,0f,0f,1f],start_interpolation: 0,interpolation_duration: 1}
$data merge entity $(bone_trigger_gaurd) {transformation: [-0.9958f,0.0916f,0.0095f,-0.1875f,0.0912f,0.9951f,-0.0391f,-0.3604f,-0.013f,-0.038f,-0.9992f,0.4302f,0f,0f,0f,1f],start_interpolation: 0,interpolation_duration: 1}
$data merge entity $(bone_right_arm) {transformation: [-0.9958f,0.0095f,-0.0916f,-0.223f,0.0912f,-0.0391f,-0.9951f,-0.4267f,-0.013f,-0.9992f,0.038f,0.041f,0f,0f,0f,1f],start_interpolation: 0,interpolation_duration: 1}
$data merge entity $(bone_magazine1) {transformation: [0f,0f,0f,-0.2465f,0f,0f,0f,-0.3294f,0f,0f,0f,0.3876f,0f,0f,0f,1f],start_interpolation: 0,interpolation_duration: 1}
$data merge entity $(bone_left_arm) {transformation: [-0.8319f,0.4117f,0.372f,-0.045f,-0.4063f,0.0045f,-0.9137f,-0.4332f,-0.3778f,-0.9113f,0.1636f,0.0556f,0f,0f,0f,1f],start_interpolation: 0,interpolation_duration: 1}
data modify entity @s data merge value {"cameras":{},"locators":{"barrel1":{"px":-0.20788087227585594,"py":-0.301505489608998,"pz":0.7243100441247048,"ry":0.5431767420881783,"rx":-2.239155476534299}}}