# This file was generated by Animated Java via MC-Build. It is not recommended to edit this file directly.
$data merge entity $(bone_muzzleflash) {transformation: [0f,0f,0f,-0.2105f,0f,0f,0f,-0.7614f,0f,0f,0f,0.4f,0f,0f,0f,1f],start_interpolation: 0,interpolation_duration: 1}
$data merge entity $(bone_slide) {transformation: [-0.9959f,0.0906f,0.0077f,-0.053f,0.0903f,0.9953f,-0.0344f,-0.2887f,-0.0107f,-0.0336f,-0.9994f,0.5621f,0f,0f,0f,1f],start_interpolation: 0,interpolation_duration: 1}
$data merge entity $(bone_barrel) {transformation: [-0.9959f,0.0906f,0.0077f,0.0486f,0.0903f,0.9953f,-0.0344f,-0.3792f,-0.0107f,-0.0336f,-0.9994f,0.566f,0f,0f,0f,1f],start_interpolation: 0,interpolation_duration: 1}
$data merge entity $(bone_magazine) {transformation: [-0.9959f,0.0906f,0.0077f,-0.0636f,0.0903f,0.9953f,-0.0344f,-0.4284f,-0.0107f,-0.0336f,-0.9994f,0.3697f,0f,0f,0f,1f],start_interpolation: 0,interpolation_duration: 1}
$data merge entity $(bone_grip) {transformation: [-0.9959f,0.0906f,0.0077f,-0.0636f,0.0903f,0.9953f,-0.0344f,-0.4284f,-0.0107f,-0.0336f,-0.9994f,0.3697f,0f,0f,0f,1f],start_interpolation: 0,interpolation_duration: 1}
$data merge entity $(bone_trigger) {transformation: [-0.9959f,0.0906f,0.0077f,-0.0634f,0.0903f,0.9953f,-0.0344f,-0.423f,-0.0107f,-0.0336f,-0.9994f,0.4002f,0f,0f,0f,1f],start_interpolation: 0,interpolation_duration: 1}
$data merge entity $(bone_trigger_gaurd) {transformation: [-0.9959f,0.0906f,0.0077f,-0.061f,0.0903f,0.9953f,-0.0344f,-0.3931f,-0.0107f,-0.0336f,-0.9994f,0.4316f,0f,0f,0f,1f],start_interpolation: 0,interpolation_duration: 1}
$data merge entity $(bone_right_arm) {transformation: [-0.9959f,0.0077f,-0.0906f,-0.0972f,0.0903f,-0.0344f,-0.9953f,-0.4577f,-0.0107f,-0.9994f,0.0336f,0.0422f,0f,0f,0f,1f],start_interpolation: 0,interpolation_duration: 1}
$data merge entity $(bone_magazine1) {transformation: [0f,0f,0f,-0.1202f,0f,0f,0f,-0.3619f,0f,0f,0f,0.3893f,0f,0f,0f,1f],start_interpolation: 0,interpolation_duration: 1}
$data merge entity $(bone_left_arm) {transformation: [-0.8323f,0.41f,0.3731f,0.0808f,-0.4053f,0.0091f,-0.9141f,-0.464f,-0.3782f,-0.912f,0.1586f,0.0564f,0f,0f,0f,1f],start_interpolation: 0,interpolation_duration: 1}
data modify entity @s data merge value {"cameras":{},"locators":{"barrel1":{"px":-0.08096756083717589,"py":-0.335602584110777,"pz":0.7260608061189081,"ry":0.43943200982405983,"rx":-1.971431735394233}}}