# This file was generated by Animated Java via MC-Build. It is not recommended to edit this file directly.
$data merge entity $(bone_muzzleflash) {transformation: [0f,0f,0f,-0.3347f,0f,0f,0f,-0.7309f,0f,0f,0f,0.4f,0f,0f,0f,1f],start_interpolation: 0,interpolation_duration: 1}
$data merge entity $(bone_slide) {transformation: [-0.9959f,0.0902f,0.0068f,-0.1772f,0.0899f,0.9954f,-0.0321f,-0.2585f,-0.0097f,-0.0313f,-0.9995f,0.563f,0f,0f,0f,1f],start_interpolation: 0,interpolation_duration: 1}
$data merge entity $(bone_barrel) {transformation: [-0.9959f,0.0902f,0.0068f,-0.0756f,0.0899f,0.9954f,-0.0321f,-0.3489f,-0.0097f,-0.0313f,-0.9995f,0.5666f,0f,0f,0f,1f],start_interpolation: 0,interpolation_duration: 1}
$data merge entity $(bone_magazine) {transformation: [-0.9959f,0.0902f,0.0068f,-0.1879f,0.0899f,0.9954f,-0.0321f,-0.3977f,-0.0097f,-0.0313f,-0.9995f,0.3704f,0f,0f,0f,1f],start_interpolation: 0,interpolation_duration: 1}
$data merge entity $(bone_grip) {transformation: [-0.9959f,0.0902f,0.0068f,-0.1879f,0.0899f,0.9954f,-0.0321f,-0.3977f,-0.0097f,-0.0313f,-0.9995f,0.3704f,0f,0f,0f,1f],start_interpolation: 0,interpolation_duration: 1}
$data merge entity $(bone_trigger) {transformation: [-0.9959f,0.0902f,0.0068f,-0.1877f,0.0899f,0.9954f,-0.0321f,-0.3924f,-0.0097f,-0.0313f,-0.9995f,0.4008f,0f,0f,0f,1f],start_interpolation: 0,interpolation_duration: 1}
$data merge entity $(bone_trigger_gaurd) {transformation: [-0.9959f,0.0902f,0.0068f,-0.1854f,0.0899f,0.9954f,-0.0321f,-0.3626f,-0.0097f,-0.0313f,-0.9995f,0.4324f,0f,0f,0f,1f],start_interpolation: 0,interpolation_duration: 1}
$data merge entity $(bone_right_arm) {transformation: [-0.9959f,0.0068f,-0.0902f,-0.2218f,0.0899f,-0.0321f,-0.9954f,-0.4263f,-0.0097f,-0.9995f,0.0313f,0.0428f,0f,0f,0f,1f],start_interpolation: 0,interpolation_duration: 1}
$data merge entity $(bone_magazine1) {transformation: [0f,0f,0f,-0.2446f,0f,0f,0f,-0.3313f,0f,0f,0f,0.3901f,0f,0f,0f,1f],start_interpolation: 0,interpolation_duration: 1}
$data merge entity $(bone_left_arm) {transformation: [-0.8324f,0.4092f,0.3736f,-0.0438f,-0.4048f,0.0114f,-0.9143f,-0.4326f,-0.3784f,-0.9124f,0.1562f,0.0569f,0f,0f,0f,1f],start_interpolation: 0,interpolation_duration: 1}
data modify entity @s data merge value {"cameras":{},"locators":{"barrel1":{"px":-0.20504815712845237,"py":-0.305793721618826,"pz":0.7269427812864204,"ry":0.389547627305177,"rx":-1.837036790034112}}}