# This file was generated by Animated Java via MC-Build. It is not recommended to edit this file directly.
$data merge entity $(muzzleflash) {transformation: [0f,0f,0f,-0.2089f,0f,0f,0f,-0.7003f,0f,0f,0f,0.4f,0f,0f,0f,1f],start_interpolation: 0,interpolation_duration: 1}
$data merge entity $(slide) {transformation: [-0.9959f,0.0897f,0.006f,-0.0515f,0.0895f,0.9955f,-0.0297f,-0.2283f,-0.0086f,-0.0291f,-0.9995f,0.564f,0f,0f,0f,1f],start_interpolation: 0,interpolation_duration: 1}
$data merge entity $(barrel) {transformation: [-0.9959f,0.0897f,0.006f,0.0502f,0.0895f,0.9955f,-0.0297f,-0.3187f,-0.0086f,-0.0291f,-0.9995f,0.5673f,0f,0f,0f,1f],start_interpolation: 0,interpolation_duration: 1}
$data merge entity $(magazine) {transformation: [-0.9959f,0.0897f,0.006f,-0.0623f,0.0895f,0.9955f,-0.0297f,-0.3671f,-0.0086f,-0.0291f,-0.9995f,0.371f,0f,0f,0f,1f],start_interpolation: 0,interpolation_duration: 1}
$data merge entity $(grip) {transformation: [-0.9959f,0.0897f,0.006f,-0.0623f,0.0895f,0.9955f,-0.0297f,-0.3671f,-0.0086f,-0.0291f,-0.9995f,0.371f,0f,0f,0f,1f],start_interpolation: 0,interpolation_duration: 1}
$data merge entity $(trigger) {transformation: [-0.9959f,0.0897f,0.006f,-0.0621f,0.0895f,0.9955f,-0.0297f,-0.3618f,-0.0086f,-0.0291f,-0.9995f,0.4015f,0f,0f,0f,1f],start_interpolation: 0,interpolation_duration: 1}
$data merge entity $(trigger_gaurd) {transformation: [-0.9959f,0.0897f,0.006f,-0.0597f,0.0895f,0.9955f,-0.0297f,-0.3321f,-0.0086f,-0.0291f,-0.9995f,0.4331f,0f,0f,0f,1f],start_interpolation: 0,interpolation_duration: 1}
$data merge entity $(right_arm) {transformation: [-0.9959f,0.006f,-0.0897f,-0.0965f,0.0895f,-0.0297f,-0.9955f,-0.3949f,-0.0086f,-0.9995f,0.0291f,0.0434f,0f,0f,0f,1f],start_interpolation: 0,interpolation_duration: 1}
$data merge entity $(magazine1) {transformation: [0f,0f,0f,-0.119f,0f,0f,0f,-0.3008f,0f,0f,0f,0.391f,0f,0f,0f,1f],start_interpolation: 0,interpolation_duration: 1}
$data merge entity $(left_arm) {transformation: [-0.8326f,0.4084f,0.3741f,0.0815f,-0.4042f,0.0137f,-0.9146f,-0.4012f,-0.3786f,-0.9127f,0.1537f,0.0573f,0f,0f,0f,1f],start_interpolation: 0,interpolation_duration: 1}
data modify entity @s data merge value {"cameras":{},"locators":{"barrel1":{"px":-0.07915495191153389,"py":-0.2759961363278928,"pz":0.7278288647682913,"ry":0.34106376914161274,"rx":-1.7023386105063687}}}