# This file was generated by Animated Java via MC-Build. It is not recommended to edit this file directly.
$data merge entity $(muzzleflash) {transformation: [0f,0f,0f,-0.2082f,0f,0f,0f,-0.7011f,0f,0f,0f,0.4f,0f,0f,0f,1f],start_interpolation: 0,interpolation_duration: 1}
$data merge entity $(slide) {transformation: [-0.996f,0.0893f,0.0051f,-0.0508f,0.0892f,0.9956f,-0.0274f,-0.2294f,-0.0076f,-0.0268f,-0.9996f,0.565f,0f,0f,0f,1f],start_interpolation: 0,interpolation_duration: 1}
$data merge entity $(barrel) {transformation: [-0.996f,0.0893f,0.0051f,0.0509f,0.0892f,0.9956f,-0.0274f,-0.3197f,-0.0076f,-0.0268f,-0.9996f,0.568f,0f,0f,0f,1f],start_interpolation: 0,interpolation_duration: 1}
$data merge entity $(magazine) {transformation: [-0.996f,0.0893f,0.0051f,-0.0617f,0.0892f,0.9956f,-0.0274f,-0.3677f,-0.0076f,-0.0268f,-0.9996f,0.3717f,0f,0f,0f,1f],start_interpolation: 0,interpolation_duration: 1}
$data merge entity $(grip) {transformation: [-0.996f,0.0893f,0.0051f,-0.0617f,0.0892f,0.9956f,-0.0274f,-0.3677f,-0.0076f,-0.0268f,-0.9996f,0.3717f,0f,0f,0f,1f],start_interpolation: 0,interpolation_duration: 1}
$data merge entity $(trigger) {transformation: [-0.996f,0.0893f,0.0051f,-0.0615f,0.0892f,0.9956f,-0.0274f,-0.3625f,-0.0076f,-0.0268f,-0.9996f,0.4022f,0f,0f,0f,1f],start_interpolation: 0,interpolation_duration: 1}
$data merge entity $(trigger_gaurd) {transformation: [-0.996f,0.0893f,0.0051f,-0.0591f,0.0892f,0.9956f,-0.0274f,-0.3329f,-0.0076f,-0.0268f,-0.9996f,0.4338f,0f,0f,0f,1f],start_interpolation: 0,interpolation_duration: 1}
$data merge entity $(right_arm) {transformation: [-0.996f,0.0051f,-0.0893f,-0.0961f,0.0892f,-0.0274f,-0.9956f,-0.3947f,-0.0076f,-0.9996f,0.0268f,0.0441f,0f,0f,0f,1f],start_interpolation: 0,interpolation_duration: 1}
$data merge entity $(magazine1) {transformation: [0f,0f,0f,-0.1184f,0f,0f,0f,-0.3015f,0f,0f,0f,0.3919f,0f,0f,0f,1f],start_interpolation: 0,interpolation_duration: 1}
$data merge entity $(left_arm) {transformation: [-0.8328f,0.4077f,0.3746f,0.0819f,-0.4037f,0.016f,-0.9148f,-0.401f,-0.3789f,-0.913f,0.1512f,0.0578f,0f,0f,0f,1f],start_interpolation: 0,interpolation_duration: 1}
data modify entity @s data merge value {"cameras":{},"locators":{"barrel1":{"px":-0.07828898128546748,"py":-0.27745948851650226,"pz":0.728718844133108,"ry":0.2940380636214286,"rx":-1.5673760936433807}}}