# This file was generated by Animated Java via MC-Build. It is not recommended to edit this file directly.
$data merge entity $(bone_muzzleflash) {transformation: [0f,0f,0f,-0.2075f,0f,0f,0f,-0.7643f,0f,0f,0f,0.4f,0f,0f,0f,1f],start_interpolation: 0,interpolation_duration: 1}
$data merge entity $(bone_slide) {transformation: [-0.996f,0.089f,0.0043f,-0.0501f,0.0889f,0.9957f,-0.025f,-0.293f,-0.0065f,-0.0245f,-0.9997f,0.566f,0f,0f,0f,1f],start_interpolation: 0,interpolation_duration: 1}
$data merge entity $(bone_barrel) {transformation: [-0.996f,0.089f,0.0043f,0.0516f,0.0889f,0.9957f,-0.025f,-0.3833f,-0.0065f,-0.0245f,-0.9997f,0.5687f,0f,0f,0f,1f],start_interpolation: 0,interpolation_duration: 1}
$data merge entity $(bone_magazine) {transformation: [-0.996f,0.089f,0.0043f,-0.0611f,0.0889f,0.9957f,-0.025f,-0.4308f,-0.0065f,-0.0245f,-0.9997f,0.3723f,0f,0f,0f,1f],start_interpolation: 0,interpolation_duration: 1}
$data merge entity $(bone_grip) {transformation: [-0.996f,0.089f,0.0043f,-0.0611f,0.0889f,0.9957f,-0.025f,-0.4308f,-0.0065f,-0.0245f,-0.9997f,0.3723f,0f,0f,0f,1f],start_interpolation: 0,interpolation_duration: 1}
$data merge entity $(bone_trigger) {transformation: [-0.996f,0.089f,0.0043f,-0.0609f,0.0889f,0.9957f,-0.025f,-0.4257f,-0.0065f,-0.0245f,-0.9997f,0.4028f,0f,0f,0f,1f],start_interpolation: 0,interpolation_duration: 1}
$data merge entity $(bone_trigger_gaurd) {transformation: [-0.996f,0.089f,0.0043f,-0.0584f,0.0889f,0.9957f,-0.025f,-0.3961f,-0.0065f,-0.0245f,-0.9997f,0.4346f,0f,0f,0f,1f],start_interpolation: 0,interpolation_duration: 1}
$data merge entity $(bone_right_arm) {transformation: [-0.996f,0.0043f,-0.089f,-0.0958f,0.0889f,-0.025f,-0.9957f,-0.4571f,-0.0065f,-0.9997f,0.0245f,0.0447f,0f,0f,0f,1f],start_interpolation: 0,interpolation_duration: 1}
$data merge entity $(bone_magazine1) {transformation: [0f,0f,0f,-0.1178f,0f,0f,0f,-0.3646f,0f,0f,0f,0.3927f,0f,0f,0f,1f],start_interpolation: 0,interpolation_duration: 1}
$data merge entity $(bone_left_arm) {transformation: [-0.8329f,0.4069f,0.375f,0.0822f,-0.403f,0.0183f,-0.915f,-0.4633f,-0.3792f,-0.9133f,0.1488f,0.0583f,0f,0f,0f,1f],start_interpolation: 0,interpolation_duration: 1}
data modify entity @s data merge value {"cameras":{},"locators":{"barrel1":{"px":-0.07745129193855135,"py":-0.34143343644136454,"pz":0.7296125096390814,"ry":0.24852911256820676,"rx":-1.4321880096815534}}}