# This file was generated by Animated Java via MC-Build. It is not recommended to edit this file directly.
$data merge entity $(bone_muzzleflash) {transformation: [0f,0f,0f,-0.3318f,0f,0f,0f,-0.7338f,0f,0f,0f,0.4f,0f,0f,0f,1f],start_interpolation: 0,interpolation_duration: 1}
$data merge entity $(bone_slide) {transformation: [-0.9961f,0.0887f,0.0036f,-0.1744f,0.0886f,0.9958f,-0.0226f,-0.2628f,-0.0056f,-0.0222f,-0.9997f,0.567f,0f,0f,0f,1f],start_interpolation: 0,interpolation_duration: 1}
$data merge entity $(bone_barrel) {transformation: [-0.9961f,0.0887f,0.0036f,-0.0727f,0.0886f,0.9958f,-0.0226f,-0.3531f,-0.0056f,-0.0222f,-0.9997f,0.5694f,0f,0f,0f,1f],start_interpolation: 0,interpolation_duration: 1}
$data merge entity $(bone_magazine) {transformation: [-0.9961f,0.0887f,0.0036f,-0.1856f,0.0886f,0.9958f,-0.0226f,-0.4002f,-0.0056f,-0.0222f,-0.9997f,0.373f,0f,0f,0f,1f],start_interpolation: 0,interpolation_duration: 1}
$data merge entity $(bone_grip) {transformation: [-0.9961f,0.0887f,0.0036f,-0.1856f,0.0886f,0.9958f,-0.0226f,-0.4002f,-0.0056f,-0.0222f,-0.9997f,0.373f,0f,0f,0f,1f],start_interpolation: 0,interpolation_duration: 1}
$data merge entity $(bone_trigger) {transformation: [-0.9961f,0.0887f,0.0036f,-0.1853f,0.0886f,0.9958f,-0.0226f,-0.3952f,-0.0056f,-0.0222f,-0.9997f,0.4035f,0f,0f,0f,1f],start_interpolation: 0,interpolation_duration: 1}
$data merge entity $(bone_trigger_gaurd) {transformation: [-0.9961f,0.0887f,0.0036f,-0.1828f,0.0886f,0.9958f,-0.0226f,-0.3657f,-0.0056f,-0.0222f,-0.9997f,0.4353f,0f,0f,0f,1f],start_interpolation: 0,interpolation_duration: 1}
$data merge entity $(bone_right_arm) {transformation: [-0.9961f,0.0036f,-0.0887f,-0.2205f,0.0886f,-0.0226f,-0.9958f,-0.4257f,-0.0056f,-0.9997f,0.0222f,0.0453f,0f,0f,0f,1f],start_interpolation: 0,interpolation_duration: 1}
$data merge entity $(bone_magazine1) {transformation: [0f,0f,0f,-0.2422f,0f,0f,0f,-0.3341f,0f,0f,0f,0.3936f,0f,0f,0f,1f],start_interpolation: 0,interpolation_duration: 1}
$data merge entity $(bone_left_arm) {transformation: [-0.8331f,0.4062f,0.3754f,-0.0424f,-0.4024f,0.0206f,-0.9152f,-0.4319f,-0.3795f,-0.9136f,0.1463f,0.0588f,0f,0f,0f,1f],start_interpolation: 0,interpolation_duration: 1}
data modify entity @s data merge value {"cameras":{},"locators":{"barrel1":{"px":-0.20164294113867307,"py":-0.31166763631276756,"pz":0.7305096541897163,"ry":0.20459648333525138,"rx":-1.2968130423252455}}}