# This file was generated by Animated Java via MC-Build. It is not recommended to edit this file directly.
$data merge entity $(bone_muzzleflash) {transformation: [0f,0f,0f,-0.3305f,0f,0f,0f,-0.7353f,0f,0f,0f,0.4f,0f,0f,0f,1f],start_interpolation: 0,interpolation_duration: 1}
$data merge entity $(bone_slide) {transformation: [-0.9961f,0.0882f,0.0021f,-0.1732f,0.0881f,0.996f,-0.0179f,-0.265f,-0.0037f,-0.0176f,-0.9998f,0.569f,0f,0f,0f,1f],start_interpolation: 0,interpolation_duration: 1}
$data merge entity $(bone_barrel) {transformation: [-0.9961f,0.0882f,0.0021f,-0.0713f,0.0881f,0.996f,-0.0179f,-0.3553f,-0.0037f,-0.0176f,-0.9998f,0.5708f,0f,0f,0f,1f],start_interpolation: 0,interpolation_duration: 1}
$data merge entity $(bone_magazine) {transformation: [-0.9961f,0.0882f,0.0021f,-0.1845f,0.0881f,0.996f,-0.0179f,-0.4015f,-0.0037f,-0.0176f,-0.9998f,0.3744f,0f,0f,0f,1f],start_interpolation: 0,interpolation_duration: 1}
$data merge entity $(bone_grip) {transformation: [-0.9961f,0.0882f,0.0021f,-0.1845f,0.0881f,0.996f,-0.0179f,-0.4015f,-0.0037f,-0.0176f,-0.9998f,0.3744f,0f,0f,0f,1f],start_interpolation: 0,interpolation_duration: 1}
$data merge entity $(bone_trigger) {transformation: [-0.9961f,0.0882f,0.0021f,-0.1842f,0.0881f,0.996f,-0.0179f,-0.3966f,-0.0037f,-0.0176f,-0.9998f,0.4049f,0f,0f,0f,1f],start_interpolation: 0,interpolation_duration: 1}
$data merge entity $(bone_trigger_gaurd) {transformation: [-0.9961f,0.0882f,0.0021f,-0.1817f,0.0881f,0.996f,-0.0179f,-0.3673f,-0.0037f,-0.0176f,-0.9998f,0.4369f,0f,0f,0f,1f],start_interpolation: 0,interpolation_duration: 1}
$data merge entity $(bone_right_arm) {transformation: [-0.9961f,0.0021f,-0.0882f,-0.2199f,0.0881f,-0.0179f,-0.996f,-0.4255f,-0.0037f,-0.9998f,0.0176f,0.0466f,0f,0f,0f,1f],start_interpolation: 0,interpolation_duration: 1}
$data merge entity $(bone_magazine1) {transformation: [0f,0f,0f,-0.2412f,0f,0f,0f,-0.3355f,0f,0f,0f,0.3954f,0f,0f,0f,1f],start_interpolation: 0,interpolation_duration: 1}
$data merge entity $(bone_left_arm) {transformation: [-0.8335f,0.4049f,0.3761f,-0.0418f,-0.401f,0.0251f,-0.9157f,-0.4317f,-0.3802f,-0.914f,0.1414f,0.0598f,0f,0f,0f,1f],start_interpolation: 0,interpolation_duration: 1}
data modify entity @s data merge value {"cameras":{},"locators":{"barrel1":{"px":-0.20011853702861904,"py":-0.314665406339413,"pz":0.7323135649565793,"ry":0.12170323091669388,"rx":-1.0256570138175642}}}