# This file was generated by Animated Java via MC-Build. It is not recommended to edit this file directly.
$data merge entity $(bone_muzzleflash) {transformation: [0f,0f,0f,-0.33f,0f,0f,0f,-0.7361f,0f,0f,0f,0.4f,0f,0f,0f,1f],start_interpolation: 0,interpolation_duration: 1}
$data merge entity $(bone_slide) {transformation: [-0.9961f,0.088f,0.0014f,-0.1726f,0.0879f,0.996f,-0.0155f,-0.2662f,-0.0028f,-0.0153f,-0.9999f,0.57f,0f,0f,0f,1f],start_interpolation: 0,interpolation_duration: 1}
$data merge entity $(bone_barrel) {transformation: [-0.9961f,0.088f,0.0014f,-0.0707f,0.0879f,0.996f,-0.0155f,-0.3564f,-0.0028f,-0.0153f,-0.9999f,0.5715f,0f,0f,0f,1f],start_interpolation: 0,interpolation_duration: 1}
$data merge entity $(bone_magazine) {transformation: [-0.9961f,0.088f,0.0014f,-0.184f,0.0879f,0.996f,-0.0155f,-0.4022f,-0.0028f,-0.0153f,-0.9999f,0.3751f,0f,0f,0f,1f],start_interpolation: 0,interpolation_duration: 1}
$data merge entity $(bone_grip) {transformation: [-0.9961f,0.088f,0.0014f,-0.184f,0.0879f,0.996f,-0.0155f,-0.4022f,-0.0028f,-0.0153f,-0.9999f,0.3751f,0f,0f,0f,1f],start_interpolation: 0,interpolation_duration: 1}
$data merge entity $(bone_trigger) {transformation: [-0.9961f,0.088f,0.0014f,-0.1837f,0.0879f,0.996f,-0.0155f,-0.3973f,-0.0028f,-0.0153f,-0.9999f,0.4056f,0f,0f,0f,1f],start_interpolation: 0,interpolation_duration: 1}
$data merge entity $(bone_trigger_gaurd) {transformation: [-0.9961f,0.088f,0.0014f,-0.1812f,0.0879f,0.996f,-0.0155f,-0.3681f,-0.0028f,-0.0153f,-0.9999f,0.4376f,0f,0f,0f,1f],start_interpolation: 0,interpolation_duration: 1}
$data merge entity $(bone_right_arm) {transformation: [-0.9961f,0.0014f,-0.088f,-0.2197f,0.0879f,-0.0155f,-0.996f,-0.4254f,-0.0028f,-0.9999f,0.0153f,0.0473f,0f,0f,0f,1f],start_interpolation: 0,interpolation_duration: 1}
$data merge entity $(bone_magazine1) {transformation: [0f,0f,0f,-0.2407f,0f,0f,0f,-0.3362f,0f,0f,0f,0.3963f,0f,0f,0f,1f],start_interpolation: 0,interpolation_duration: 1}
$data merge entity $(bone_left_arm) {transformation: [-0.8336f,0.4042f,0.3763f,-0.0416f,-0.4003f,0.0273f,-0.916f,-0.4315f,-0.3806f,-0.9142f,0.139f,0.0603f,0f,0f,0f,1f],start_interpolation: 0,interpolation_duration: 1}
data modify entity @s data merge value {"cameras":{},"locators":{"barrel1":{"px":-0.19940465093899182,"py":-0.3161782784255759,"pz":0.7332199297211339,"ry":0.08286648111820227,"rx":-0.8899532757855885}}}