# This file was generated by Animated Java via MC-Build. It is not recommended to edit this file directly.
$data merge entity $(bone_muzzleflash) {transformation: [0f,0f,0f,-0.2026f,0f,0f,0f,-0.8651f,0f,0f,0f,0.4f,0f,0f,0f,1f],start_interpolation: 0,interpolation_duration: 1}
$data merge entity $(bone_slide) {transformation: [-0.9962f,0.0876f,-0.0016f,-0.0449f,0.0876f,0.9962f,-0.0028f,-0.3973f,0.0014f,-0.003f,-1f,0.5754f,0f,0f,0f,1f],start_interpolation: 0,interpolation_duration: 1}
$data merge entity $(bone_barrel) {transformation: [-0.9962f,0.0876f,-0.0016f,0.057f,0.0876f,0.9962f,-0.0028f,-0.4875f,0.0014f,-0.003f,-1f,0.5755f,0f,0f,0f,1f],start_interpolation: 0,interpolation_duration: 1}
$data merge entity $(bone_magazine) {transformation: [-0.9962f,0.0876f,-0.0016f,-0.0569f,0.0876f,0.9962f,-0.0028f,-0.5309f,0.0014f,-0.003f,-1f,0.3789f,0f,0f,0f,1f],start_interpolation: 0,interpolation_duration: 1}
$data merge entity $(bone_grip) {transformation: [-0.9962f,0.0876f,-0.0016f,-0.0569f,0.0876f,0.9962f,-0.0028f,-0.5309f,0.0014f,-0.003f,-1f,0.3789f,0f,0f,0f,1f],start_interpolation: 0,interpolation_duration: 1}
$data merge entity $(bone_trigger) {transformation: [-0.9962f,0.0876f,-0.0016f,-0.0564f,0.0876f,0.9962f,-0.0028f,-0.5264f,0.0014f,-0.003f,-1f,0.4095f,0f,0f,0f,1f],start_interpolation: 0,interpolation_duration: 1}
$data merge entity $(bone_trigger_gaurd) {transformation: [-0.9962f,0.0876f,-0.0016f,-0.0539f,0.0876f,0.9962f,-0.0028f,-0.4975f,0.0014f,-0.003f,-1f,0.4418f,0f,0f,0f,1f],start_interpolation: 0,interpolation_duration: 1}
$data merge entity $(bone_right_arm) {transformation: [-0.9962f,-0.0016f,-0.0876f,-0.0935f,0.0876f,-0.0028f,-0.9962f,-0.5499f,0.0014f,-1f,0.003f,0.0509f,0f,0f,0f,1f],start_interpolation: 0,interpolation_duration: 1}
$data merge entity $(bone_magazine1) {transformation: [0f,0f,0f,-0.1135f,0f,0f,0f,-0.4652f,0f,0f,0f,0.401f,0f,0f,0f,1f],start_interpolation: 0,interpolation_duration: 1}
$data merge entity $(bone_left_arm) {transformation: [-0.8347f,0.4014f,0.3771f,0.0846f,-0.3957f,0.0391f,-0.9175f,-0.5562f,-0.3831f,-0.9151f,0.1262f,0.0633f,0f,0f,0f,1f],start_interpolation: 0,interpolation_duration: 1}
data modify entity @s data merge value {"cameras":{},"locators":{"barrel1":{"px":-0.07118973842850063,"py":-0.4494265599357591,"pz":0.7381089179012033,"ry":359.90797468301673,"rx":-0.16242196927692845}}}