# This file was generated by Animated Java via MC-Build. It is not recommended to edit this file directly.
$data merge entity $(bone_muzzleflash) {transformation: [0f,0f,0f,-0.3272f,0f,0f,0f,-0.7412f,0f,0f,0f,0.3999f,0f,0f,0f,1f],start_interpolation: 0,interpolation_duration: 1}
$data merge entity $(bone_slide) {transformation: [-0.9962f,0.0876f,-0.0022f,-0.1693f,0.0876f,0.9962f,0.0006f,-0.274f,0.0023f,0.0004f,-1f,0.5769f,0f,0f,0f,1f],start_interpolation: 0,interpolation_duration: 1}
$data merge entity $(bone_barrel) {transformation: [-0.9962f,0.0876f,-0.0022f,-0.0674f,0.0876f,0.9962f,0.0006f,-0.3642f,0.0023f,0.0004f,-1f,0.5766f,0f,0f,0f,1f],start_interpolation: 0,interpolation_duration: 1}
$data merge entity $(bone_magazine) {transformation: [-0.9962f,0.0876f,-0.0022f,-0.1814f,0.0876f,0.9962f,0.0006f,-0.4069f,0.0023f,0.0004f,-1f,0.3799f,0f,0f,0f,1f],start_interpolation: 0,interpolation_duration: 1}
$data merge entity $(bone_grip) {transformation: [-0.9962f,0.0876f,-0.0022f,-0.1814f,0.0876f,0.9962f,0.0006f,-0.4069f,0.0023f,0.0004f,-1f,0.3799f,0f,0f,0f,1f],start_interpolation: 0,interpolation_duration: 1}
$data merge entity $(bone_trigger) {transformation: [-0.9962f,0.0876f,-0.0022f,-0.181f,0.0876f,0.9962f,0.0006f,-0.4025f,0.0023f,0.0004f,-1f,0.4105f,0f,0f,0f,1f],start_interpolation: 0,interpolation_duration: 1}
$data merge entity $(bone_trigger_gaurd) {transformation: [-0.9962f,0.0876f,-0.0022f,-0.1784f,0.0876f,0.9962f,0.0006f,-0.3738f,0.0023f,0.0004f,-1f,0.443f,0f,0f,0f,1f],start_interpolation: 0,interpolation_duration: 1}
$data merge entity $(bone_right_arm) {transformation: [-0.9962f,-0.0022f,-0.0876f,-0.2183f,0.0876f,0.0006f,-0.9962f,-0.4248f,0.0023f,-1f,-0.0004f,0.0519f,0f,0f,0f,1f],start_interpolation: 0,interpolation_duration: 1}
$data merge entity $(bone_magazine1) {transformation: [0f,0f,0f,-0.238f,0f,0f,0f,-0.3413f,0f,0f,0f,0.4023f,0f,0f,0f,1f],start_interpolation: 0,interpolation_duration: 1}
$data merge entity $(bone_left_arm) {transformation: [-0.8349f,0.4009f,0.3771f,-0.0401f,-0.3944f,0.0422f,-0.918f,-0.4311f,-0.3839f,-0.9152f,0.1228f,0.0641f,0f,0f,0f,1f],start_interpolation: 0,interpolation_duration: 1}
data modify entity @s data merge value {"cameras":{},"locators":{"barrel1":{"px":-0.19552595483551283,"py":-0.32667505852854456,"pz":0.7394070638735523,"ry":359.8720016516343,"rx":0.03445093247877323}}}