# This file was generated by Animated Java via MC-Build. It is not recommended to edit this file directly.
$data merge entity $(muzzleflash) {transformation: [0f,0f,0f,-0.2022f,0f,0f,0f,-0.7099f,0f,0f,0f,0.3999f,0f,0f,0f,1f],start_interpolation: 0,interpolation_duration: 1}
$data merge entity $(slide) {transformation: [-0.9962f,0.0876f,-0.0022f,-0.0443f,0.0876f,0.9962f,0.0006f,-0.2428f,0.0023f,0.0004f,-1f,0.5769f,0f,0f,0f,1f],start_interpolation: 0,interpolation_duration: 1}
$data merge entity $(barrel) {transformation: [-0.9962f,0.0876f,-0.0022f,0.0576f,0.0876f,0.9962f,0.0006f,-0.333f,0.0023f,0.0004f,-1f,0.5766f,0f,0f,0f,1f],start_interpolation: 0,interpolation_duration: 1}
$data merge entity $(magazine) {transformation: [-0.9962f,0.0876f,-0.0022f,-0.0564f,0.0876f,0.9962f,0.0006f,-0.3756f,0.0023f,0.0004f,-1f,0.3799f,0f,0f,0f,1f],start_interpolation: 0,interpolation_duration: 1}
$data merge entity $(grip) {transformation: [-0.9962f,0.0876f,-0.0022f,-0.0564f,0.0876f,0.9962f,0.0006f,-0.3756f,0.0023f,0.0004f,-1f,0.3799f,0f,0f,0f,1f],start_interpolation: 0,interpolation_duration: 1}
$data merge entity $(trigger) {transformation: [-0.9962f,0.0876f,-0.0022f,-0.056f,0.0876f,0.9962f,0.0006f,-0.3713f,0.0023f,0.0004f,-1f,0.4105f,0f,0f,0f,1f],start_interpolation: 0,interpolation_duration: 1}
$data merge entity $(trigger_gaurd) {transformation: [-0.9962f,0.0876f,-0.0022f,-0.0534f,0.0876f,0.9962f,0.0006f,-0.3425f,0.0023f,0.0004f,-1f,0.443f,0f,0f,0f,1f],start_interpolation: 0,interpolation_duration: 1}
$data merge entity $(right_arm) {transformation: [-0.9962f,-0.0022f,-0.0876f,-0.0933f,0.0876f,0.0006f,-0.9962f,-0.3935f,0.0023f,-1f,-0.0004f,0.0519f,0f,0f,0f,1f],start_interpolation: 0,interpolation_duration: 1}
$data merge entity $(magazine1) {transformation: [0f,0f,0f,-0.113f,0f,0f,0f,-0.3101f,0f,0f,0f,0.4023f,0f,0f,0f,1f],start_interpolation: 0,interpolation_duration: 1}
$data merge entity $(left_arm) {transformation: [-0.8349f,0.4009f,0.3771f,0.0849f,-0.3944f,0.0422f,-0.918f,-0.3999f,-0.3839f,-0.9152f,0.1228f,0.0641f,0f,0f,0f,1f],start_interpolation: 0,interpolation_duration: 1}
data modify entity @s data merge value {"cameras":{},"locators":{"barrel1":{"px":-0.07052595483551281,"py":-0.29542505852854456,"pz":0.7394070638735523,"ry":359.8720016516343,"rx":0.03445093247877323}}}