# This file was generated by Animated Java via MC-Build. It is not recommended to edit this file directly.
$data merge entity $(bone_muzzleflash) {transformation: [0f,0f,0f,-0.2004f,0f,0f,0f,-0.7787f,0f,0f,0f,0.3993f,0f,0f,0f,1f],start_interpolation: 0,interpolation_duration: 1}
$data merge entity $(bone_slide) {transformation: [-0.9961f,0.0877f,-0.0048f,-0.042f,0.0875f,0.9959f,0.0206f,-0.3152f,0.0066f,0.0201f,-0.9998f,0.5852f,0f,0f,0f,1f],start_interpolation: 0,interpolation_duration: 1}
$data merge entity $(bone_barrel) {transformation: [-0.9961f,0.0877f,-0.0048f,0.0598f,0.0875f,0.9959f,0.0206f,-0.4053f,0.0066f,0.0201f,-0.9998f,0.5828f,0f,0f,0f,1f],start_interpolation: 0,interpolation_duration: 1}
$data merge entity $(bone_magazine) {transformation: [-0.9961f,0.0877f,-0.0048f,-0.0547f,0.0875f,0.9959f,0.0206f,-0.444f,0.0066f,0.0201f,-0.9998f,0.3856f,0f,0f,0f,1f],start_interpolation: 0,interpolation_duration: 1}
$data merge entity $(bone_grip) {transformation: [-0.9961f,0.0877f,-0.0048f,-0.0547f,0.0875f,0.9959f,0.0206f,-0.444f,0.0066f,0.0201f,-0.9998f,0.3856f,0f,0f,0f,1f],start_interpolation: 0,interpolation_duration: 1}
$data merge entity $(bone_trigger) {transformation: [-0.9961f,0.0877f,-0.0048f,-0.0541f,0.0875f,0.9959f,0.0206f,-0.4403f,0.0066f,0.0201f,-0.9998f,0.4163f,0f,0f,0f,1f],start_interpolation: 0,interpolation_duration: 1}
$data merge entity $(bone_trigger_gaurd) {transformation: [-0.9961f,0.0877f,-0.0048f,-0.0514f,0.0875f,0.9959f,0.0206f,-0.4122f,0.0066f,0.0201f,-0.9998f,0.4493f,0f,0f,0f,1f],start_interpolation: 0,interpolation_duration: 1}
$data merge entity $(bone_right_arm) {transformation: [-0.9961f,-0.0048f,-0.0877f,-0.0923f,0.0875f,0.0206f,-0.9959f,-0.4554f,0.0066f,-0.9998f,-0.0201f,0.0574f,0f,0f,0f,1f],start_interpolation: 0,interpolation_duration: 1}
$data merge entity $(bone_magazine1) {transformation: [0f,0f,0f,-0.1112f,0f,0f,0f,-0.379f,0f,0f,0f,0.4095f,0f,0f,0f,1f],start_interpolation: 0,interpolation_duration: 1}
$data merge entity $(bone_left_arm) {transformation: [-0.8359f,0.3985f,0.3774f,0.0859f,-0.3866f,0.0606f,-0.9203f,-0.462f,-0.3896f,-0.9152f,0.1035f,0.0691f,0f,0f,0f,1f],start_interpolation: 0,interpolation_duration: 1}
data modify entity @s data merge value {"cameras":{},"locators":{"barrel1":{"px":-0.06782189137032506,"py":-0.37106387531014356,"pz":0.7466827099129042,"ry":359.7269175233398,"rx":1.1822846374525793}}}