# This file was generated by Animated Java via MC-Build. It is not recommended to edit this file directly.
$data merge entity $(bone_muzzleflash) {transformation: [0f,0f,0f,-0.3248f,0f,0f,0f,-0.7503f,0f,0f,0f,0.3989f,0f,0f,0f,1f],start_interpolation: 0,interpolation_duration: 1}
$data merge entity $(bone_slide) {transformation: [-0.9961f,0.0877f,-0.0055f,-0.1663f,0.0875f,0.9957f,0.0298f,-0.2885f,0.0081f,0.0292f,-0.9995f,0.5889f,0f,0f,0f,1f],start_interpolation: 0,interpolation_duration: 1}
$data merge entity $(bone_barrel) {transformation: [-0.9961f,0.0877f,-0.0055f,-0.0645f,0.0875f,0.9957f,0.0298f,-0.3787f,0.0081f,0.0292f,-0.9995f,0.5856f,0f,0f,0f,1f],start_interpolation: 0,interpolation_duration: 1}
$data merge entity $(bone_magazine) {transformation: [-0.9961f,0.0877f,-0.0055f,-0.1791f,0.0875f,0.9957f,0.0298f,-0.4155f,0.0081f,0.0292f,-0.9995f,0.3881f,0f,0f,0f,1f],start_interpolation: 0,interpolation_duration: 1}
$data merge entity $(bone_grip) {transformation: [-0.9961f,0.0877f,-0.0055f,-0.1791f,0.0875f,0.9957f,0.0298f,-0.4155f,0.0081f,0.0292f,-0.9995f,0.3881f,0f,0f,0f,1f],start_interpolation: 0,interpolation_duration: 1}
$data merge entity $(bone_trigger) {transformation: [-0.9961f,0.0877f,-0.0055f,-0.1786f,0.0875f,0.9957f,0.0298f,-0.4121f,0.0081f,0.0292f,-0.9995f,0.4189f,0f,0f,0f,1f],start_interpolation: 0,interpolation_duration: 1}
$data merge entity $(bone_trigger_gaurd) {transformation: [-0.9961f,0.0877f,-0.0055f,-0.1758f,0.0875f,0.9957f,0.0298f,-0.3843f,0.0081f,0.0292f,-0.9995f,0.4521f,0f,0f,0f,1f],start_interpolation: 0,interpolation_duration: 1}
$data merge entity $(bone_right_arm) {transformation: [-0.9961f,-0.0055f,-0.0877f,-0.217f,0.0875f,0.0298f,-0.9957f,-0.4239f,0.0081f,-0.9995f,-0.0292f,0.0599f,0f,0f,0f,1f],start_interpolation: 0,interpolation_duration: 1}
$data merge entity $(bone_magazine1) {transformation: [0f,0f,0f,-0.2356f,0f,0f,0f,-0.3507f,0f,0f,0f,0.4127f,0f,0f,0f,1f],start_interpolation: 0,interpolation_duration: 1}
$data merge entity $(bone_left_arm) {transformation: [-0.8362f,0.3979f,0.3774f,-0.0388f,-0.383f,0.0689f,-0.9212f,-0.4305f,-0.3925f,-0.9149f,0.0947f,0.0714f,0f,0f,0f,1f],start_interpolation: 0,interpolation_duration: 1}
data modify entity @s data merge value {"cameras":{},"locators":{"barrel1":{"px":-0.19200829992111268,"py":-0.3458712468667102,"pz":0.7499024736567864,"ry":359.68399317603786,"rx":1.7081855378357282}}}