# This file was generated by Animated Java via MC-Build. It is not recommended to edit this file directly.
$data merge entity $(bone_muzzleflash) {transformation: [0f,0f,0f,-0.1994f,0f,0f,0f,-0.8783f,0f,0f,0f,0.3984f,0f,0f,0f,1f],start_interpolation: 0,interpolation_duration: 1}
$data merge entity $(bone_slide) {transformation: [-0.9961f,0.0878f,-0.0061f,-0.0407f,0.0875f,0.9954f,0.0395f,-0.4184f,0.0096f,0.0389f,-0.9992f,0.5928f,0f,0f,0f,1f],start_interpolation: 0,interpolation_duration: 1}
$data merge entity $(bone_barrel) {transformation: [-0.9961f,0.0878f,-0.0061f,0.0611f,0.0875f,0.9954f,0.0395f,-0.5085f,0.0096f,0.0389f,-0.9992f,0.5886f,0f,0f,0f,1f],start_interpolation: 0,interpolation_duration: 1}
$data merge entity $(bone_magazine) {transformation: [-0.9961f,0.0878f,-0.0061f,-0.0537f,0.0875f,0.9954f,0.0395f,-0.5435f,0.0096f,0.0389f,-0.9992f,0.3908f,0f,0f,0f,1f],start_interpolation: 0,interpolation_duration: 1}
$data merge entity $(bone_grip) {transformation: [-0.9961f,0.0878f,-0.0061f,-0.0537f,0.0875f,0.9954f,0.0395f,-0.5435f,0.0096f,0.0389f,-0.9992f,0.3908f,0f,0f,0f,1f],start_interpolation: 0,interpolation_duration: 1}
$data merge entity $(bone_trigger) {transformation: [-0.9961f,0.0878f,-0.0061f,-0.0531f,0.0875f,0.9954f,0.0395f,-0.5403f,0.0096f,0.0389f,-0.9992f,0.4216f,0f,0f,0f,1f],start_interpolation: 0,interpolation_duration: 1}
$data merge entity $(bone_trigger_gaurd) {transformation: [-0.9961f,0.0878f,-0.0061f,-0.0504f,0.0875f,0.9954f,0.0395f,-0.5129f,0.0096f,0.0389f,-0.9992f,0.4551f,0f,0f,0f,1f],start_interpolation: 0,interpolation_duration: 1}
$data merge entity $(bone_right_arm) {transformation: [-0.9961f,-0.0061f,-0.0878f,-0.0918f,0.0875f,0.0395f,-0.9954f,-0.5486f,0.0096f,-0.9992f,-0.0389f,0.0625f,0f,0f,0f,1f],start_interpolation: 0,interpolation_duration: 1}
$data merge entity $(bone_magazine1) {transformation: [0f,0f,0f,-0.1102f,0f,0f,0f,-0.4788f,0f,0f,0f,0.416f,0f,0f,0f,1f],start_interpolation: 0,interpolation_duration: 1}
$data merge entity $(bone_left_arm) {transformation: [-0.8365f,0.3973f,0.3774f,0.0864f,-0.3791f,0.0778f,-0.9221f,-0.5554f,-0.3957f,-0.9144f,0.0855f,0.0738f,0f,0f,0f,1f],start_interpolation: 0,interpolation_duration: 1}
data modify entity @s data merge value {"cameras":{},"locators":{"barrel1":{"px":-0.0663361838347542,"py":-0.47733236487943,"pz":0.7532630271019801,"ry":359.6489816365488,"rx":2.2661204016700514}}}