# This file was generated by Animated Java via MC-Build. It is not recommended to edit this file directly.
$data merge entity $(bone_muzzleflash) {transformation: [0f,0f,0f,-0.1988f,0f,0f,0f,-0.8848f,0f,0f,0f,0.3973f,0f,0f,0f,1f],start_interpolation: 0,interpolation_duration: 1}
$data merge entity $(bone_slide) {transformation: [-0.9961f,0.0879f,-0.007f,-0.0399f,0.0874f,0.9943f,0.0604f,-0.429f,0.0122f,0.0595f,-0.9982f,0.6011f,0f,0f,0f,1f],start_interpolation: 0,interpolation_duration: 1}
$data merge entity $(bone_barrel) {transformation: [-0.9961f,0.0879f,-0.007f,0.0619f,0.0874f,0.9943f,0.0604f,-0.5191f,0.0122f,0.0595f,-0.9982f,0.5949f,0f,0f,0f,1f],start_interpolation: 0,interpolation_duration: 1}
$data merge entity $(bone_magazine) {transformation: [-0.9961f,0.0879f,-0.007f,-0.053f,0.0874f,0.9943f,0.0604f,-0.5499f,0.0122f,0.0595f,-0.9982f,0.3966f,0f,0f,0f,1f],start_interpolation: 0,interpolation_duration: 1}
$data merge entity $(bone_grip) {transformation: [-0.9961f,0.0879f,-0.007f,-0.053f,0.0874f,0.9943f,0.0604f,-0.5499f,0.0122f,0.0595f,-0.9982f,0.3966f,0f,0f,0f,1f],start_interpolation: 0,interpolation_duration: 1}
$data merge entity $(bone_trigger) {transformation: [-0.9961f,0.0879f,-0.007f,-0.0524f,0.0874f,0.9943f,0.0604f,-0.5474f,0.0122f,0.0595f,-0.9982f,0.4274f,0f,0f,0f,1f],start_interpolation: 0,interpolation_duration: 1}
$data merge entity $(bone_trigger_gaurd) {transformation: [-0.9961f,0.0879f,-0.007f,-0.0497f,0.0874f,0.9943f,0.0604f,-0.5206f,0.0122f,0.0595f,-0.9982f,0.4615f,0f,0f,0f,1f],start_interpolation: 0,interpolation_duration: 1}
$data merge entity $(bone_right_arm) {transformation: [-0.9961f,-0.007f,-0.0879f,-0.0914f,0.0874f,0.0604f,-0.9943f,-0.5481f,0.0122f,-0.9982f,-0.0595f,0.0683f,0f,0f,0f,1f],start_interpolation: 0,interpolation_duration: 1}
$data merge entity $(bone_magazine1) {transformation: [0f,0f,0f,-0.1095f,0f,0f,0f,-0.4858f,0f,0f,0f,0.4232f,0f,0f,0f,1f],start_interpolation: 0,interpolation_duration: 1}
$data merge entity $(bone_left_arm) {transformation: [-0.8369f,0.3965f,0.3774f,0.0868f,-0.3707f,0.0968f,-0.9237f,-0.5552f,-0.4028f,-0.9129f,0.0659f,0.0793f,0f,0f,0f,1f],start_interpolation: 0,interpolation_duration: 1}
data modify entity @s data merge value {"cameras":{},"locators":{"barrel1":{"px":-0.06538615341024673,"py":-0.4913154772712186,"pz":0.7603132836453441,"ry":359.6007746651291,"rx":3.4617750941199184}}}