# This file was generated by Animated Java via MC-Build. It is not recommended to edit this file directly.
$data merge entity $(bone_muzzleflash) {transformation: [0f,0f,0f,-0.1986f,0f,0f,0f,-0.7944f,0f,0f,0f,0.3967f,0f,0f,0f,1f],start_interpolation: 0,interpolation_duration: 1}
$data merge entity $(bone_slide) {transformation: [-0.9961f,0.088f,-0.0072f,-0.0397f,0.0873f,0.9936f,0.0713f,-0.341f,0.0134f,0.0704f,-0.9974f,0.6054f,0f,0f,0f,1f],start_interpolation: 0,interpolation_duration: 1}
$data merge entity $(bone_barrel) {transformation: [-0.9961f,0.088f,-0.0072f,0.0622f,0.0873f,0.9936f,0.0713f,-0.431f,0.0134f,0.0704f,-0.9974f,0.5983f,0f,0f,0f,1f],start_interpolation: 0,interpolation_duration: 1}
$data merge entity $(bone_magazine) {transformation: [-0.9961f,0.088f,-0.0072f,-0.0528f,0.0873f,0.9936f,0.0713f,-0.4596f,0.0134f,0.0704f,-0.9974f,0.3996f,0f,0f,0f,1f],start_interpolation: 0,interpolation_duration: 1}
$data merge entity $(bone_grip) {transformation: [-0.9961f,0.088f,-0.0072f,-0.0528f,0.0873f,0.9936f,0.0713f,-0.4596f,0.0134f,0.0704f,-0.9974f,0.3996f,0f,0f,0f,1f],start_interpolation: 0,interpolation_duration: 1}
$data merge entity $(bone_trigger) {transformation: [-0.9961f,0.088f,-0.0072f,-0.0522f,0.0873f,0.9936f,0.0713f,-0.4574f,0.0134f,0.0704f,-0.9974f,0.4304f,0f,0f,0f,1f],start_interpolation: 0,interpolation_duration: 1}
$data merge entity $(bone_trigger_gaurd) {transformation: [-0.9961f,0.088f,-0.0072f,-0.0494f,0.0873f,0.9936f,0.0713f,-0.431f,0.0134f,0.0704f,-0.9974f,0.4648f,0f,0f,0f,1f],start_interpolation: 0,interpolation_duration: 1}
$data merge entity $(bone_right_arm) {transformation: [-0.9961f,-0.0072f,-0.088f,-0.0913f,0.0873f,0.0713f,-0.9936f,-0.4542f,0.0134f,-0.9974f,-0.0704f,0.0714f,0f,0f,0f,1f],start_interpolation: 0,interpolation_duration: 1}
$data merge entity $(bone_magazine1) {transformation: [0f,0f,0f,-0.1093f,0f,0f,0f,-0.3958f,0f,0f,0f,0.4269f,0f,0f,0f,1f],start_interpolation: 0,interpolation_duration: 1}
$data merge entity $(bone_left_arm) {transformation: [-0.837f,0.3963f,0.3773f,0.0869f,-0.3662f,0.1068f,-0.9244f,-0.4614f,-0.4067f,-0.9119f,0.0557f,0.0822f,0f,0f,0f,1f],start_interpolation: 0,interpolation_duration: 1}
data modify entity @s data merge value {"cameras":{},"locators":{"barrel1":{"px":-0.06509324784487461,"py":-0.40500977955987616,"pz":0.7639580670699399,"ry":359.5866183630335,"rx":4.091336459925631}}}