# This file was generated by Animated Java via MC-Build. It is not recommended to edit this file directly.
$data merge entity $(bone_muzzleflash) {transformation: [0f,0f,0f,-0.1986f,0f,0f,0f,-0.8899f,0f,0f,0f,0.3964f,0f,0f,0f,1f],start_interpolation: 0,interpolation_duration: 1}
$data merge entity $(bone_slide) {transformation: [-0.9961f,0.0881f,-0.0073f,-0.0396f,0.0872f,0.9932f,0.0769f,-0.4377f,0.014f,0.076f,-0.997f,0.6076f,0f,0f,0f,1f],start_interpolation: 0,interpolation_duration: 1}
$data merge entity $(bone_barrel) {transformation: [-0.9961f,0.0881f,-0.0073f,0.0623f,0.0872f,0.9932f,0.0769f,-0.5276f,0.014f,0.076f,-0.997f,0.6f,0f,0f,0f,1f],start_interpolation: 0,interpolation_duration: 1}
$data merge entity $(bone_magazine) {transformation: [-0.9961f,0.0881f,-0.0073f,-0.0528f,0.0872f,0.9932f,0.0769f,-0.5551f,0.014f,0.076f,-0.997f,0.4011f,0f,0f,0f,1f],start_interpolation: 0,interpolation_duration: 1}
$data merge entity $(bone_grip) {transformation: [-0.9961f,0.0881f,-0.0073f,-0.0528f,0.0872f,0.9932f,0.0769f,-0.5551f,0.014f,0.076f,-0.997f,0.4011f,0f,0f,0f,1f],start_interpolation: 0,interpolation_duration: 1}
$data merge entity $(bone_trigger) {transformation: [-0.9961f,0.0881f,-0.0073f,-0.0521f,0.0872f,0.9932f,0.0769f,-0.5531f,0.014f,0.076f,-0.997f,0.432f,0f,0f,0f,1f],start_interpolation: 0,interpolation_duration: 1}
$data merge entity $(bone_trigger_gaurd) {transformation: [-0.9961f,0.0881f,-0.0073f,-0.0494f,0.0872f,0.9932f,0.0769f,-0.5269f,0.014f,0.076f,-0.997f,0.4665f,0f,0f,0f,1f],start_interpolation: 0,interpolation_duration: 1}
$data merge entity $(bone_right_arm) {transformation: [-0.9961f,-0.0073f,-0.0881f,-0.0912f,0.0872f,0.0769f,-0.9932f,-0.5479f,0.014f,-0.997f,-0.076f,0.0729f,0f,0f,0f,1f],start_interpolation: 0,interpolation_duration: 1}
$data merge entity $(bone_magazine1) {transformation: [0f,0f,0f,-0.1092f,0f,0f,0f,-0.4914f,0f,0f,0f,0.4288f,0f,0f,0f,1f],start_interpolation: 0,interpolation_duration: 1}
$data merge entity $(bone_left_arm) {transformation: [-0.837f,0.3963f,0.3773f,0.0869f,-0.3638f,0.1119f,-0.9247f,-0.5552f,-0.4087f,-0.9113f,0.0505f,0.0837f,0f,0f,0f,1f],start_interpolation: 0,interpolation_duration: 1}
data modify entity @s data merge value {"cameras":{},"locators":{"barrel1":{"px":-0.06498903696898642,"py":-0.5025775715182356,"pz":0.7658009503465043,"ry":359.5818168826389,"rx":4.41226598398107}}}