# This file was generated by Animated Java via MC-Build. It is not recommended to edit this file directly.
$data merge entity $(bone_muzzleflash) {transformation: [0f,0f,0f,-0.1985f,0f,0f,0f,-0.7391f,0f,0f,0f,0.3954f,0f,0f,0f,1f],start_interpolation: 0,interpolation_duration: 1}
$data merge entity $(bone_slide) {transformation: [-0.9961f,0.0882f,-0.0074f,-0.0394f,0.0871f,0.9918f,0.094f,-0.2905f,0.0156f,0.093f,-0.9955f,0.6143f,0f,0f,0f,1f],start_interpolation: 0,interpolation_duration: 1}
$data merge entity $(bone_barrel) {transformation: [-0.9961f,0.0882f,-0.0074f,0.0624f,0.0871f,0.9918f,0.094f,-0.3803f,0.0156f,0.093f,-0.9955f,0.6051f,0f,0f,0f,1f],start_interpolation: 0,interpolation_duration: 1}
$data merge entity $(bone_magazine) {transformation: [-0.9961f,0.0882f,-0.0074f,-0.0526f,0.0871f,0.9918f,0.094f,-0.4044f,0.0156f,0.093f,-0.9955f,0.4059f,0f,0f,0f,1f],start_interpolation: 0,interpolation_duration: 1}
$data merge entity $(bone_grip) {transformation: [-0.9961f,0.0882f,-0.0074f,-0.0526f,0.0871f,0.9918f,0.094f,-0.4044f,0.0156f,0.093f,-0.9955f,0.4059f,0f,0f,0f,1f],start_interpolation: 0,interpolation_duration: 1}
$data merge entity $(bone_trigger) {transformation: [-0.9961f,0.0882f,-0.0074f,-0.052f,0.0871f,0.9918f,0.094f,-0.4029f,0.0156f,0.093f,-0.9955f,0.4367f,0f,0f,0f,1f],start_interpolation: 0,interpolation_duration: 1}
$data merge entity $(bone_trigger_gaurd) {transformation: [-0.9961f,0.0882f,-0.0074f,-0.0492f,0.0871f,0.9918f,0.094f,-0.3773f,0.0156f,0.093f,-0.9955f,0.4717f,0f,0f,0f,1f],start_interpolation: 0,interpolation_duration: 1}
$data merge entity $(bone_right_arm) {transformation: [-0.9961f,-0.0074f,-0.0882f,-0.0912f,0.0871f,0.094f,-0.9918f,-0.3916f,0.0156f,-0.9955f,-0.093f,0.0778f,0f,0f,0f,1f],start_interpolation: 0,interpolation_duration: 1}
$data merge entity $(bone_magazine1) {transformation: [0f,0f,0f,-0.1091f,0f,0f,0f,-0.3412f,0f,0f,0f,0.4346f,0f,0f,0f,1f],start_interpolation: 0,interpolation_duration: 1}
$data merge entity $(bone_left_arm) {transformation: [-0.8371f,0.3962f,0.3772f,0.087f,-0.3567f,0.1275f,-0.9255f,-0.399f,-0.4147f,-0.9093f,0.0346f,0.0885f,0f,0f,0f,1f],start_interpolation: 0,interpolation_duration: 1}
data modify entity @s data merge value {"cameras":{},"locators":{"barrel1":{"px":-0.0648339772706699,"py":-0.3581010917532016,"pz":0.7713810641089224,"ry":359.57579897180767,"rx":5.3935310736373605}}}