# This file was generated by Animated Java via MC-Build. It is not recommended to edit this file directly.
$data merge entity $(bone_muzzleflash) {transformation: [0f,0f,0f,-0.3235f,0f,0f,0f,-0.7721f,0f,0f,0f,0.395f,0f,0f,0f,1f],start_interpolation: 0,interpolation_duration: 1}
$data merge entity $(bone_slide) {transformation: [-0.9961f,0.0882f,-0.0074f,-0.1644f,0.0871f,0.9912f,0.0998f,-0.3249f,0.0161f,0.0987f,-0.995f,0.6166f,0f,0f,0f,1f],start_interpolation: 0,interpolation_duration: 1}
$data merge entity $(bone_barrel) {transformation: [-0.9961f,0.0882f,-0.0074f,-0.0626f,0.0871f,0.9912f,0.0998f,-0.4146f,0.0161f,0.0987f,-0.995f,0.6069f,0f,0f,0f,1f],start_interpolation: 0,interpolation_duration: 1}
$data merge entity $(bone_magazine) {transformation: [-0.9961f,0.0882f,-0.0074f,-0.1776f,0.0871f,0.9912f,0.0998f,-0.4375f,0.0161f,0.0987f,-0.995f,0.4075f,0f,0f,0f,1f],start_interpolation: 0,interpolation_duration: 1}
$data merge entity $(bone_grip) {transformation: [-0.9961f,0.0882f,-0.0074f,-0.1776f,0.0871f,0.9912f,0.0998f,-0.4375f,0.0161f,0.0987f,-0.995f,0.4075f,0f,0f,0f,1f],start_interpolation: 0,interpolation_duration: 1}
$data merge entity $(bone_trigger) {transformation: [-0.9961f,0.0882f,-0.0074f,-0.177f,0.0871f,0.9912f,0.0998f,-0.4362f,0.0161f,0.0987f,-0.995f,0.4384f,0f,0f,0f,1f],start_interpolation: 0,interpolation_duration: 1}
$data merge entity $(bone_trigger_gaurd) {transformation: [-0.9961f,0.0882f,-0.0074f,-0.1742f,0.0871f,0.9912f,0.0998f,-0.4108f,0.0161f,0.0987f,-0.995f,0.4735f,0f,0f,0f,1f],start_interpolation: 0,interpolation_duration: 1}
$data merge entity $(bone_right_arm) {transformation: [-0.9961f,-0.0074f,-0.0882f,-0.2162f,0.0871f,0.0998f,-0.9912f,-0.4228f,0.0161f,-0.995f,-0.0987f,0.0795f,0f,0f,0f,1f],start_interpolation: 0,interpolation_duration: 1}
$data merge entity $(bone_magazine1) {transformation: [0f,0f,0f,-0.2341f,0f,0f,0f,-0.3745f,0f,0f,0f,0.4366f,0f,0f,0f,1f],start_interpolation: 0,interpolation_duration: 1}
$data merge entity $(bone_left_arm) {transformation: [-0.8371f,0.3962f,0.3772f,-0.038f,-0.3543f,0.1327f,-0.9257f,-0.4304f,-0.4168f,-0.9085f,0.0292f,0.0901f,0f,0f,0f,1f],start_interpolation: 0,interpolation_duration: 1}
data modify entity @s data merge value {"cameras":{},"locators":{"barrel1":{"px":-0.18983160852986772,"py":-0.3933645165103002,"pz":0.7732501752905689,"ry":359.57638852751586,"rx":5.725078596265077}}}