# This file was generated by Animated Java via MC-Build. It is not recommended to edit this file directly.
$data merge entity $(bone_muzzleflash) {transformation: [0f,0f,0f,-0.324f,0f,0f,0f,-0.787f,0f,0f,0f,0.3926f,0f,0f,0f,1f],start_interpolation: 0,interpolation_duration: 1}
$data merge entity $(bone_slide) {transformation: [-0.9961f,0.0884f,-0.0066f,-0.165f,0.0865f,0.9855f,0.1458f,-0.3506f,0.0194f,0.1447f,-0.9893f,0.6348f,0f,0f,0f,1f],start_interpolation: 0,interpolation_duration: 1}
$data merge entity $(bone_barrel) {transformation: [-0.9961f,0.0884f,-0.0066f,-0.0632f,0.0865f,0.9855f,0.1458f,-0.4398f,0.0194f,0.1447f,-0.9893f,0.621f,0f,0f,0f,1f],start_interpolation: 0,interpolation_duration: 1}
$data merge entity $(bone_magazine) {transformation: [-0.9961f,0.0884f,-0.0066f,-0.1781f,0.0865f,0.9855f,0.1458f,-0.4534f,0.0194f,0.1447f,-0.9893f,0.4206f,0f,0f,0f,1f],start_interpolation: 0,interpolation_duration: 1}
$data merge entity $(bone_grip) {transformation: [-0.9961f,0.0884f,-0.0066f,-0.1781f,0.0865f,0.9855f,0.1458f,-0.4534f,0.0194f,0.1447f,-0.9893f,0.4206f,0f,0f,0f,1f],start_interpolation: 0,interpolation_duration: 1}
$data merge entity $(bone_trigger) {transformation: [-0.9961f,0.0884f,-0.0066f,-0.1775f,0.0865f,0.9855f,0.1458f,-0.4535f,0.0194f,0.1447f,-0.9893f,0.4515f,0f,0f,0f,1f],start_interpolation: 0,interpolation_duration: 1}
$data merge entity $(bone_trigger_gaurd) {transformation: [-0.9961f,0.0884f,-0.0066f,-0.1747f,0.0865f,0.9855f,0.1458f,-0.4298f,0.0194f,0.1447f,-0.9893f,0.4878f,0f,0f,0f,1f],start_interpolation: 0,interpolation_duration: 1}
$data merge entity $(bone_right_arm) {transformation: [-0.9961f,-0.0066f,-0.0884f,-0.2164f,0.0865f,0.1458f,-0.9855f,-0.4235f,0.0194f,-0.9893f,-0.1447f,0.0937f,0f,0f,0f,1f],start_interpolation: 0,interpolation_duration: 1}
$data merge entity $(bone_magazine1) {transformation: [0f,0f,0f,-0.2346f,0f,0f,0f,-0.3918f,0f,0f,0f,0.4526f,0f,0f,0f,1f],start_interpolation: 0,interpolation_duration: 1}
$data merge entity $(bone_left_arm) {transformation: [-0.8369f,0.3969f,0.3769f,-0.0382f,-0.3343f,0.1746f,-0.9262f,-0.4316f,-0.4334f,-0.9011f,-0.0134f,0.1041f,0f,0f,0f,1f],start_interpolation: 0,interpolation_duration: 1}
data modify entity @s data merge value {"cameras":{},"locators":{"barrel1":{"px":-0.1905572702592518,"py":-0.4262665012486233,"pz":0.7880520522445547,"ry":359.6191901160622,"rx":8.384297481575306}}}