# This file was generated by Animated Java via MC-Build. It is not recommended to edit this file directly.
$data merge entity $(bone_muzzleflash) {transformation: [0f,0f,0f,-0.3242f,0f,0f,0f,-0.7889f,0f,0f,0f,0.3923f,0f,0f,0f,1f],start_interpolation: 0,interpolation_duration: 1}
$data merge entity $(bone_slide) {transformation: [-0.9961f,0.0884f,-0.0064f,-0.1651f,0.0864f,0.9847f,0.1514f,-0.3538f,0.0197f,0.1503f,-0.9884f,0.637f,0f,0f,0f,1f],start_interpolation: 0,interpolation_duration: 1}
$data merge entity $(bone_barrel) {transformation: [-0.9961f,0.0884f,-0.0064f,-0.0634f,0.0864f,0.9847f,0.1514f,-0.443f,0.0197f,0.1503f,-0.9884f,0.6227f,0f,0f,0f,1f],start_interpolation: 0,interpolation_duration: 1}
$data merge entity $(bone_magazine) {transformation: [-0.9961f,0.0884f,-0.0064f,-0.1782f,0.0864f,0.9847f,0.1514f,-0.4554f,0.0197f,0.1503f,-0.9884f,0.4223f,0f,0f,0f,1f],start_interpolation: 0,interpolation_duration: 1}
$data merge entity $(bone_grip) {transformation: [-0.9961f,0.0884f,-0.0064f,-0.1782f,0.0864f,0.9847f,0.1514f,-0.4554f,0.0197f,0.1503f,-0.9884f,0.4223f,0f,0f,0f,1f],start_interpolation: 0,interpolation_duration: 1}
$data merge entity $(bone_trigger) {transformation: [-0.9961f,0.0884f,-0.0064f,-0.1776f,0.0864f,0.9847f,0.1514f,-0.4558f,0.0197f,0.1503f,-0.9884f,0.4532f,0f,0f,0f,1f],start_interpolation: 0,interpolation_duration: 1}
$data merge entity $(bone_trigger_gaurd) {transformation: [-0.9961f,0.0884f,-0.0064f,-0.1749f,0.0864f,0.9847f,0.1514f,-0.4322f,0.0197f,0.1503f,-0.9884f,0.4896f,0f,0f,0f,1f],start_interpolation: 0,interpolation_duration: 1}
$data merge entity $(bone_right_arm) {transformation: [-0.9961f,-0.0064f,-0.0884f,-0.2164f,0.0864f,0.1514f,-0.9847f,-0.4237f,0.0197f,-0.9884f,-0.1503f,0.0955f,0f,0f,0f,1f],start_interpolation: 0,interpolation_duration: 1}
$data merge entity $(bone_magazine1) {transformation: [0f,0f,0f,-0.2347f,0f,0f,0f,-0.394f,0f,0f,0f,0.4546f,0f,0f,0f,1f],start_interpolation: 0,interpolation_duration: 1}
$data merge entity $(bone_left_arm) {transformation: [-0.8368f,0.3971f,0.3769f,-0.0382f,-0.3318f,0.1797f,-0.9261f,-0.4318f,-0.4354f,-0.9f,-0.0187f,0.1059f,0f,0f,0f,1f],start_interpolation: 0,interpolation_duration: 1}
data modify entity @s data merge value {"cameras":{},"locators":{"barrel1":{"px":-0.19072558233760606,"py":-0.4303908436534669,"pz":0.789854515322657,"ry":359.62840208799685,"rx":8.709906121467803}}}