# This file was generated by Animated Java via MC-Build. It is not recommended to edit this file directly.
$data merge entity $(bone_muzzleflash) {transformation: [0f,0f,0f,-0.3244f,0f,0f,0f,-0.7926f,0f,0f,0f,0.3918f,0f,0f,0f,1f],start_interpolation: 0,interpolation_duration: 1}
$data merge entity $(bone_slide) {transformation: [-0.9961f,0.0884f,-0.006f,-0.1655f,0.0863f,0.9829f,0.1625f,-0.3603f,0.0203f,0.1613f,-0.9867f,0.6414f,0f,0f,0f,1f],start_interpolation: 0,interpolation_duration: 1}
$data merge entity $(bone_barrel) {transformation: [-0.9961f,0.0884f,-0.006f,-0.0637f,0.0863f,0.9829f,0.1625f,-0.4493f,0.0203f,0.1613f,-0.9867f,0.6262f,0f,0f,0f,1f],start_interpolation: 0,interpolation_duration: 1}
$data merge entity $(bone_magazine) {transformation: [-0.9961f,0.0884f,-0.006f,-0.1785f,0.0863f,0.9829f,0.1625f,-0.4595f,0.0203f,0.1613f,-0.9867f,0.4256f,0f,0f,0f,1f],start_interpolation: 0,interpolation_duration: 1}
$data merge entity $(bone_grip) {transformation: [-0.9961f,0.0884f,-0.006f,-0.1785f,0.0863f,0.9829f,0.1625f,-0.4595f,0.0203f,0.1613f,-0.9867f,0.4256f,0f,0f,0f,1f],start_interpolation: 0,interpolation_duration: 1}
$data merge entity $(bone_trigger) {transformation: [-0.9961f,0.0884f,-0.006f,-0.1779f,0.0863f,0.9829f,0.1625f,-0.4602f,0.0203f,0.1613f,-0.9867f,0.4565f,0f,0f,0f,1f],start_interpolation: 0,interpolation_duration: 1}
$data merge entity $(bone_trigger_gaurd) {transformation: [-0.9961f,0.0884f,-0.006f,-0.1751f,0.0863f,0.9829f,0.1625f,-0.4371f,0.0203f,0.1613f,-0.9867f,0.4932f,0f,0f,0f,1f],start_interpolation: 0,interpolation_duration: 1}
$data merge entity $(bone_right_arm) {transformation: [-0.9961f,-0.006f,-0.0884f,-0.2166f,0.0863f,0.1625f,-0.9829f,-0.4241f,0.0203f,-0.9867f,-0.1613f,0.0992f,0f,0f,0f,1f],start_interpolation: 0,interpolation_duration: 1}
$data merge entity $(bone_magazine1) {transformation: [0f,0f,0f,-0.2349f,0f,0f,0f,-0.3985f,0f,0f,0f,0.4586f,0f,0f,0f,1f],start_interpolation: 0,interpolation_duration: 1}
$data merge entity $(bone_left_arm) {transformation: [-0.8367f,0.3974f,0.3768f,-0.0384f,-0.3269f,0.1898f,-0.9258f,-0.4324f,-0.4394f,-0.8978f,-0.0289f,0.1095f,0f,0f,0f,1f],start_interpolation: 0,interpolation_duration: 1}
data modify entity @s data merge value {"cameras":{},"locators":{"barrel1":{"px":-0.19110217665293192,"py":-0.438580512862914,"pz":0.7934090879336093,"ry":359.64874174677277,"rx":9.350985310998185}}}