# This file was generated by Animated Java via MC-Build. It is not recommended to edit this file directly.
$data merge entity $(bone_muzzleflash) {transformation: [0f,0f,0f,-0.1998f,0f,0f,0f,-0.9231f,0f,0f,0f,0.3913f,0f,0f,0f,1f],start_interpolation: 0,interpolation_duration: 1}
$data merge entity $(bone_slide) {transformation: [-0.9961f,0.0884f,-0.0054f,-0.041f,0.086f,0.9802f,0.1785f,-0.4949f,0.0211f,0.1773f,-0.9839f,0.6479f,0f,0f,0f,1f],start_interpolation: 0,interpolation_duration: 1}
$data merge entity $(bone_barrel) {transformation: [-0.9961f,0.0884f,-0.0054f,0.0608f,0.086f,0.9802f,0.1785f,-0.5836f,0.0211f,0.1773f,-0.9839f,0.6313f,0f,0f,0f,1f],start_interpolation: 0,interpolation_duration: 1}
$data merge entity $(bone_magazine) {transformation: [-0.9961f,0.0884f,-0.0054f,-0.0539f,0.086f,0.9802f,0.1785f,-0.5906f,0.0211f,0.1773f,-0.9839f,0.4305f,0f,0f,0f,1f],start_interpolation: 0,interpolation_duration: 1}
$data merge entity $(bone_grip) {transformation: [-0.9961f,0.0884f,-0.0054f,-0.0539f,0.086f,0.9802f,0.1785f,-0.5906f,0.0211f,0.1773f,-0.9839f,0.4305f,0f,0f,0f,1f],start_interpolation: 0,interpolation_duration: 1}
$data merge entity $(bone_trigger) {transformation: [-0.9961f,0.0884f,-0.0054f,-0.0533f,0.086f,0.9802f,0.1785f,-0.5918f,0.0211f,0.1773f,-0.9839f,0.4614f,0f,0f,0f,1f],start_interpolation: 0,interpolation_duration: 1}
$data merge entity $(bone_trigger_gaurd) {transformation: [-0.9961f,0.0884f,-0.0054f,-0.0506f,0.086f,0.9802f,0.1785f,-0.5693f,0.0211f,0.1773f,-0.9839f,0.4984f,0f,0f,0f,1f],start_interpolation: 0,interpolation_duration: 1}
$data merge entity $(bone_right_arm) {transformation: [-0.9961f,-0.0054f,-0.0884f,-0.0918f,0.086f,0.1785f,-0.9802f,-0.5499f,0.0211f,-0.9839f,-0.1773f,0.1047f,0f,0f,0f,1f],start_interpolation: 0,interpolation_duration: 1}
$data merge entity $(bone_magazine1) {transformation: [0f,0f,0f,-0.1104f,0f,0f,0f,-0.5301f,0f,0f,0f,0.4644f,0f,0f,0f,1f],start_interpolation: 0,interpolation_duration: 1}
$data merge entity $(bone_left_arm) {transformation: [-0.8365f,0.3979f,0.3768f,0.0864f,-0.3196f,0.2042f,-0.9253f,-0.5583f,-0.4452f,-0.8944f,-0.0437f,0.115f,0f,0f,0f,1f],start_interpolation: 0,interpolation_duration: 1}
data modify entity @s data merge value {"cameras":{},"locators":{"barrel1":{"px":-0.06675026323996842,"py":-0.5756229894433369,"pz":0.7985940583836765,"ry":359.68314273742413,"rx":10.279610311022205}}}