# This file was generated by Animated Java via MC-Build. It is not recommended to edit this file directly.
$data merge entity $(bone_muzzleflash) {transformation: [0f,0f,0f,-0.3252f,0f,0f,0f,-0.8017f,0f,0f,0f,0.391f,0f,0f,0f,1f],start_interpolation: 0,interpolation_duration: 1}
$data merge entity $(bone_slide) {transformation: [-0.9961f,0.0884f,-0.005f,-0.1664f,0.0858f,0.9783f,0.1886f,-0.3761f,0.0216f,0.1874f,-0.982f,0.6521f,0f,0f,0f,1f],start_interpolation: 0,interpolation_duration: 1}
$data merge entity $(bone_barrel) {transformation: [-0.9961f,0.0884f,-0.005f,-0.0646f,0.0858f,0.9783f,0.1886f,-0.4647f,0.0216f,0.1874f,-0.982f,0.6346f,0f,0f,0f,1f],start_interpolation: 0,interpolation_duration: 1}
$data merge entity $(bone_magazine) {transformation: [-0.9961f,0.0884f,-0.005f,-0.1792f,0.0858f,0.9783f,0.1886f,-0.4696f,0.0216f,0.1874f,-0.982f,0.4337f,0f,0f,0f,1f],start_interpolation: 0,interpolation_duration: 1}
$data merge entity $(bone_grip) {transformation: [-0.9961f,0.0884f,-0.005f,-0.1792f,0.0858f,0.9783f,0.1886f,-0.4696f,0.0216f,0.1874f,-0.982f,0.4337f,0f,0f,0f,1f],start_interpolation: 0,interpolation_duration: 1}
$data merge entity $(bone_trigger) {transformation: [-0.9961f,0.0884f,-0.005f,-0.1787f,0.0858f,0.9783f,0.1886f,-0.4711f,0.0216f,0.1874f,-0.982f,0.4646f,0f,0f,0f,1f],start_interpolation: 0,interpolation_duration: 1}
$data merge entity $(bone_trigger_gaurd) {transformation: [-0.9961f,0.0884f,-0.005f,-0.1759f,0.0858f,0.9783f,0.1886f,-0.4489f,0.0216f,0.1874f,-0.982f,0.5019f,0f,0f,0f,1f],start_interpolation: 0,interpolation_duration: 1}
$data merge entity $(bone_right_arm) {transformation: [-0.9961f,-0.005f,-0.0884f,-0.217f,0.0858f,0.1886f,-0.9783f,-0.4255f,0.0216f,-0.982f,-0.1874f,0.1083f,0f,0f,0f,1f],start_interpolation: 0,interpolation_duration: 1}
$data merge entity $(bone_magazine1) {transformation: [0f,0f,0f,-0.2357f,0f,0f,0f,-0.4094f,0f,0f,0f,0.4682f,0f,0f,0f,1f],start_interpolation: 0,interpolation_duration: 1}
$data merge entity $(bone_left_arm) {transformation: [-0.8363f,0.3983f,0.3768f,-0.0388f,-0.315f,0.2134f,-0.9248f,-0.4341f,-0.4488f,-0.8921f,-0.053f,0.1186f,0f,0f,0f,1f],start_interpolation: 0,interpolation_duration: 1}
data modify entity @s data merge value {"cameras":{},"locators":{"barrel1":{"px":-0.1922244756793891,"py":-0.4584151441219554,"pz":0.8019382243569811,"ry":359.7079730335281,"rx":10.870748909304721}}}