# This file was generated by Animated Java via MC-Build. It is not recommended to edit this file directly.
$data merge entity $(bone_muzzleflash) {transformation: [0f,0f,0f,-0.3253f,0f,0f,0f,-0.8034f,0f,0f,0f,0.3909f,0f,0f,0f,1f],start_interpolation: 0,interpolation_duration: 1}
$data merge entity $(bone_slide) {transformation: [-0.9961f,0.0883f,-0.0048f,-0.1666f,0.0857f,0.9773f,0.1935f,-0.3792f,0.0218f,0.1923f,-0.9811f,0.6542f,0f,0f,0f,1f],start_interpolation: 0,interpolation_duration: 1}
$data merge entity $(bone_barrel) {transformation: [-0.9961f,0.0883f,-0.0048f,-0.0648f,0.0857f,0.9773f,0.1935f,-0.4677f,0.0218f,0.1923f,-0.9811f,0.6362f,0f,0f,0f,1f],start_interpolation: 0,interpolation_duration: 1}
$data merge entity $(bone_magazine) {transformation: [-0.9961f,0.0883f,-0.0048f,-0.1794f,0.0857f,0.9773f,0.1935f,-0.4716f,0.0218f,0.1923f,-0.9811f,0.4353f,0f,0f,0f,1f],start_interpolation: 0,interpolation_duration: 1}
$data merge entity $(bone_grip) {transformation: [-0.9961f,0.0883f,-0.0048f,-0.1794f,0.0857f,0.9773f,0.1935f,-0.4716f,0.0218f,0.1923f,-0.9811f,0.4353f,0f,0f,0f,1f],start_interpolation: 0,interpolation_duration: 1}
$data merge entity $(bone_trigger) {transformation: [-0.9961f,0.0883f,-0.0048f,-0.1788f,0.0857f,0.9773f,0.1935f,-0.4732f,0.0218f,0.1923f,-0.9811f,0.4662f,0f,0f,0f,1f],start_interpolation: 0,interpolation_duration: 1}
$data merge entity $(bone_trigger_gaurd) {transformation: [-0.9961f,0.0883f,-0.0048f,-0.1761f,0.0857f,0.9773f,0.1935f,-0.4513f,0.0218f,0.1923f,-0.9811f,0.5036f,0f,0f,0f,1f],start_interpolation: 0,interpolation_duration: 1}
$data merge entity $(bone_right_arm) {transformation: [-0.9961f,-0.0048f,-0.0883f,-0.217f,0.0857f,0.1935f,-0.9773f,-0.4259f,0.0218f,-0.9811f,-0.1923f,0.1101f,0f,0f,0f,1f],start_interpolation: 0,interpolation_duration: 1}
$data merge entity $(bone_magazine1) {transformation: [0f,0f,0f,-0.2359f,0f,0f,0f,-0.4116f,0f,0f,0f,0.4701f,0f,0f,0f,1f],start_interpolation: 0,interpolation_duration: 1}
$data merge entity $(bone_left_arm) {transformation: [-0.8362f,0.3986f,0.3768f,-0.0389f,-0.3127f,0.2179f,-0.9245f,-0.4345f,-0.4506f,-0.8909f,-0.0576f,0.1204f,0f,0f,0f,1f],start_interpolation: 0,interpolation_duration: 1}
data modify entity @s data merge value {"cameras":{},"locators":{"barrel1":{"px":-0.1924707332765978,"py":-0.4622208341949823,"pz":0.8035732517670243,"ry":359.7207776376513,"rx":11.156405076226449}}}