# This file was generated by Animated Java via MC-Build. It is not recommended to edit this file directly.
$data merge entity $(muzzleflash) {transformation: [0f,0f,0f,-0.2006f,0f,0f,0f,-0.7756f,0f,0f,0f,0.3908f,0f,0f,0f,1f],start_interpolation: 0,interpolation_duration: 1}
$data merge entity $(slide) {transformation: [-0.9961f,0.0883f,-0.0043f,-0.0421f,0.0856f,0.9755f,0.2029f,-0.3539f,0.0221f,0.2017f,-0.9792f,0.6582f,0f,0f,0f,1f],start_interpolation: 0,interpolation_duration: 1}
$data merge entity $(barrel) {transformation: [-0.9961f,0.0883f,-0.0043f,0.0597f,0.0856f,0.9755f,0.2029f,-0.4422f,0.0221f,0.2017f,-0.9792f,0.6394f,0f,0f,0f,1f],start_interpolation: 0,interpolation_duration: 1}
$data merge entity $(magazine) {transformation: [-0.9961f,0.0883f,-0.0043f,-0.0547f,0.0856f,0.9755f,0.2029f,-0.4442f,0.0221f,0.2017f,-0.9792f,0.4384f,0f,0f,0f,1f],start_interpolation: 0,interpolation_duration: 1}
$data merge entity $(grip) {transformation: [-0.9961f,0.0883f,-0.0043f,-0.0547f,0.0856f,0.9755f,0.2029f,-0.4442f,0.0221f,0.2017f,-0.9792f,0.4384f,0f,0f,0f,1f],start_interpolation: 0,interpolation_duration: 1}
$data merge entity $(trigger) {transformation: [-0.9961f,0.0883f,-0.0043f,-0.0542f,0.0856f,0.9755f,0.2029f,-0.4461f,0.0221f,0.2017f,-0.9792f,0.4693f,0f,0f,0f,1f],start_interpolation: 0,interpolation_duration: 1}
$data merge entity $(trigger_gaurd) {transformation: [-0.9961f,0.0883f,-0.0043f,-0.0515f,0.0856f,0.9755f,0.2029f,-0.4245f,0.0221f,0.2017f,-0.9792f,0.5069f,0f,0f,0f,1f],start_interpolation: 0,interpolation_duration: 1}
$data merge entity $(right_arm) {transformation: [-0.9961f,-0.0043f,-0.0883f,-0.0922f,0.0856f,0.2029f,-0.9755f,-0.3954f,0.0221f,-0.9792f,-0.2017f,0.1137f,0f,0f,0f,1f],start_interpolation: 0,interpolation_duration: 1}
$data merge entity $(magazine1) {transformation: [0f,0f,0f,-0.1112f,0f,0f,0f,-0.3845f,0f,0f,0f,0.4738f,0f,0f,0f,1f],start_interpolation: 0,interpolation_duration: 1}
$data merge entity $(left_arm) {transformation: [-0.836f,0.399f,0.3768f,0.0859f,-0.3084f,0.2264f,-0.9239f,-0.4041f,-0.4539f,-0.8886f,-0.0662f,0.124f,0f,0f,0f,1f],start_interpolation: 0,interpolation_duration: 1}
data modify entity @s data merge value {"cameras":{},"locators":{"barrel1":{"px":-0.06797561330168828,"py":-0.43836845185648887,"pz":0.8067643311393662,"ry":359.74686679127706,"rx":11.705341626155233}}}