# This file was generated by Animated Java via MC-Build. It is not recommended to edit this file directly.
$data merge entity $(bone_muzzleflash) {transformation: [0f,0f,0f,-0.2031f,0f,0f,0f,-0.8482f,0f,0f,0f,0.3993f,0f,0f,0f,1f],start_interpolation: 0,interpolation_duration: 1}
$data merge entity $(bone_slide) {transformation: [-0.9918f,0.1276f,-0.0013f,-0.0267f,0.1276f,0.9918f,-0.009f,-0.3861f,0.0001f,-0.0091f,-1f,0.5719f,0f,0f,0f,1f],start_interpolation: 0,interpolation_duration: 1}
$data merge entity $(bone_barrel) {transformation: [-0.9918f,0.1276f,-0.0013f,0.0714f,0.1276f,0.9918f,-0.009f,-0.4803f,0.0001f,-0.0091f,-1f,0.5726f,0f,0f,0f,1f],start_interpolation: 0,interpolation_duration: 1}
$data merge entity $(bone_magazine) {transformation: [-0.9918f,0.1276f,-0.0013f,-0.044f,0.1276f,0.9918f,-0.009f,-0.5202f,0.0001f,-0.0091f,-1f,0.3761f,0f,0f,0f,1f],start_interpolation: 0,interpolation_duration: 1}
$data merge entity $(bone_grip) {transformation: [-0.9918f,0.1276f,-0.0013f,-0.044f,0.1276f,0.9918f,-0.009f,-0.5202f,0.0001f,-0.0091f,-1f,0.3761f,0f,0f,0f,1f],start_interpolation: 0,interpolation_duration: 1}
$data merge entity $(bone_trigger) {transformation: [-0.9918f,0.1276f,-0.0013f,-0.0434f,0.1276f,0.9918f,-0.009f,-0.5156f,0.0001f,-0.0091f,-1f,0.4067f,0f,0f,0f,1f],start_interpolation: 0,interpolation_duration: 1}
$data merge entity $(bone_trigger_gaurd) {transformation: [-0.9918f,0.1276f,-0.0013f,-0.0397f,0.1276f,0.9918f,-0.009f,-0.4867f,0.0001f,-0.0091f,-1f,0.4389f,0f,0f,0f,1f],start_interpolation: 0,interpolation_duration: 1}
$data merge entity $(bone_right_arm) {transformation: [-0.9918f,-0.0013f,-0.1276f,-0.0812f,0.1276f,-0.009f,-0.9918f,-0.5398f,0.0001f,-1f,0.0091f,0.0483f,0f,0f,0f,1f],start_interpolation: 0,interpolation_duration: 1}
$data merge entity $(bone_magazine1) {transformation: [0f,0f,0f,-0.098f,0f,0f,0f,-0.4522f,0f,0f,0f,0.3979f,0f,0f,0f,1f],start_interpolation: 0,interpolation_duration: 1}
$data merge entity $(bone_left_arm) {transformation: [-0.8498f,0.4031f,0.3398f,0.0965f,-0.3642f,0.0172f,-0.9312f,-0.5532f,-0.3811f,-0.915f,0.1322f,0.0608f,0f,0f,0f,1f],start_interpolation: 0,interpolation_duration: 1}
data modify entity @s data merge value {"cameras":{},"locators":{"barrel1":{"px":-0.05518039125404634,"py":-0.4360408493451683,"pz":0.7348616922955978,"ry":359.9254897823015,"rx":-0.5178818748210716}}}