# This file was generated by Animated Java via MC-Build. It is not recommended to edit this file directly.
$data merge entity $(muzzleflash) {transformation: [0f,0f,0f,-0.201f,0f,0f,0f,-0.7789f,0f,0f,0f,0.3908f,0f,0f,0f,1f],start_interpolation: 0,interpolation_duration: 1}
$data merge entity $(slide) {transformation: [-0.9961f,0.0882f,-0.0039f,-0.0425f,0.0854f,0.9736f,0.2117f,-0.3597f,0.0224f,0.2105f,-0.9773f,0.6621f,0f,0f,0f,1f],start_interpolation: 0,interpolation_duration: 1}
$data merge entity $(barrel) {transformation: [-0.9961f,0.0882f,-0.0039f,0.0593f,0.0854f,0.9736f,0.2117f,-0.4478f,0.0224f,0.2105f,-0.9773f,0.6426f,0f,0f,0f,1f],start_interpolation: 0,interpolation_duration: 1}
$data merge entity $(magazine) {transformation: [-0.9961f,0.0882f,-0.0039f,-0.055f,0.0854f,0.9736f,0.2117f,-0.4479f,0.0224f,0.2105f,-0.9773f,0.4415f,0f,0f,0f,1f],start_interpolation: 0,interpolation_duration: 1}
$data merge entity $(grip) {transformation: [-0.9961f,0.0882f,-0.0039f,-0.055f,0.0854f,0.9736f,0.2117f,-0.4479f,0.0224f,0.2105f,-0.9773f,0.4415f,0f,0f,0f,1f],start_interpolation: 0,interpolation_duration: 1}
$data merge entity $(trigger) {transformation: [-0.9961f,0.0882f,-0.0039f,-0.0545f,0.0854f,0.9736f,0.2117f,-0.4501f,0.0224f,0.2105f,-0.9773f,0.4723f,0f,0f,0f,1f],start_interpolation: 0,interpolation_duration: 1}
$data merge entity $(trigger_gaurd) {transformation: [-0.9961f,0.0882f,-0.0039f,-0.0519f,0.0854f,0.9736f,0.2117f,-0.4289f,0.0224f,0.2105f,-0.9773f,0.5101f,0f,0f,0f,1f],start_interpolation: 0,interpolation_duration: 1}
$data merge entity $(right_arm) {transformation: [-0.9961f,-0.0039f,-0.0882f,-0.0924f,0.0854f,0.2117f,-0.9736f,-0.3962f,0.0224f,-0.9773f,-0.2105f,0.1172f,0f,0f,0f,1f],start_interpolation: 0,interpolation_duration: 1}
$data merge entity $(magazine1) {transformation: [0f,0f,0f,-0.1116f,0f,0f,0f,-0.3886f,0f,0f,0f,0.4773f,0f,0f,0f,1f],start_interpolation: 0,interpolation_duration: 1}
$data merge entity $(left_arm) {transformation: [-0.8358f,0.3994f,0.3768f,0.0857f,-0.3042f,0.2344f,-0.9233f,-0.405f,-0.4571f,-0.8863f,-0.0744f,0.1275f,0f,0f,0f,1f],start_interpolation: 0,interpolation_duration: 1}
data modify entity @s data merge value {"cameras":{},"locators":{"barrel1":{"px":-0.06848894326342368,"py":-0.445436672448385,"pz":0.8098442921787852,"ry":359.7731973435956,"rx":12.221044438257183}}}