# This file was generated by Animated Java via MC-Build. It is not recommended to edit this file directly.
$data merge entity $(muzzleflash) {transformation: [0f,0f,0f,-0.2013f,0f,0f,0f,-0.7821f,0f,0f,0f,0.3909f,0f,0f,0f,1f],start_interpolation: 0,interpolation_duration: 1}
$data merge entity $(slide) {transformation: [-0.9961f,0.0881f,-0.0034f,-0.0429f,0.0852f,0.9718f,0.2198f,-0.3651f,0.0227f,0.2187f,-0.9755f,0.6657f,0f,0f,0f,1f],start_interpolation: 0,interpolation_duration: 1}
$data merge entity $(barrel) {transformation: [-0.9961f,0.0881f,-0.0034f,0.0589f,0.0852f,0.9718f,0.2198f,-0.4531f,0.0227f,0.2187f,-0.9755f,0.6456f,0f,0f,0f,1f],start_interpolation: 0,interpolation_duration: 1}
$data merge entity $(magazine) {transformation: [-0.9961f,0.0881f,-0.0034f,-0.0554f,0.0852f,0.9718f,0.2198f,-0.4515f,0.0227f,0.2187f,-0.9755f,0.4444f,0f,0f,0f,1f],start_interpolation: 0,interpolation_duration: 1}
$data merge entity $(grip) {transformation: [-0.9961f,0.0881f,-0.0034f,-0.0554f,0.0852f,0.9718f,0.2198f,-0.4515f,0.0227f,0.2187f,-0.9755f,0.4444f,0f,0f,0f,1f],start_interpolation: 0,interpolation_duration: 1}
$data merge entity $(trigger) {transformation: [-0.9961f,0.0881f,-0.0034f,-0.0549f,0.0852f,0.9718f,0.2198f,-0.454f,0.0227f,0.2187f,-0.9755f,0.4752f,0f,0f,0f,1f],start_interpolation: 0,interpolation_duration: 1}
$data merge entity $(trigger_gaurd) {transformation: [-0.9961f,0.0881f,-0.0034f,-0.0522f,0.0852f,0.9718f,0.2198f,-0.4331f,0.0227f,0.2187f,-0.9755f,0.5132f,0f,0f,0f,1f],start_interpolation: 0,interpolation_duration: 1}
$data merge entity $(right_arm) {transformation: [-0.9961f,-0.0034f,-0.0881f,-0.0926f,0.0852f,0.2198f,-0.9718f,-0.3971f,0.0227f,-0.9755f,-0.2187f,0.1205f,0f,0f,0f,1f],start_interpolation: 0,interpolation_duration: 1}
$data merge entity $(magazine1) {transformation: [0f,0f,0f,-0.1119f,0f,0f,0f,-0.3925f,0f,0f,0f,0.4808f,0f,0f,0f,1f],start_interpolation: 0,interpolation_duration: 1}
$data merge entity $(left_arm) {transformation: [-0.8356f,0.3998f,0.3768f,0.0855f,-0.3004f,0.2417f,-0.9227f,-0.406f,-0.46f,-0.8842f,-0.0819f,0.1309f,0f,0f,0f,1f],start_interpolation: 0,interpolation_duration: 1}
data modify entity @s data merge value {"cameras":{},"locators":{"barrel1":{"px":-0.06900095201611374,"py":-0.4521218770466752,"pz":0.8128068299123655,"ry":359.7992911567154,"rx":12.699434281433478}}}