# This file was generated by Animated Java via MC-Build. It is not recommended to edit this file directly.
$data merge entity $(bone_muzzleflash) {transformation: [0f,0f,0f,-0.2015f,0f,0f,0f,-0.7836f,0f,0f,0f,0.391f,0f,0f,0f,1f],start_interpolation: 0,interpolation_duration: 1}
$data merge entity $(bone_slide) {transformation: [-0.9961f,0.0881f,-0.0032f,-0.0432f,0.0852f,0.9709f,0.2236f,-0.3677f,0.0228f,0.2225f,-0.9747f,0.6675f,0f,0f,0f,1f],start_interpolation: 0,interpolation_duration: 1}
$data merge entity $(bone_barrel) {transformation: [-0.9961f,0.0881f,-0.0032f,0.0587f,0.0852f,0.9709f,0.2236f,-0.4556f,0.0228f,0.2225f,-0.9747f,0.647f,0f,0f,0f,1f],start_interpolation: 0,interpolation_duration: 1}
$data merge entity $(bone_magazine) {transformation: [-0.9961f,0.0881f,-0.0032f,-0.0556f,0.0852f,0.9709f,0.2236f,-0.4533f,0.0228f,0.2225f,-0.9747f,0.4459f,0f,0f,0f,1f],start_interpolation: 0,interpolation_duration: 1}
$data merge entity $(bone_grip) {transformation: [-0.9961f,0.0881f,-0.0032f,-0.0556f,0.0852f,0.9709f,0.2236f,-0.4533f,0.0228f,0.2225f,-0.9747f,0.4459f,0f,0f,0f,1f],start_interpolation: 0,interpolation_duration: 1}
$data merge entity $(bone_trigger) {transformation: [-0.9961f,0.0881f,-0.0032f,-0.0551f,0.0852f,0.9709f,0.2236f,-0.4559f,0.0228f,0.2225f,-0.9747f,0.4767f,0f,0f,0f,1f],start_interpolation: 0,interpolation_duration: 1}
$data merge entity $(bone_trigger_gaurd) {transformation: [-0.9961f,0.0881f,-0.0032f,-0.0524f,0.0852f,0.9709f,0.2236f,-0.4351f,0.0228f,0.2225f,-0.9747f,0.5147f,0f,0f,0f,1f],start_interpolation: 0,interpolation_duration: 1}
$data merge entity $(bone_right_arm) {transformation: [-0.9961f,-0.0032f,-0.0881f,-0.0927f,0.0852f,0.2236f,-0.9709f,-0.3976f,0.0228f,-0.9747f,-0.2225f,0.1222f,0f,0f,0f,1f],start_interpolation: 0,interpolation_duration: 1}
$data merge entity $(bone_magazine1) {transformation: [0f,0f,0f,-0.1121f,0f,0f,0f,-0.3944f,0f,0f,0f,0.4824f,0f,0f,0f,1f],start_interpolation: 0,interpolation_duration: 1}
$data merge entity $(bone_left_arm) {transformation: [-0.8355f,0.4f,0.3768f,0.0854f,-0.2986f,0.2452f,-0.9224f,-0.4065f,-0.4613f,-0.8831f,-0.0854f,0.1325f,0f,0f,0f,1f],start_interpolation: 0,interpolation_duration: 1}
data modify entity @s data merge value {"cameras":{},"locators":{"barrel1":{"px":-0.06925337253941229,"py":-0.4553040122503019,"pz":0.8142422661543331,"ry":359.81209989275834,"rx":12.923362079964598}}}