# This file was generated by Animated Java via MC-Build. It is not recommended to edit this file directly.
$data merge entity $(bone_muzzleflash) {transformation: [0f,0f,0f,-0.3266f,0f,0f,0f,-0.8163f,0f,0f,0f,0.3912f,0f,0f,0f,1f],start_interpolation: 0,interpolation_duration: 1}
$data merge entity $(bone_slide) {transformation: [-0.9961f,0.0881f,-0.003f,-0.1684f,0.0851f,0.9701f,0.2273f,-0.4015f,0.0229f,0.2261f,-0.9738f,0.6693f,0f,0f,0f,1f],start_interpolation: 0,interpolation_duration: 1}
$data merge entity $(bone_barrel) {transformation: [-0.9961f,0.0881f,-0.003f,-0.0666f,0.0851f,0.9701f,0.2273f,-0.4893f,0.0229f,0.2261f,-0.9738f,0.6485f,0f,0f,0f,1f],start_interpolation: 0,interpolation_duration: 1}
$data merge entity $(bone_magazine) {transformation: [-0.9961f,0.0881f,-0.003f,-0.1807f,0.0851f,0.9701f,0.2273f,-0.4862f,0.0229f,0.2261f,-0.9738f,0.4473f,0f,0f,0f,1f],start_interpolation: 0,interpolation_duration: 1}
$data merge entity $(bone_grip) {transformation: [-0.9961f,0.0881f,-0.003f,-0.1807f,0.0851f,0.9701f,0.2273f,-0.4862f,0.0229f,0.2261f,-0.9738f,0.4473f,0f,0f,0f,1f],start_interpolation: 0,interpolation_duration: 1}
$data merge entity $(bone_trigger) {transformation: [-0.9961f,0.0881f,-0.003f,-0.1802f,0.0851f,0.9701f,0.2273f,-0.4889f,0.0229f,0.2261f,-0.9738f,0.4781f,0f,0f,0f,1f],start_interpolation: 0,interpolation_duration: 1}
$data merge entity $(bone_trigger_gaurd) {transformation: [-0.9961f,0.0881f,-0.003f,-0.1776f,0.0851f,0.9701f,0.2273f,-0.4683f,0.0229f,0.2261f,-0.9738f,0.5162f,0f,0f,0f,1f],start_interpolation: 0,interpolation_duration: 1}
$data merge entity $(bone_right_arm) {transformation: [-0.9961f,-0.003f,-0.0881f,-0.2178f,0.0851f,0.2273f,-0.9701f,-0.4293f,0.0229f,-0.9738f,-0.2261f,0.1238f,0f,0f,0f,1f],start_interpolation: 0,interpolation_duration: 1}
$data merge entity $(bone_magazine1) {transformation: [0f,0f,0f,-0.2373f,0f,0f,0f,-0.4275f,0f,0f,0f,0.484f,0f,0f,0f,1f],start_interpolation: 0,interpolation_duration: 1}
$data merge entity $(bone_left_arm) {transformation: [-0.8354f,0.4002f,0.3768f,-0.0397f,-0.2968f,0.2485f,-0.922f,-0.4383f,-0.4626f,-0.8821f,-0.0888f,0.1341f,0f,0f,0f,1f],start_interpolation: 0,interpolation_duration: 1}
data modify entity @s data merge value {"cameras":{},"locators":{"barrel1":{"px":-0.194501743133662,"py":-0.48962016923044815,"pz":0.8156462459115106,"ry":359.82467018058685,"rx":13.136431924615776}}}