# This file was generated by Animated Java via MC-Build. It is not recommended to edit this file directly.
$data merge entity $(muzzleflash) {transformation: [0f,0f,0f,-0.2016f,0f,0f,0f,-0.7851f,0f,0f,0f,0.3912f,0f,0f,0f,1f],start_interpolation: 0,interpolation_duration: 1}
$data merge entity $(slide) {transformation: [-0.9961f,0.0881f,-0.003f,-0.0434f,0.0851f,0.9701f,0.2273f,-0.3702f,0.0229f,0.2261f,-0.9738f,0.6693f,0f,0f,0f,1f],start_interpolation: 0,interpolation_duration: 1}
$data merge entity $(barrel) {transformation: [-0.9961f,0.0881f,-0.003f,0.0584f,0.0851f,0.9701f,0.2273f,-0.4581f,0.0229f,0.2261f,-0.9738f,0.6485f,0f,0f,0f,1f],start_interpolation: 0,interpolation_duration: 1}
$data merge entity $(magazine) {transformation: [-0.9961f,0.0881f,-0.003f,-0.0557f,0.0851f,0.9701f,0.2273f,-0.455f,0.0229f,0.2261f,-0.9738f,0.4473f,0f,0f,0f,1f],start_interpolation: 0,interpolation_duration: 1}
$data merge entity $(grip) {transformation: [-0.9961f,0.0881f,-0.003f,-0.0557f,0.0851f,0.9701f,0.2273f,-0.455f,0.0229f,0.2261f,-0.9738f,0.4473f,0f,0f,0f,1f],start_interpolation: 0,interpolation_duration: 1}
$data merge entity $(trigger) {transformation: [-0.9961f,0.0881f,-0.003f,-0.0552f,0.0851f,0.9701f,0.2273f,-0.4577f,0.0229f,0.2261f,-0.9738f,0.4781f,0f,0f,0f,1f],start_interpolation: 0,interpolation_duration: 1}
$data merge entity $(trigger_gaurd) {transformation: [-0.9961f,0.0881f,-0.003f,-0.0526f,0.0851f,0.9701f,0.2273f,-0.4371f,0.0229f,0.2261f,-0.9738f,0.5162f,0f,0f,0f,1f],start_interpolation: 0,interpolation_duration: 1}
$data merge entity $(right_arm) {transformation: [-0.9961f,-0.003f,-0.0881f,-0.0928f,0.0851f,0.2273f,-0.9701f,-0.3981f,0.0229f,-0.9738f,-0.2261f,0.1238f,0f,0f,0f,1f],start_interpolation: 0,interpolation_duration: 1}
$data merge entity $(magazine1) {transformation: [0f,0f,0f,-0.1123f,0f,0f,0f,-0.3962f,0f,0f,0f,0.484f,0f,0f,0f,1f],start_interpolation: 0,interpolation_duration: 1}
$data merge entity $(left_arm) {transformation: [-0.8354f,0.4002f,0.3768f,0.0853f,-0.2968f,0.2485f,-0.922f,-0.4071f,-0.4626f,-0.8821f,-0.0888f,0.1341f,0f,0f,0f,1f],start_interpolation: 0,interpolation_duration: 1}
data modify entity @s data merge value {"cameras":{},"locators":{"barrel1":{"px":-0.06950174313366202,"py":-0.45837016923044815,"pz":0.8156462459115106,"ry":359.82467018058685,"rx":13.136431924615776}}}