# This file was generated by Animated Java via MC-Build. It is not recommended to edit this file directly.
$data merge entity $(bone_muzzleflash) {transformation: [0f,0f,0f,-0.3271f,0f,0f,0f,-0.8205f,0f,0f,0f,0.3919f,0f,0f,0f,1f],start_interpolation: 0,interpolation_duration: 1}
$data merge entity $(bone_slide) {transformation: [-0.9961f,0.0879f,-0.0024f,-0.169f,0.0849f,0.9678f,0.2369f,-0.4085f,0.0231f,0.2358f,-0.9715f,0.6742f,0f,0f,0f,1f],start_interpolation: 0,interpolation_duration: 1}
$data merge entity $(bone_barrel) {transformation: [-0.9961f,0.0879f,-0.0024f,-0.0672f,0.0849f,0.9678f,0.2369f,-0.4961f,0.0231f,0.2358f,-0.9715f,0.6526f,0f,0f,0f,1f],start_interpolation: 0,interpolation_duration: 1}
$data merge entity $(bone_magazine) {transformation: [-0.9961f,0.0879f,-0.0024f,-0.1812f,0.0849f,0.9678f,0.2369f,-0.491f,0.0231f,0.2358f,-0.9715f,0.4514f,0f,0f,0f,1f],start_interpolation: 0,interpolation_duration: 1}
$data merge entity $(bone_grip) {transformation: [-0.9961f,0.0879f,-0.0024f,-0.1812f,0.0849f,0.9678f,0.2369f,-0.491f,0.0231f,0.2358f,-0.9715f,0.4514f,0f,0f,0f,1f],start_interpolation: 0,interpolation_duration: 1}
$data merge entity $(bone_trigger) {transformation: [-0.9961f,0.0879f,-0.0024f,-0.1807f,0.0849f,0.9678f,0.2369f,-0.494f,0.0231f,0.2358f,-0.9715f,0.4821f,0f,0f,0f,1f],start_interpolation: 0,interpolation_duration: 1}
$data merge entity $(bone_trigger_gaurd) {transformation: [-0.9961f,0.0879f,-0.0024f,-0.1781f,0.0849f,0.9678f,0.2369f,-0.4738f,0.0231f,0.2358f,-0.9715f,0.5205f,0f,0f,0f,1f],start_interpolation: 0,interpolation_duration: 1}
$data merge entity $(bone_right_arm) {transformation: [-0.9961f,-0.0024f,-0.0879f,-0.2181f,0.0849f,0.2369f,-0.9678f,-0.4309f,0.0231f,-0.9715f,-0.2358f,0.1284f,0f,0f,0f,1f],start_interpolation: 0,interpolation_duration: 1}
$data merge entity $(bone_magazine1) {transformation: [0f,0f,0f,-0.2378f,0f,0f,0f,-0.4326f,0f,0f,0f,0.4887f,0f,0f,0f,1f],start_interpolation: 0,interpolation_duration: 1}
$data merge entity $(bone_left_arm) {transformation: [-0.8351f,0.4007f,0.3768f,-0.0399f,-0.2922f,0.2572f,-0.9211f,-0.44f,-0.4661f,-0.8793f,-0.0977f,0.1388f,0f,0f,0f,1f],start_interpolation: 0,interpolation_duration: 1}
data modify entity @s data merge value {"cameras":{},"locators":{"barrel1":{"px":-0.1952100074304183,"py":-0.4980552493114067,"pz":0.8196629677815261,"ry":359.8603528894845,"rx":13.70539469649712}}}