# This file was generated by Animated Java via MC-Build. It is not recommended to edit this file directly.
$data merge entity $(bone_muzzleflash) {transformation: [0f,0f,0f,-0.2023f,0f,0f,0f,-0.8543f,0f,0f,0f,0.3926f,0f,0f,0f,1f],start_interpolation: 0,interpolation_duration: 1}
$data merge entity $(bone_slide) {transformation: [-0.9961f,0.0878f,-0.002f,-0.0444f,0.0847f,0.9665f,0.2423f,-0.4439f,0.0232f,0.2412f,-0.9702f,0.6772f,0f,0f,0f,1f],start_interpolation: 0,interpolation_duration: 1}
$data merge entity $(bone_barrel) {transformation: [-0.9961f,0.0878f,-0.002f,0.0575f,0.0847f,0.9665f,0.2423f,-0.5313f,0.0232f,0.2412f,-0.9702f,0.6551f,0f,0f,0f,1f],start_interpolation: 0,interpolation_duration: 1}
$data merge entity $(bone_magazine) {transformation: [-0.9961f,0.0878f,-0.002f,-0.0565f,0.0847f,0.9665f,0.2423f,-0.5251f,0.0232f,0.2412f,-0.9702f,0.4539f,0f,0f,0f,1f],start_interpolation: 0,interpolation_duration: 1}
$data merge entity $(bone_grip) {transformation: [-0.9961f,0.0878f,-0.002f,-0.0565f,0.0847f,0.9665f,0.2423f,-0.5251f,0.0232f,0.2412f,-0.9702f,0.4539f,0f,0f,0f,1f],start_interpolation: 0,interpolation_duration: 1}
$data merge entity $(bone_trigger) {transformation: [-0.9961f,0.0878f,-0.002f,-0.056f,0.0847f,0.9665f,0.2423f,-0.5283f,0.0232f,0.2412f,-0.9702f,0.4847f,0f,0f,0f,1f],start_interpolation: 0,interpolation_duration: 1}
$data merge entity $(bone_trigger_gaurd) {transformation: [-0.9961f,0.0878f,-0.002f,-0.0534f,0.0847f,0.9665f,0.2423f,-0.5083f,0.0232f,0.2412f,-0.9702f,0.5231f,0f,0f,0f,1f],start_interpolation: 0,interpolation_duration: 1}
$data merge entity $(bone_right_arm) {transformation: [-0.9961f,-0.002f,-0.0878f,-0.0933f,0.0847f,0.2423f,-0.9665f,-0.4632f,0.0232f,-0.9702f,-0.2412f,0.1313f,0f,0f,0f,1f],start_interpolation: 0,interpolation_duration: 1}
$data merge entity $(bone_magazine1) {transformation: [0f,0f,0f,-0.1131f,0f,0f,0f,-0.4669f,0f,0f,0f,0.4915f,0f,0f,0f,1f],start_interpolation: 0,interpolation_duration: 1}
$data merge entity $(bone_left_arm) {transformation: [-0.8349f,0.4011f,0.3769f,0.0849f,-0.2896f,0.2621f,-0.9206f,-0.4724f,-0.468f,-0.8778f,-0.1026f,0.1417f,0f,0f,0f,1f],start_interpolation: 0,interpolation_duration: 1}
data modify entity @s data merge value {"cameras":{},"locators":{"barrel1":{"px":-0.07063886455819374,"py":-0.5342251057314488,"pz":0.822171654569001,"ry":359.8818537763392,"rx":14.021065203912395}}}