# This file was generated by Animated Java via MC-Build. It is not recommended to edit this file directly.
$data merge entity $(bone_muzzleflash) {transformation: [0f,0f,0f,-0.2025f,0f,0f,0f,-0.9493f,0f,0f,0f,0.393f,0f,0f,0f,1f],start_interpolation: 0,interpolation_duration: 1}
$data merge entity $(bone_slide) {transformation: [-0.9961f,0.0878f,-0.0018f,-0.0445f,0.0847f,0.9659f,0.2446f,-0.5395f,0.0232f,0.2435f,-0.9696f,0.6786f,0f,0f,0f,1f],start_interpolation: 0,interpolation_duration: 1}
$data merge entity $(bone_barrel) {transformation: [-0.9961f,0.0878f,-0.0018f,0.0573f,0.0847f,0.9659f,0.2446f,-0.6269f,0.0232f,0.2435f,-0.9696f,0.6564f,0f,0f,0f,1f],start_interpolation: 0,interpolation_duration: 1}
$data merge entity $(bone_magazine) {transformation: [-0.9961f,0.0878f,-0.0018f,-0.0566f,0.0847f,0.9659f,0.2446f,-0.6202f,0.0232f,0.2435f,-0.9696f,0.4551f,0f,0f,0f,1f],start_interpolation: 0,interpolation_duration: 1}
$data merge entity $(bone_grip) {transformation: [-0.9961f,0.0878f,-0.0018f,-0.0566f,0.0847f,0.9659f,0.2446f,-0.6202f,0.0232f,0.2435f,-0.9696f,0.4551f,0f,0f,0f,1f],start_interpolation: 0,interpolation_duration: 1}
$data merge entity $(bone_trigger) {transformation: [-0.9961f,0.0878f,-0.0018f,-0.0562f,0.0847f,0.9659f,0.2446f,-0.6235f,0.0232f,0.2435f,-0.9696f,0.4859f,0f,0f,0f,1f],start_interpolation: 0,interpolation_duration: 1}
$data merge entity $(bone_trigger_gaurd) {transformation: [-0.9961f,0.0878f,-0.0018f,-0.0536f,0.0847f,0.9659f,0.2446f,-0.6035f,0.0232f,0.2435f,-0.9696f,0.5244f,0f,0f,0f,1f],start_interpolation: 0,interpolation_duration: 1}
$data merge entity $(bone_right_arm) {transformation: [-0.9961f,-0.0018f,-0.0878f,-0.0933f,0.0847f,0.2446f,-0.9659f,-0.5576f,0.0232f,-0.9696f,-0.2435f,0.1327f,0f,0f,0f,1f],start_interpolation: 0,interpolation_duration: 1}
$data merge entity $(bone_magazine1) {transformation: [0f,0f,0f,-0.1132f,0f,0f,0f,-0.5621f,0f,0f,0f,0.4929f,0f,0f,0f,1f],start_interpolation: 0,interpolation_duration: 1}
$data merge entity $(bone_left_arm) {transformation: [-0.8348f,0.4012f,0.3769f,0.0848f,-0.2885f,0.2642f,-0.9203f,-0.5668f,-0.4688f,-0.8771f,-0.1048f,0.1431f,0f,0f,0f,1f],start_interpolation: 0,interpolation_duration: 1}
data modify entity @s data merge value {"cameras":{},"locators":{"barrel1":{"px":-0.0708365019598975,"py":-0.6302038561427648,"pz":0.823373262673154,"ry":359.8917386990706,"rx":14.158279343836162}}}