# This file was generated by Animated Java via MC-Build. It is not recommended to edit this file directly.
$data merge entity $(bone_muzzleflash) {transformation: [0f,0f,0f,-0.2026f,0f,0f,0f,-0.8567f,0f,0f,0f,0.3934f,0f,0f,0f,1f],start_interpolation: 0,interpolation_duration: 1}
$data merge entity $(bone_slide) {transformation: [-0.9961f,0.0878f,-0.0017f,-0.0447f,0.0846f,0.9654f,0.2467f,-0.4475f,0.0233f,0.2456f,-0.9691f,0.68f,0f,0f,0f,1f],start_interpolation: 0,interpolation_duration: 1}
$data merge entity $(bone_barrel) {transformation: [-0.9961f,0.0878f,-0.0017f,0.0571f,0.0846f,0.9654f,0.2467f,-0.5349f,0.0233f,0.2456f,-0.9691f,0.6576f,0f,0f,0f,1f],start_interpolation: 0,interpolation_duration: 1}
$data merge entity $(bone_magazine) {transformation: [-0.9961f,0.0878f,-0.0017f,-0.0567f,0.0846f,0.9654f,0.2467f,-0.5278f,0.0233f,0.2456f,-0.9691f,0.4563f,0f,0f,0f,1f],start_interpolation: 0,interpolation_duration: 1}
$data merge entity $(bone_grip) {transformation: [-0.9961f,0.0878f,-0.0017f,-0.0567f,0.0846f,0.9654f,0.2467f,-0.5278f,0.0233f,0.2456f,-0.9691f,0.4563f,0f,0f,0f,1f],start_interpolation: 0,interpolation_duration: 1}
$data merge entity $(bone_trigger) {transformation: [-0.9961f,0.0878f,-0.0017f,-0.0563f,0.0846f,0.9654f,0.2467f,-0.5311f,0.0233f,0.2456f,-0.9691f,0.4871f,0f,0f,0f,1f],start_interpolation: 0,interpolation_duration: 1}
$data merge entity $(bone_trigger_gaurd) {transformation: [-0.9961f,0.0878f,-0.0017f,-0.0537f,0.0846f,0.9654f,0.2467f,-0.5112f,0.0233f,0.2456f,-0.9691f,0.5256f,0f,0f,0f,1f],start_interpolation: 0,interpolation_duration: 1}
$data merge entity $(bone_right_arm) {transformation: [-0.9961f,-0.0017f,-0.0878f,-0.0934f,0.0846f,0.2467f,-0.9654f,-0.4644f,0.0233f,-0.9691f,-0.2456f,0.134f,0f,0f,0f,1f],start_interpolation: 0,interpolation_duration: 1}
$data merge entity $(bone_magazine1) {transformation: [0f,0f,0f,-0.1134f,0f,0f,0f,-0.4697f,0f,0f,0f,0.4942f,0f,0f,0f,1f],start_interpolation: 0,interpolation_duration: 1}
$data merge entity $(bone_left_arm) {transformation: [-0.8348f,0.4014f,0.3769f,0.0847f,-0.2875f,0.266f,-0.9201f,-0.4736f,-0.4696f,-0.8764f,-0.1067f,0.1444f,0f,0f,0f,1f],start_interpolation: 0,interpolation_duration: 1}
data modify entity @s data merge value {"cameras":{},"locators":{"barrel1":{"px":-0.07102125694024994,"py":-0.5385196096381267,"pz":0.8245387639132711,"ry":359.90096693505245,"rx":14.281066202733463}}}