# This file was generated by Animated Java via MC-Build. It is not recommended to edit this file directly.
$data merge entity $(bone_muzzleflash) {transformation: [0f,0f,0f,-0.2027f,0f,0f,0f,-0.9515f,0f,0f,0f,0.394f,0f,0f,0f,1f],start_interpolation: 0,interpolation_duration: 1}
$data merge entity $(bone_slide) {transformation: [-0.9961f,0.0877f,-0.0015f,-0.0449f,0.0846f,0.9649f,0.2485f,-0.5429f,0.0233f,0.2474f,-0.9686f,0.6813f,0f,0f,0f,1f],start_interpolation: 0,interpolation_duration: 1}
$data merge entity $(bone_barrel) {transformation: [-0.9961f,0.0877f,-0.0015f,0.057f,0.0846f,0.9649f,0.2485f,-0.6302f,0.0233f,0.2474f,-0.9686f,0.6587f,0f,0f,0f,1f],start_interpolation: 0,interpolation_duration: 1}
$data merge entity $(bone_magazine) {transformation: [-0.9961f,0.0877f,-0.0015f,-0.0569f,0.0846f,0.9649f,0.2485f,-0.6227f,0.0233f,0.2474f,-0.9686f,0.4575f,0f,0f,0f,1f],start_interpolation: 0,interpolation_duration: 1}
$data merge entity $(bone_grip) {transformation: [-0.9961f,0.0877f,-0.0015f,-0.0569f,0.0846f,0.9649f,0.2485f,-0.6227f,0.0233f,0.2474f,-0.9686f,0.4575f,0f,0f,0f,1f],start_interpolation: 0,interpolation_duration: 1}
$data merge entity $(bone_trigger) {transformation: [-0.9961f,0.0877f,-0.0015f,-0.0564f,0.0846f,0.9649f,0.2485f,-0.6261f,0.0233f,0.2474f,-0.9686f,0.4882f,0f,0f,0f,1f],start_interpolation: 0,interpolation_duration: 1}
$data merge entity $(bone_trigger_gaurd) {transformation: [-0.9961f,0.0877f,-0.0015f,-0.0539f,0.0846f,0.9649f,0.2485f,-0.6063f,0.0233f,0.2474f,-0.9686f,0.5268f,0f,0f,0f,1f],start_interpolation: 0,interpolation_duration: 1}
$data merge entity $(bone_right_arm) {transformation: [-0.9961f,-0.0015f,-0.0877f,-0.0935f,0.0846f,0.2485f,-0.9649f,-0.5588f,0.0233f,-0.9686f,-0.2474f,0.1353f,0f,0f,0f,1f],start_interpolation: 0,interpolation_duration: 1}
$data merge entity $(bone_magazine1) {transformation: [0f,0f,0f,-0.1135f,0f,0f,0f,-0.5648f,0f,0f,0f,0.4954f,0f,0f,0f,1f],start_interpolation: 0,interpolation_duration: 1}
$data merge entity $(bone_left_arm) {transformation: [-0.8347f,0.4015f,0.3769f,0.0847f,-0.2866f,0.2677f,-0.9199f,-0.568f,-0.4702f,-0.8759f,-0.1084f,0.1457f,0f,0f,0f,1f],start_interpolation: 0,interpolation_duration: 1}
data modify entity @s data merge value {"cameras":{},"locators":{"barrel1":{"px":-0.0711918645834728,"py":-0.6341657537074901,"pz":0.8256673926833529,"ry":359.909478722127,"rx":14.388915876725262}}}