# This file was generated by Animated Java via MC-Build. It is not recommended to edit this file directly.
$data merge entity $(bone_muzzleflash) {transformation: [0f,0f,0f,-0.328f,0f,0f,0f,-0.8302f,0f,0f,0f,0.3965f,0f,0f,0f,1f],start_interpolation: 0,interpolation_duration: 1}
$data merge entity $(bone_slide) {transformation: [-0.9962f,0.0876f,-0.0011f,-0.1703f,0.0845f,0.9637f,0.2531f,-0.4229f,0.0232f,0.252f,-0.9674f,0.6859f,0f,0f,0f,1f],start_interpolation: 0,interpolation_duration: 1}
$data merge entity $(bone_barrel) {transformation: [-0.9962f,0.0876f,-0.0011f,-0.0684f,0.0845f,0.9637f,0.2531f,-0.5102f,0.0232f,0.252f,-0.9674f,0.6629f,0f,0f,0f,1f],start_interpolation: 0,interpolation_duration: 1}
$data merge entity $(bone_magazine) {transformation: [-0.9962f,0.0876f,-0.0011f,-0.1822f,0.0845f,0.9637f,0.2531f,-0.5017f,0.0232f,0.252f,-0.9674f,0.4617f,0f,0f,0f,1f],start_interpolation: 0,interpolation_duration: 1}
$data merge entity $(bone_grip) {transformation: [-0.9962f,0.0876f,-0.0011f,-0.1822f,0.0845f,0.9637f,0.2531f,-0.5017f,0.0232f,0.252f,-0.9674f,0.4617f,0f,0f,0f,1f],start_interpolation: 0,interpolation_duration: 1}
$data merge entity $(bone_trigger) {transformation: [-0.9962f,0.0876f,-0.0011f,-0.1818f,0.0845f,0.9637f,0.2531f,-0.5053f,0.0232f,0.252f,-0.9674f,0.4924f,0f,0f,0f,1f],start_interpolation: 0,interpolation_duration: 1}
$data merge entity $(bone_trigger_gaurd) {transformation: [-0.9962f,0.0876f,-0.0011f,-0.1792f,0.0845f,0.9637f,0.2531f,-0.4856f,0.0232f,0.252f,-0.9674f,0.5311f,0f,0f,0f,1f],start_interpolation: 0,interpolation_duration: 1}
$data merge entity $(bone_right_arm) {transformation: [-0.9962f,-0.0011f,-0.0876f,-0.2187f,0.0845f,0.2531f,-0.9637f,-0.4362f,0.0232f,-0.9674f,-0.252f,0.1398f,0f,0f,0f,1f],start_interpolation: 0,interpolation_duration: 1}
$data merge entity $(bone_magazine1) {transformation: [0f,0f,0f,-0.2388f,0f,0f,0f,-0.444f,0f,0f,0f,0.4999f,0f,0f,0f,1f],start_interpolation: 0,interpolation_duration: 1}
$data merge entity $(bone_left_arm) {transformation: [-0.8345f,0.4019f,0.377f,-0.0405f,-0.2844f,0.2718f,-0.9194f,-0.4455f,-0.472f,-0.8744f,-0.1125f,0.1502f,0f,0f,0f,1f],start_interpolation: 0,interpolation_duration: 1}
data modify entity @s data merge value {"cameras":{},"locators":{"barrel1":{"px":-0.19670763189212367,"py":-0.5149236990908732,"pz":0.8297957197488288,"ry":359.9351658316283,"rx":14.660744645998864}}}