# This file was generated by Animated Java via MC-Build. It is not recommended to edit this file directly.
$data merge entity $(bone_muzzleflash) {transformation: [0f,0f,0f,-0.3281f,0f,0f,0f,-0.8317f,0f,0f,0f,0.3981f,0f,0f,0f,1f],start_interpolation: 0,interpolation_duration: 1}
$data merge entity $(bone_slide) {transformation: [-0.9962f,0.0876f,-0.001f,-0.1704f,0.0845f,0.9636f,0.2537f,-0.4245f,0.0232f,0.2526f,-0.9673f,0.6877f,0f,0f,0f,1f],start_interpolation: 0,interpolation_duration: 1}
$data merge entity $(bone_barrel) {transformation: [-0.9962f,0.0876f,-0.001f,-0.0686f,0.0845f,0.9636f,0.2537f,-0.5118f,0.0232f,0.2526f,-0.9673f,0.6648f,0f,0f,0f,1f],start_interpolation: 0,interpolation_duration: 1}
$data merge entity $(bone_magazine) {transformation: [-0.9962f,0.0876f,-0.001f,-0.1823f,0.0845f,0.9636f,0.2537f,-0.5032f,0.0232f,0.2526f,-0.9673f,0.4635f,0f,0f,0f,1f],start_interpolation: 0,interpolation_duration: 1}
$data merge entity $(bone_grip) {transformation: [-0.9962f,0.0876f,-0.001f,-0.1823f,0.0845f,0.9636f,0.2537f,-0.5032f,0.0232f,0.2526f,-0.9673f,0.4635f,0f,0f,0f,1f],start_interpolation: 0,interpolation_duration: 1}
$data merge entity $(bone_trigger) {transformation: [-0.9962f,0.0876f,-0.001f,-0.1819f,0.0845f,0.9636f,0.2537f,-0.5068f,0.0232f,0.2526f,-0.9673f,0.4942f,0f,0f,0f,1f],start_interpolation: 0,interpolation_duration: 1}
$data merge entity $(bone_trigger_gaurd) {transformation: [-0.9962f,0.0876f,-0.001f,-0.1793f,0.0845f,0.9636f,0.2537f,-0.4872f,0.0232f,0.2526f,-0.9673f,0.5329f,0f,0f,0f,1f],start_interpolation: 0,interpolation_duration: 1}
$data merge entity $(bone_right_arm) {transformation: [-0.9962f,-0.001f,-0.0876f,-0.2187f,0.0845f,0.2537f,-0.9636f,-0.4375f,0.0232f,-0.9673f,-0.2526f,0.1416f,0f,0f,0f,1f],start_interpolation: 0,interpolation_duration: 1}
$data merge entity $(bone_magazine1) {transformation: [0f,0f,0f,-0.2389f,0f,0f,0f,-0.4455f,0f,0f,0f,0.5017f,0f,0f,0f,1f],start_interpolation: 0,interpolation_duration: 1}
$data merge entity $(bone_left_arm) {transformation: [-0.8344f,0.402f,0.377f,-0.0406f,-0.2841f,0.2723f,-0.9193f,-0.4468f,-0.4722f,-0.8742f,-0.113f,0.1521f,0f,0f,0f,1f],start_interpolation: 0,interpolation_duration: 1}
data modify entity @s data merge value {"cameras":{},"locators":{"barrel1":{"px":-0.19684803339517865,"py":-0.5166170471931676,"pz":0.8316136631347766,"ry":359.94215614989776,"rx":14.69377842020437}}}