# This file was generated by Animated Java via MC-Build. It is not recommended to edit this file directly.
$data merge entity $(muzzleflash) {transformation: [0f,0f,0f,-0.2031f,0f,0f,0f,-0.7021f,0f,0f,0f,0.3952f,0f,0f,0f,1f],start_interpolation: 0,interpolation_duration: 1}
$data merge entity $(slide) {transformation: [-0.9959f,0.0901f,-0.001f,-0.0443f,0.0901f,0.9958f,-0.0129f,-0.233f,-0.0002f,-0.0129f,-0.9999f,0.566f,0f,0f,0f,1f],start_interpolation: 0,interpolation_duration: 1}
$data merge entity $(barrel) {transformation: [-0.9959f,0.0901f,-0.001f,0.0574f,0.0901f,0.9958f,-0.0129f,-0.3234f,-0.0002f,-0.0129f,-0.9999f,0.5671f,0f,0f,0f,1f],start_interpolation: 0,interpolation_duration: 1}
$data merge entity $(magazine) {transformation: [-0.9959f,0.0901f,-0.001f,-0.0565f,0.0901f,0.9958f,-0.0129f,-0.3684f,-0.0002f,-0.0129f,-0.9999f,0.3708f,0f,0f,0f,1f],start_interpolation: 0,interpolation_duration: 1}
$data merge entity $(grip) {transformation: [-0.9959f,0.0901f,-0.001f,-0.0565f,0.0901f,0.9958f,-0.0129f,-0.3684f,-0.0002f,-0.0129f,-0.9999f,0.3708f,0f,0f,0f,1f],start_interpolation: 0,interpolation_duration: 1}
$data merge entity $(trigger) {transformation: [-0.9959f,0.0901f,-0.001f,-0.0561f,0.0901f,0.9958f,-0.0129f,-0.3637f,-0.0002f,-0.0129f,-0.9999f,0.4014f,0f,0f,0f,1f],start_interpolation: 0,interpolation_duration: 1}
$data merge entity $(trigger_gaurd) {transformation: [-0.9959f,0.0901f,-0.001f,-0.0534f,0.0901f,0.9958f,-0.0129f,-0.3345f,-0.0002f,-0.0129f,-0.9999f,0.4335f,0f,0f,0f,1f],start_interpolation: 0,interpolation_duration: 1}
$data merge entity $(right_arm) {transformation: [-0.9959f,-0.001f,-0.0901f,-0.093f,0.0901f,-0.0129f,-0.9958f,-0.3907f,-0.0002f,-0.9999f,0.0129f,0.0431f,0f,0f,0f,1f],start_interpolation: 0,interpolation_duration: 1}
$data merge entity $(magazine1) {transformation: [0f,0f,0f,-0.113f,0f,0f,0f,-0.3024f,0f,0f,0f,0.3923f,0f,0f,0f,1f],start_interpolation: 0,interpolation_duration: 1}
$data merge entity $(left_arm) {transformation: [-0.8354f,0.4021f,0.3746f,0.0852f,-0.3974f,0.0289f,-0.9172f,-0.3973f,-0.3796f,-0.9151f,0.1357f,0.0556f,0f,0f,0f,1f],start_interpolation: 0,interpolation_duration: 1}
data modify entity @s data merge value {"cameras":{},"locators":{"barrel1":{"px":-0.07082437154738479,"py":-0.28334385484807306,"pz":0.7292254345530331,"ry":359.9445093309943,"rx":-0.7394855852103432}}}