# This file was generated by Animated Java via MC-Build. It is not recommended to edit this file directly.
$data merge entity $(bone_muzzleflash) {transformation: [0f,0f,0f,-0.2031f,0f,0f,0f,-0.8483f,0f,0f,0f,0.3997f,0f,0f,0f,1f],start_interpolation: 0,interpolation_duration: 1}
$data merge entity $(bone_slide) {transformation: [-0.9916f,0.1291f,-0.0013f,-0.026f,0.1291f,0.9916f,-0.0077f,-0.3867f,0.0003f,-0.0078f,-1f,0.5729f,0f,0f,0f,1f],start_interpolation: 0,interpolation_duration: 1}
$data merge entity $(bone_barrel) {transformation: [-0.9916f,0.1291f,-0.0013f,0.072f,0.1291f,0.9916f,-0.0077f,-0.4811f,0.0003f,-0.0078f,-1f,0.5736f,0f,0f,0f,1f],start_interpolation: 0,interpolation_duration: 1}
$data merge entity $(bone_magazine) {transformation: [-0.9916f,0.1291f,-0.0013f,-0.0435f,0.1291f,0.9916f,-0.0077f,-0.5206f,0.0003f,-0.0078f,-1f,0.377f,0f,0f,0f,1f],start_interpolation: 0,interpolation_duration: 1}
$data merge entity $(bone_grip) {transformation: [-0.9916f,0.1291f,-0.0013f,-0.0435f,0.1291f,0.9916f,-0.0077f,-0.5206f,0.0003f,-0.0078f,-1f,0.377f,0f,0f,0f,1f],start_interpolation: 0,interpolation_duration: 1}
$data merge entity $(bone_trigger) {transformation: [-0.9916f,0.1291f,-0.0013f,-0.0429f,0.1291f,0.9916f,-0.0077f,-0.516f,0.0003f,-0.0078f,-1f,0.4076f,0f,0f,0f,1f],start_interpolation: 0,interpolation_duration: 1}
$data merge entity $(bone_trigger_gaurd) {transformation: [-0.9916f,0.1291f,-0.0013f,-0.0391f,0.1291f,0.9916f,-0.0077f,-0.4871f,0.0003f,-0.0078f,-1f,0.4398f,0f,0f,0f,1f],start_interpolation: 0,interpolation_duration: 1}
$data merge entity $(bone_right_arm) {transformation: [-0.9916f,-0.0013f,-0.1291f,-0.0807f,0.1291f,-0.0077f,-0.9916f,-0.5397f,0.0003f,-1f,0.0078f,0.0492f,0f,0f,0f,1f],start_interpolation: 0,interpolation_duration: 1}
$data merge entity $(bone_magazine1) {transformation: [0f,0f,0f,-0.0973f,0f,0f,0f,-0.4526f,0f,0f,0f,0.3989f,0f,0f,0f,1f],start_interpolation: 0,interpolation_duration: 1}
$data merge entity $(bone_left_arm) {transformation: [-0.8503f,0.4031f,0.3383f,0.097f,-0.3624f,0.0177f,-0.9319f,-0.5534f,-0.3817f,-0.915f,0.131f,0.0617f,0f,0f,0f,1f],start_interpolation: 0,interpolation_duration: 1}
data modify entity @s data merge value {"cameras":{},"locators":{"barrel1":{"px":-0.054569512547258045,"py":-0.43686211722859997,"pz":0.7358731497120863,"ry":359.9278406317627,"rx":-0.4426825843970413}}}