# This file was generated by Animated Java via MC-Build. It is not recommended to edit this file directly.
$data merge entity $(bone_muzzleflash) {transformation: [0f,0f,0f,-0.3281f,0f,0f,0f,-0.7233f,0f,0f,0f,0.3997f,0f,0f,0f,1f],start_interpolation: 0,interpolation_duration: 1}
$data merge entity $(bone_slide) {transformation: [-0.9916f,0.1291f,-0.0013f,-0.151f,0.1291f,0.9916f,-0.0077f,-0.2617f,0.0003f,-0.0078f,-1f,0.5729f,0f,0f,0f,1f],start_interpolation: 0,interpolation_duration: 1}
$data merge entity $(bone_barrel) {transformation: [-0.9916f,0.1291f,-0.0013f,-0.053f,0.1291f,0.9916f,-0.0077f,-0.3561f,0.0003f,-0.0078f,-1f,0.5736f,0f,0f,0f,1f],start_interpolation: 0,interpolation_duration: 1}
$data merge entity $(bone_magazine) {transformation: [-0.9916f,0.1291f,-0.0013f,-0.1685f,0.1291f,0.9916f,-0.0077f,-0.3956f,0.0003f,-0.0078f,-1f,0.377f,0f,0f,0f,1f],start_interpolation: 0,interpolation_duration: 1}
$data merge entity $(bone_grip) {transformation: [-0.9916f,0.1291f,-0.0013f,-0.1685f,0.1291f,0.9916f,-0.0077f,-0.3956f,0.0003f,-0.0078f,-1f,0.377f,0f,0f,0f,1f],start_interpolation: 0,interpolation_duration: 1}
$data merge entity $(bone_trigger) {transformation: [-0.9916f,0.1291f,-0.0013f,-0.1679f,0.1291f,0.9916f,-0.0077f,-0.391f,0.0003f,-0.0078f,-1f,0.4076f,0f,0f,0f,1f],start_interpolation: 0,interpolation_duration: 1}
$data merge entity $(bone_trigger_gaurd) {transformation: [-0.9916f,0.1291f,-0.0013f,-0.1641f,0.1291f,0.9916f,-0.0077f,-0.3621f,0.0003f,-0.0078f,-1f,0.4398f,0f,0f,0f,1f],start_interpolation: 0,interpolation_duration: 1}
$data merge entity $(bone_right_arm) {transformation: [-0.9916f,-0.0013f,-0.1291f,-0.2057f,0.1291f,-0.0077f,-0.9916f,-0.4147f,0.0003f,-1f,0.0078f,0.0492f,0f,0f,0f,1f],start_interpolation: 0,interpolation_duration: 1}
$data merge entity $(bone_magazine1) {transformation: [0f,0f,0f,-0.2223f,0f,0f,0f,-0.3276f,0f,0f,0f,0.3989f,0f,0f,0f,1f],start_interpolation: 0,interpolation_duration: 1}
$data merge entity $(bone_left_arm) {transformation: [-0.8503f,0.4031f,0.3383f,-0.028f,-0.3624f,0.0177f,-0.9319f,-0.4284f,-0.3817f,-0.915f,0.131f,0.0617f,0f,0f,0f,1f],start_interpolation: 0,interpolation_duration: 1}
data modify entity @s data merge value {"cameras":{},"locators":{"barrel1":{"px":-0.17956951254725803,"py":-0.31186211722859997,"pz":0.7358731497120863,"ry":359.9278406317627,"rx":-0.4426825843970413}}}