# This file was generated by Animated Java via MC-Build. It is not recommended to edit this file directly.
$data merge entity $(muzzleflash) {transformation: [0f,0f,0f,-0.2031f,0f,0f,0f,-0.8031f,0f,0f,0f,0.4091f,0f,0f,0f,1f],start_interpolation: 0,interpolation_duration: 1}
$data merge entity $(slide) {transformation: [-0.9962f,0.0876f,-0.0009f,-0.0455f,0.0848f,0.9675f,0.2381f,-0.3914f,0.0218f,0.2371f,-0.9712f,0.6921f,0f,0f,0f,1f],start_interpolation: 0,interpolation_duration: 1}
$data merge entity $(barrel) {transformation: [-0.9962f,0.0876f,-0.0009f,0.0564f,0.0848f,0.9675f,0.2381f,-0.4789f,0.0218f,0.2371f,-0.9712f,0.6706f,0f,0f,0f,1f],start_interpolation: 0,interpolation_duration: 1}
$data merge entity $(magazine) {transformation: [-0.9962f,0.0876f,-0.0009f,-0.0573f,0.0848f,0.9675f,0.2381f,-0.4736f,0.0218f,0.2371f,-0.9712f,0.4692f,0f,0f,0f,1f],start_interpolation: 0,interpolation_duration: 1}
$data merge entity $(grip) {transformation: [-0.9962f,0.0876f,-0.0009f,-0.0573f,0.0848f,0.9675f,0.2381f,-0.4736f,0.0218f,0.2371f,-0.9712f,0.4692f,0f,0f,0f,1f],start_interpolation: 0,interpolation_duration: 1}
$data merge entity $(trigger) {transformation: [-0.9962f,0.0876f,-0.0009f,-0.0569f,0.0848f,0.9675f,0.2381f,-0.4767f,0.0218f,0.2371f,-0.9712f,0.5f,0f,0f,0f,1f],start_interpolation: 0,interpolation_duration: 1}
$data merge entity $(trigger_gaurd) {transformation: [-0.9962f,0.0876f,-0.0009f,-0.0544f,0.0848f,0.9675f,0.2381f,-0.4564f,0.0218f,0.2371f,-0.9712f,0.5383f,0f,0f,0f,1f],start_interpolation: 0,interpolation_duration: 1}
$data merge entity $(right_arm) {transformation: [-0.9962f,-0.0009f,-0.0876f,-0.0938f,0.0848f,0.2381f,-0.9675f,-0.4131f,0.0218f,-0.9712f,-0.2371f,0.1463f,0f,0f,0f,1f],start_interpolation: 0,interpolation_duration: 1}
$data merge entity $(magazine1) {transformation: [0f,0f,0f,-0.114f,0f,0f,0f,-0.4152f,0f,0f,0f,0.5065f,0f,0f,0f,1f],start_interpolation: 0,interpolation_duration: 1}
$data merge entity $(left_arm) {transformation: [-0.8344f,0.402f,0.377f,0.0844f,-0.2917f,0.2583f,-0.921f,-0.4222f,-0.4676f,-0.8784f,-0.0983f,0.1569f,0f,0f,0f,1f],start_interpolation: 0,interpolation_duration: 1}
data modify entity @s data merge value {"cameras":{},"locators":{"barrel1":{"px":-0.07189698424185159,"py":-0.4811026155847587,"pz":0.8374589206214551,"ry":359.9448206481994,"rx":13.77487160262276}}}