# This file was generated by Animated Java via MC-Build. It is not recommended to edit this file directly.
$data merge entity $(bone_muzzleflash) {transformation: [0f,0f,0f,-0.3281f,0f,0f,0f,-0.8282f,0f,0f,0f,0.437f,0f,0f,0f,1f],start_interpolation: 0,interpolation_duration: 1}
$data merge entity $(bone_slide) {transformation: [-0.9962f,0.0876f,-0.0009f,-0.1705f,0.0863f,0.9831f,0.1613f,-0.3956f,0.015f,0.1606f,-0.9869f,0.687f,0f,0f,0f,1f],start_interpolation: 0,interpolation_duration: 1}
$data merge entity $(bone_barrel) {transformation: [-0.9962f,0.0876f,-0.0009f,-0.0686f,0.0863f,0.9831f,0.1613f,-0.4846f,0.015f,0.1606f,-0.9869f,0.6723f,0f,0f,0f,1f],start_interpolation: 0,interpolation_duration: 1}
$data merge entity $(bone_magazine) {transformation: [-0.9962f,0.0876f,-0.0009f,-0.1823f,0.0863f,0.9831f,0.1613f,-0.495f,0.015f,0.1606f,-0.9869f,0.4711f,0f,0f,0f,1f],start_interpolation: 0,interpolation_duration: 1}
$data merge entity $(bone_grip) {transformation: [-0.9962f,0.0876f,-0.0009f,-0.1823f,0.0863f,0.9831f,0.1613f,-0.495f,0.015f,0.1606f,-0.9869f,0.4711f,0f,0f,0f,1f],start_interpolation: 0,interpolation_duration: 1}
$data merge entity $(bone_trigger) {transformation: [-0.9962f,0.0876f,-0.0009f,-0.1819f,0.0863f,0.9831f,0.1613f,-0.4957f,0.015f,0.1606f,-0.9869f,0.5021f,0f,0f,0f,1f],start_interpolation: 0,interpolation_duration: 1}
$data merge entity $(bone_trigger_gaurd) {transformation: [-0.9962f,0.0876f,-0.0009f,-0.1794f,0.0863f,0.9831f,0.1613f,-0.4725f,0.015f,0.1606f,-0.9869f,0.5387f,0f,0f,0f,1f],start_interpolation: 0,interpolation_duration: 1}
$data merge entity $(bone_right_arm) {transformation: [-0.9962f,-0.0009f,-0.0876f,-0.2188f,0.0863f,0.1613f,-0.9831f,-0.46f,0.015f,-0.9869f,-0.1606f,0.1445f,0f,0f,0f,1f],start_interpolation: 0,interpolation_duration: 1}
$data merge entity $(bone_magazine1) {transformation: [0f,0f,0f,-0.239f,0f,0f,0f,-0.4339f,0f,0f,0f,0.5038f,0f,0f,0f,1f],start_interpolation: 0,interpolation_duration: 1}
$data merge entity $(bone_left_arm) {transformation: [-0.8344f,0.402f,0.377f,-0.0406f,-0.3274f,0.1887f,-0.9259f,-0.4683f,-0.4434f,-0.896f,-0.0258f,0.1558f,0f,0f,0f,1f],start_interpolation: 0,interpolation_duration: 1}
data modify entity @s data merge value {"cameras":{},"locators":{"barrel1":{"px":-0.1968969842418516,"py":-0.4736584374038999,"pz":0.8388736191129661,"ry":359.94569658364594,"rx":9.28241823241689}}}