# This file was generated by Animated Java via MC-Build. It is not recommended to edit this file directly.
$data merge entity $(bone_muzzleflash) {transformation: [0f,0f,0f,-0.3281f,0f,0f,0f,-0.8016f,0f,0f,0f,0.5159f,0f,0f,0f,1f],start_interpolation: 0,interpolation_duration: 1}
$data merge entity $(bone_slide) {transformation: [-0.9962f,0.0876f,-0.0009f,-0.1705f,0.0874f,0.9931f,-0.0779f,-0.322f,-0.0059f,-0.0777f,-0.997f,0.6558f,0f,0f,0f,1f],start_interpolation: 0,interpolation_duration: 1}
$data merge entity $(bone_barrel) {transformation: [-0.9962f,0.0876f,-0.0009f,-0.0686f,0.0874f,0.9931f,-0.0779f,-0.4119f,-0.0059f,-0.0777f,-0.997f,0.6628f,0f,0f,0f,1f],start_interpolation: 0,interpolation_duration: 1}
$data merge entity $(bone_magazine) {transformation: [-0.9962f,0.0876f,-0.0009f,-0.1823f,0.0874f,0.9931f,-0.0779f,-0.4699f,-0.0059f,-0.0777f,-0.997f,0.4698f,0f,0f,0f,1f],start_interpolation: 0,interpolation_duration: 1}
$data merge entity $(bone_grip) {transformation: [-0.9962f,0.0876f,-0.0009f,-0.1823f,0.0874f,0.9931f,-0.0779f,-0.4699f,-0.0059f,-0.0777f,-0.997f,0.4698f,0f,0f,0f,1f],start_interpolation: 0,interpolation_duration: 1}
$data merge entity $(bone_trigger) {transformation: [-0.9962f,0.0876f,-0.0009f,-0.1819f,0.0874f,0.9931f,-0.0779f,-0.4632f,-0.0059f,-0.0777f,-0.997f,0.5f,0f,0f,0f,1f],start_interpolation: 0,interpolation_duration: 1}
$data merge entity $(bone_trigger_gaurd) {transformation: [-0.9962f,0.0876f,-0.0009f,-0.1794f,0.0874f,0.9931f,-0.0779f,-0.432f,-0.0059f,-0.0777f,-0.997f,0.5301f,0f,0f,0f,1f],start_interpolation: 0,interpolation_duration: 1}
$data merge entity $(bone_right_arm) {transformation: [-0.9962f,-0.0009f,-0.0876f,-0.2188f,0.0874f,-0.0779f,-0.9931f,-0.5135f,-0.0059f,-0.997f,0.0777f,0.1442f,0f,0f,0f,1f],start_interpolation: 0,interpolation_duration: 1}
$data merge entity $(bone_magazine1) {transformation: [0f,0f,0f,-0.239f,0f,0f,0f,-0.4028f,0f,0f,0f,0.487f,0f,0f,0f,1f],start_interpolation: 0,interpolation_duration: 1}
$data merge entity $(bone_left_arm) {transformation: [-0.8344f,0.402f,0.377f,-0.0406f,-0.4234f,-0.0297f,-0.9055f,-0.5188f,-0.3528f,-0.9151f,0.195f,0.1572f,0f,0f,0f,1f],start_interpolation: 0,interpolation_duration: 1}
data modify entity @s data merge value {"cameras":{},"locators":{"barrel1":{"px":-0.1968969842418516,"py":-0.3617208247936159,"pz":0.8219543654773913,"ry":359.94624421468205,"rx":-4.469290389637108}}}