# This file was generated by Animated Java via MC-Build. It is not recommended to edit this file directly.
$data merge entity $(bone_muzzleflash) {transformation: [0f,0f,0f,-0.3281f,0f,0f,0f,-0.7234f,0f,0f,0f,0.3999f,0f,0f,0f,1f],start_interpolation: 0,interpolation_duration: 1}
$data merge entity $(bone_slide) {transformation: [-0.9915f,0.1298f,-0.0012f,-0.1507f,0.1298f,0.9915f,-0.0071f,-0.262f,0.0003f,-0.0072f,-1f,0.5734f,0f,0f,0f,1f],start_interpolation: 0,interpolation_duration: 1}
$data merge entity $(bone_barrel) {transformation: [-0.9915f,0.1298f,-0.0012f,-0.0528f,0.1298f,0.9915f,-0.0071f,-0.3564f,0.0003f,-0.0072f,-1f,0.5739f,0f,0f,0f,1f],start_interpolation: 0,interpolation_duration: 1}
$data merge entity $(bone_magazine) {transformation: [-0.9915f,0.1298f,-0.0012f,-0.1683f,0.1298f,0.9915f,-0.0071f,-0.3957f,0.0003f,-0.0072f,-1f,0.3774f,0f,0f,0f,1f],start_interpolation: 0,interpolation_duration: 1}
$data merge entity $(bone_grip) {transformation: [-0.9915f,0.1298f,-0.0012f,-0.1683f,0.1298f,0.9915f,-0.0071f,-0.3957f,0.0003f,-0.0072f,-1f,0.3774f,0f,0f,0f,1f],start_interpolation: 0,interpolation_duration: 1}
$data merge entity $(bone_trigger) {transformation: [-0.9915f,0.1298f,-0.0012f,-0.1677f,0.1298f,0.9915f,-0.0071f,-0.3912f,0.0003f,-0.0072f,-1f,0.408f,0f,0f,0f,1f],start_interpolation: 0,interpolation_duration: 1}
$data merge entity $(bone_trigger_gaurd) {transformation: [-0.9915f,0.1298f,-0.0012f,-0.1639f,0.1298f,0.9915f,-0.0071f,-0.3623f,0.0003f,-0.0072f,-1f,0.4402f,0f,0f,0f,1f],start_interpolation: 0,interpolation_duration: 1}
$data merge entity $(bone_right_arm) {transformation: [-0.9915f,-0.0012f,-0.1298f,-0.2055f,0.1298f,-0.0071f,-0.9915f,-0.4146f,0.0003f,-1f,0.0072f,0.0495f,0f,0f,0f,1f],start_interpolation: 0,interpolation_duration: 1}
$data merge entity $(bone_magazine1) {transformation: [0f,0f,0f,-0.2221f,0f,0f,0f,-0.3277f,0f,0f,0f,0.3993f,0f,0f,0f,1f],start_interpolation: 0,interpolation_duration: 1}
$data merge entity $(bone_left_arm) {transformation: [-0.8505f,0.4032f,0.3377f,-0.0278f,-0.3616f,0.018f,-0.9322f,-0.4284f,-0.3819f,-0.9149f,0.1304f,0.062f,0f,0f,0f,1f],start_interpolation: 0,interpolation_duration: 1}
data modify entity @s data merge value {"cameras":{},"locators":{"barrel1":{"px":-0.1793009516702347,"py":-0.3122212212620506,"pz":0.7362816098795901,"ry":359.9290262295957,"rx":-0.4077313676987617}}}