# This file was generated by Animated Java via MC-Build. It is not recommended to edit this file directly.
$data merge entity $(muzzleflash) {transformation: [0f,0f,0f,-0.2031f,0f,0f,0f,-0.7732f,0f,0f,0f,0.5302f,0f,0f,0f,1f],start_interpolation: 0,interpolation_duration: 1}
$data merge entity $(slide) {transformation: [-0.9962f,0.0876f,-0.0009f,-0.0455f,0.0873f,0.992f,-0.0907f,-0.2918f,-0.007f,-0.0904f,-0.9959f,0.6639f,0f,0f,0f,1f],start_interpolation: 0,interpolation_duration: 1}
$data merge entity $(barrel) {transformation: [-0.9962f,0.0876f,-0.0009f,0.0564f,0.0873f,0.992f,-0.0907f,-0.3816f,-0.007f,-0.0904f,-0.9959f,0.672f,0f,0f,0f,1f],start_interpolation: 0,interpolation_duration: 1}
$data merge entity $(magazine) {transformation: [-0.9962f,0.0876f,-0.0009f,-0.0573f,0.0873f,0.992f,-0.0907f,-0.4421f,-0.007f,-0.0904f,-0.9959f,0.4798f,0f,0f,0f,1f],start_interpolation: 0,interpolation_duration: 1}
$data merge entity $(grip) {transformation: [-0.9962f,0.0876f,-0.0009f,-0.0573f,0.0873f,0.992f,-0.0907f,-0.4421f,-0.007f,-0.0904f,-0.9959f,0.4798f,0f,0f,0f,1f],start_interpolation: 0,interpolation_duration: 1}
$data merge entity $(trigger) {transformation: [-0.9962f,0.0876f,-0.0009f,-0.0569f,0.0873f,0.992f,-0.0907f,-0.435f,-0.007f,-0.0904f,-0.9959f,0.5099f,0f,0f,0f,1f],start_interpolation: 0,interpolation_duration: 1}
$data merge entity $(trigger_gaurd) {transformation: [-0.9962f,0.0876f,-0.0009f,-0.0544f,0.0873f,0.992f,-0.0907f,-0.4034f,-0.007f,-0.0904f,-0.9959f,0.5396f,0f,0f,0f,1f],start_interpolation: 0,interpolation_duration: 1}
$data merge entity $(right_arm) {transformation: [-0.9962f,-0.0009f,-0.0876f,-0.0938f,0.0873f,-0.0907f,-0.992f,-0.4899f,-0.007f,-0.9959f,0.0904f,0.1548f,0f,0f,0f,1f],start_interpolation: 0,interpolation_duration: 1}
$data merge entity $(magazine1) {transformation: [0f,0f,0f,-0.114f,0f,0f,0f,-0.3748f,0f,0f,0f,0.4961f,0f,0f,0f,1f],start_interpolation: 0,interpolation_duration: 1}
$data merge entity $(left_arm) {transformation: [-0.8344f,0.402f,0.377f,0.0844f,-0.4279f,-0.0415f,-0.9029f,-0.495f,-0.3474f,-0.9147f,0.2066f,0.1678f,0f,0f,0f,1f],start_interpolation: 0,interpolation_duration: 1}
data modify entity @s data merge value {"cameras":{},"locators":{"barrel1":{"px":-0.07189698424185159,"py":-0.32940182027487447,"pz":0.8305382271444608,"ry":359.94618581578356,"rx":-5.204455205548347}}}