# This file was generated by Animated Java via MC-Build. It is not recommended to edit this file directly.
$data merge entity $(bone_muzzleflash) {transformation: [0f,0f,0f,-0.3281f,0f,0f,0f,-0.806f,0f,0f,0f,0.5317f,0f,0f,0f,1f],start_interpolation: 0,interpolation_duration: 1}
$data merge entity $(bone_slide) {transformation: [-0.9962f,0.0876f,-0.0009f,-0.1705f,0.0873f,0.9924f,-0.0873f,-0.3251f,-0.0067f,-0.087f,-0.9962f,0.6671f,0f,0f,0f,1f],start_interpolation: 0,interpolation_duration: 1}
$data merge entity $(bone_barrel) {transformation: [-0.9962f,0.0876f,-0.0009f,-0.0686f,0.0873f,0.9924f,-0.0873f,-0.4149f,-0.0067f,-0.087f,-0.9962f,0.6749f,0f,0f,0f,1f],start_interpolation: 0,interpolation_duration: 1}
$data merge entity $(bone_magazine) {transformation: [-0.9962f,0.0876f,-0.0009f,-0.1823f,0.0873f,0.9924f,-0.0873f,-0.4747f,-0.0067f,-0.087f,-0.9962f,0.4825f,0f,0f,0f,1f],start_interpolation: 0,interpolation_duration: 1}
$data merge entity $(bone_grip) {transformation: [-0.9962f,0.0876f,-0.0009f,-0.1823f,0.0873f,0.9924f,-0.0873f,-0.4747f,-0.0067f,-0.087f,-0.9962f,0.4825f,0f,0f,0f,1f],start_interpolation: 0,interpolation_duration: 1}
$data merge entity $(bone_trigger) {transformation: [-0.9962f,0.0876f,-0.0009f,-0.1819f,0.0873f,0.9924f,-0.0873f,-0.4677f,-0.0067f,-0.087f,-0.9962f,0.5126f,0f,0f,0f,1f],start_interpolation: 0,interpolation_duration: 1}
$data merge entity $(bone_trigger_gaurd) {transformation: [-0.9962f,0.0876f,-0.0009f,-0.1794f,0.0873f,0.9924f,-0.0873f,-0.4362f,-0.0067f,-0.087f,-0.9962f,0.5424f,0f,0f,0f,1f],start_interpolation: 0,interpolation_duration: 1}
$data merge entity $(bone_right_arm) {transformation: [-0.9962f,-0.0009f,-0.0876f,-0.2188f,0.0873f,-0.0873f,-0.9924f,-0.5214f,-0.0067f,-0.9962f,0.087f,0.1573f,0f,0f,0f,1f],start_interpolation: 0,interpolation_duration: 1}
$data merge entity $(bone_magazine1) {transformation: [0f,0f,0f,-0.239f,0f,0f,0f,-0.4074f,0f,0f,0f,0.499f,0f,0f,0f,1f],start_interpolation: 0,interpolation_duration: 1}
$data merge entity $(bone_left_arm) {transformation: [-0.8344f,0.402f,0.377f,-0.0406f,-0.4267f,-0.0383f,-0.9036f,-0.5266f,-0.3488f,-0.9148f,0.2035f,0.1703f,0f,0f,0f,1f],start_interpolation: 0,interpolation_duration: 1}
data modify entity @s data merge value {"cameras":{},"locators":{"barrel1":{"px":-0.1968969842418516,"py":-0.3632300052881519,"pz":0.8335674641262909,"ry":359.9462024843375,"rx":-5.005774268028133}}}