# This file was generated by Animated Java via MC-Build. It is not recommended to edit this file directly.
$data merge entity $(bone_muzzleflash) {transformation: [0f,0f,0f,-0.3281f,0f,0f,0f,-0.8098f,0f,0f,0f,0.5343f,0f,0f,0f,1f],start_interpolation: 0,interpolation_duration: 1}
$data merge entity $(bone_slide) {transformation: [-0.9962f,0.0876f,-0.0009f,-0.1705f,0.0874f,0.9932f,-0.0769f,-0.3303f,-0.0058f,-0.0767f,-0.997f,0.6747f,0f,0f,0f,1f],start_interpolation: 0,interpolation_duration: 1}
$data merge entity $(bone_barrel) {transformation: [-0.9962f,0.0876f,-0.0009f,-0.0686f,0.0874f,0.9932f,-0.0769f,-0.4202f,-0.0058f,-0.0767f,-0.997f,0.6815f,0f,0f,0f,1f],start_interpolation: 0,interpolation_duration: 1}
$data merge entity $(bone_magazine) {transformation: [-0.9962f,0.0876f,-0.0009f,-0.1823f,0.0874f,0.9932f,-0.0769f,-0.478f,-0.0058f,-0.0767f,-0.997f,0.4886f,0f,0f,0f,1f],start_interpolation: 0,interpolation_duration: 1}
$data merge entity $(bone_grip) {transformation: [-0.9962f,0.0876f,-0.0009f,-0.1823f,0.0874f,0.9932f,-0.0769f,-0.478f,-0.0058f,-0.0767f,-0.997f,0.4886f,0f,0f,0f,1f],start_interpolation: 0,interpolation_duration: 1}
$data merge entity $(bone_trigger) {transformation: [-0.9962f,0.0876f,-0.0009f,-0.1819f,0.0874f,0.9932f,-0.0769f,-0.4713f,-0.0058f,-0.0767f,-0.997f,0.5188f,0f,0f,0f,1f],start_interpolation: 0,interpolation_duration: 1}
$data merge entity $(bone_trigger_gaurd) {transformation: [-0.9962f,0.0876f,-0.0009f,-0.1794f,0.0874f,0.9932f,-0.0769f,-0.4401f,-0.0058f,-0.0767f,-0.997f,0.5489f,0f,0f,0f,1f],start_interpolation: 0,interpolation_duration: 1}
$data merge entity $(bone_right_arm) {transformation: [-0.9962f,-0.0009f,-0.0876f,-0.2188f,0.0874f,-0.0769f,-0.9932f,-0.5213f,-0.0058f,-0.997f,0.0767f,0.1629f,0f,0f,0f,1f],start_interpolation: 0,interpolation_duration: 1}
$data merge entity $(bone_magazine1) {transformation: [0f,0f,0f,-0.239f,0f,0f,0f,-0.4109f,0f,0f,0f,0.5058f,0f,0f,0f,1f],start_interpolation: 0,interpolation_duration: 1}
$data merge entity $(bone_left_arm) {transformation: [-0.8344f,0.402f,0.377f,-0.0406f,-0.423f,-0.0288f,-0.9057f,-0.5266f,-0.3533f,-0.9152f,0.1941f,0.1758f,0f,0f,0f,1f],start_interpolation: 0,interpolation_duration: 1}
data modify entity @s data merge value {"cameras":{},"locators":{"barrel1":{"px":-0.1968969842418516,"py":-0.3701791894414036,"pz":0.8407807608684246,"ry":359.94624840191466,"rx":-4.411818439796516}}}