# This file was generated by Animated Java via MC-Build. It is not recommended to edit this file directly.
$data merge entity $(muzzleflash) {transformation: [0f,0f,0f,-0.2031f,0f,0f,0f,-0.7807f,0f,0f,0f,0.5354f,0f,0f,0f,1f],start_interpolation: 0,interpolation_duration: 1}
$data merge entity $(slide) {transformation: [-0.9962f,0.0876f,-0.0009f,-0.0455f,0.0874f,0.9937f,-0.0702f,-0.3022f,-0.0052f,-0.07f,-0.9975f,0.6791f,0f,0f,0f,1f],start_interpolation: 0,interpolation_duration: 1}
$data merge entity $(barrel) {transformation: [-0.9962f,0.0876f,-0.0009f,0.0564f,0.0874f,0.9937f,-0.0702f,-0.3922f,-0.0052f,-0.07f,-0.9975f,0.6853f,0f,0f,0f,1f],start_interpolation: 0,interpolation_duration: 1}
$data merge entity $(magazine) {transformation: [-0.9962f,0.0876f,-0.0009f,-0.0573f,0.0874f,0.9937f,-0.0702f,-0.4487f,-0.0052f,-0.07f,-0.9975f,0.4919f,0f,0f,0f,1f],start_interpolation: 0,interpolation_duration: 1}
$data merge entity $(grip) {transformation: [-0.9962f,0.0876f,-0.0009f,-0.0573f,0.0874f,0.9937f,-0.0702f,-0.4487f,-0.0052f,-0.07f,-0.9975f,0.4919f,0f,0f,0f,1f],start_interpolation: 0,interpolation_duration: 1}
$data merge entity $(trigger) {transformation: [-0.9962f,0.0876f,-0.0009f,-0.0569f,0.0874f,0.9937f,-0.0702f,-0.4422f,-0.0052f,-0.07f,-0.9975f,0.5222f,0f,0f,0f,1f],start_interpolation: 0,interpolation_duration: 1}
$data merge entity $(trigger_gaurd) {transformation: [-0.9962f,0.0876f,-0.0009f,-0.0544f,0.0874f,0.9937f,-0.0702f,-0.4112f,-0.0052f,-0.07f,-0.9975f,0.5525f,0f,0f,0f,1f],start_interpolation: 0,interpolation_duration: 1}
$data merge entity $(right_arm) {transformation: [-0.9962f,-0.0009f,-0.0876f,-0.0938f,0.0874f,-0.0702f,-0.9937f,-0.4898f,-0.0052f,-0.9975f,0.07f,0.166f,0f,0f,0f,1f],start_interpolation: 0,interpolation_duration: 1}
$data merge entity $(magazine1) {transformation: [0f,0f,0f,-0.114f,0f,0f,0f,-0.3817f,0f,0f,0f,0.5096f,0f,0f,0f,1f],start_interpolation: 0,interpolation_duration: 1}
$data merge entity $(left_arm) {transformation: [-0.8344f,0.402f,0.377f,0.0844f,-0.4207f,-0.0226f,-0.9069f,-0.4952f,-0.3561f,-0.9153f,0.188f,0.1789f,0f,0f,0f,1f],start_interpolation: 0,interpolation_duration: 1}
data modify entity @s data merge value {"cameras":{},"locators":{"barrel1":{"px":-0.07189698424185159,"py":-0.34321472157811667,"pz":0.8448773757512181,"ry":359.94627505860285,"rx":-4.026561075227995}}}