# This file was generated by Animated Java via MC-Build. It is not recommended to edit this file directly.
$data merge entity $(bone_muzzleflash) {transformation: [0f,0f,0f,-0.2031f,0f,0f,0f,-0.6922f,0f,0f,0f,0.4f,0f,0f,0f,1f],start_interpolation: 0,interpolation_duration: 1}
$data merge entity $(bone_slide) {transformation: [-0.9915f,0.1304f,-0.0012f,-0.0254f,0.1304f,0.9914f,-0.0065f,-0.231f,0.0004f,-0.0066f,-1f,0.5737f,0f,0f,0f,1f],start_interpolation: 0,interpolation_duration: 1}
$data merge entity $(bone_barrel) {transformation: [-0.9915f,0.1304f,-0.0012f,0.0724f,0.1304f,0.9914f,-0.0065f,-0.3255f,0.0004f,-0.0066f,-1f,0.5742f,0f,0f,0f,1f],start_interpolation: 0,interpolation_duration: 1}
$data merge entity $(bone_magazine) {transformation: [-0.9915f,0.1304f,-0.0012f,-0.0431f,0.1304f,0.9914f,-0.0065f,-0.3646f,0.0004f,-0.0066f,-1f,0.3777f,0f,0f,0f,1f],start_interpolation: 0,interpolation_duration: 1}
$data merge entity $(bone_grip) {transformation: [-0.9915f,0.1304f,-0.0012f,-0.0431f,0.1304f,0.9914f,-0.0065f,-0.3646f,0.0004f,-0.0066f,-1f,0.3777f,0f,0f,0f,1f],start_interpolation: 0,interpolation_duration: 1}
$data merge entity $(bone_trigger) {transformation: [-0.9915f,0.1304f,-0.0012f,-0.0425f,0.1304f,0.9914f,-0.0065f,-0.3601f,0.0004f,-0.0066f,-1f,0.4083f,0f,0f,0f,1f],start_interpolation: 0,interpolation_duration: 1}
$data merge entity $(bone_trigger_gaurd) {transformation: [-0.9915f,0.1304f,-0.0012f,-0.0387f,0.1304f,0.9914f,-0.0065f,-0.3312f,0.0004f,-0.0066f,-1f,0.4405f,0f,0f,0f,1f],start_interpolation: 0,interpolation_duration: 1}
$data merge entity $(bone_right_arm) {transformation: [-0.9915f,-0.0012f,-0.1304f,-0.0803f,0.1304f,-0.0065f,-0.9914f,-0.3833f,0.0004f,-1f,0.0066f,0.0498f,0f,0f,0f,1f],start_interpolation: 0,interpolation_duration: 1}
$data merge entity $(bone_magazine1) {transformation: [0f,0f,0f,-0.0968f,0f,0f,0f,-0.2965f,0f,0f,0f,0.3996f,0f,0f,0f,1f],start_interpolation: 0,interpolation_duration: 1}
$data merge entity $(bone_left_arm) {transformation: [-0.8507f,0.4032f,0.3371f,0.0974f,-0.3608f,0.0183f,-0.9325f,-0.3972f,-0.3821f,-0.9149f,0.1299f,0.0623f,0f,0f,0f,1f],start_interpolation: 0,interpolation_duration: 1}
data modify entity @s data merge value {"cameras":{},"locators":{"barrel1":{"px":-0.05405858158003732,"py":-0.2812890753474306,"pz":0.7366162152959148,"ry":359.93019068427657,"rx":-0.3749226321450245}}}