# This file was generated by Animated Java via MC-Build. It is not recommended to edit this file directly.
$data merge entity $(bone_muzzleflash) {transformation: [0f,0f,0f,-0.2031f,0f,0f,0f,-0.797f,0f,0f,0f,0.5399f,0f,0f,0f,1f],start_interpolation: 0,interpolation_duration: 1}
$data merge entity $(bone_slide) {transformation: [-0.9962f,0.0876f,-0.0009f,-0.0455f,0.0876f,0.9961f,-0.0139f,-0.3273f,-0.0003f,-0.0139f,-0.9999f,0.7103f,0f,0f,0f,1f],start_interpolation: 0,interpolation_duration: 1}
$data merge entity $(bone_barrel) {transformation: [-0.9962f,0.0876f,-0.0009f,0.0564f,0.0876f,0.9961f,-0.0139f,-0.4175f,-0.0003f,-0.0139f,-0.9999f,0.7114f,0f,0f,0f,1f],start_interpolation: 0,interpolation_duration: 1}
$data merge entity $(bone_magazine) {transformation: [-0.9962f,0.0876f,-0.0009f,-0.0573f,0.0876f,0.9961f,-0.0139f,-0.463f,-0.0003f,-0.0139f,-0.9999f,0.5152f,0f,0f,0f,1f],start_interpolation: 0,interpolation_duration: 1}
$data merge entity $(bone_grip) {transformation: [-0.9962f,0.0876f,-0.0009f,-0.0573f,0.0876f,0.9961f,-0.0139f,-0.463f,-0.0003f,-0.0139f,-0.9999f,0.5152f,0f,0f,0f,1f],start_interpolation: 0,interpolation_duration: 1}
$data merge entity $(bone_trigger) {transformation: [-0.9962f,0.0876f,-0.0009f,-0.0569f,0.0876f,0.9961f,-0.0139f,-0.4582f,-0.0003f,-0.0139f,-0.9999f,0.5458f,0f,0f,0f,1f],start_interpolation: 0,interpolation_duration: 1}
$data merge entity $(bone_trigger_gaurd) {transformation: [-0.9962f,0.0876f,-0.0009f,-0.0544f,0.0876f,0.9961f,-0.0139f,-0.429f,-0.0003f,-0.0139f,-0.9999f,0.5778f,0f,0f,0f,1f],start_interpolation: 0,interpolation_duration: 1}
$data merge entity $(bone_right_arm) {transformation: [-0.9962f,-0.0009f,-0.0876f,-0.0938f,0.0876f,-0.0139f,-0.9961f,-0.4856f,-0.0003f,-0.9999f,0.0139f,0.1875f,0f,0f,0f,1f],start_interpolation: 0,interpolation_duration: 1}
$data merge entity $(bone_magazine1) {transformation: [0f,0f,0f,-0.114f,0f,0f,0f,-0.3971f,0f,0f,0f,0.5366f,0f,0f,0f,1f],start_interpolation: 0,interpolation_duration: 1}
$data merge entity $(bone_left_arm) {transformation: [-0.8344f,0.402f,0.377f,0.0844f,-0.3999f,0.029f,-0.9161f,-0.4918f,-0.3792f,-0.9152f,0.1366f,0.2f,0f,0f,0f,1f],start_interpolation: 0,interpolation_duration: 1}
data modify entity @s data merge value {"cameras":{},"locators":{"barrel1":{"px":-0.07189698424185159,"py":-0.37760274789296083,"pz":0.8735273407308682,"ry":359.946402518079,"rx":-0.7946566567017503}}}