# This file was generated by Animated Java via MC-Build. It is not recommended to edit this file directly.
$data merge entity $(bone_muzzleflash) {transformation: [0f,0f,0f,-0.3281f,0f,0f,0f,-0.8372f,0f,0f,0f,0.5406f,0f,0f,0f,1f],start_interpolation: 0,interpolation_duration: 1}
$data merge entity $(bone_slide) {transformation: [-0.9962f,0.0876f,-0.0009f,-0.1705f,0.0875f,0.9959f,0.0207f,-0.3737f,0.0027f,0.0206f,-0.9998f,0.7271f,0f,0f,0f,1f],start_interpolation: 0,interpolation_duration: 1}
$data merge entity $(bone_barrel) {transformation: [-0.9962f,0.0876f,-0.0009f,-0.0686f,0.0875f,0.9959f,0.0207f,-0.4639f,0.0027f,0.0206f,-0.9998f,0.7252f,0f,0f,0f,1f],start_interpolation: 0,interpolation_duration: 1}
$data merge entity $(bone_magazine) {transformation: [-0.9962f,0.0876f,-0.0009f,-0.1823f,0.0875f,0.9959f,0.0207f,-0.5025f,0.0027f,0.0206f,-0.9998f,0.5275f,0f,0f,0f,1f],start_interpolation: 0,interpolation_duration: 1}
$data merge entity $(bone_grip) {transformation: [-0.9962f,0.0876f,-0.0009f,-0.1823f,0.0875f,0.9959f,0.0207f,-0.5025f,0.0027f,0.0206f,-0.9998f,0.5275f,0f,0f,0f,1f],start_interpolation: 0,interpolation_duration: 1}
$data merge entity $(bone_trigger) {transformation: [-0.9962f,0.0876f,-0.0009f,-0.1819f,0.0875f,0.9959f,0.0207f,-0.4988f,0.0027f,0.0206f,-0.9998f,0.5582f,0f,0f,0f,1f],start_interpolation: 0,interpolation_duration: 1}
$data merge entity $(bone_trigger_gaurd) {transformation: [-0.9962f,0.0876f,-0.0009f,-0.1794f,0.0875f,0.9959f,0.0207f,-0.4707f,0.0027f,0.0206f,-0.9998f,0.5912f,0f,0f,0f,1f],start_interpolation: 0,interpolation_duration: 1}
$data merge entity $(bone_right_arm) {transformation: [-0.9962f,-0.0009f,-0.0876f,-0.2188f,0.0875f,0.0207f,-0.9959f,-0.5139f,0.0027f,-0.9998f,-0.0206f,0.1991f,0f,0f,0f,1f],start_interpolation: 0,interpolation_duration: 1}
$data merge entity $(bone_magazine1) {transformation: [0f,0f,0f,-0.239f,0f,0f,0f,-0.4375f,0f,0f,0f,0.5511f,0f,0f,0f,1f],start_interpolation: 0,interpolation_duration: 1}
$data merge entity $(bone_left_arm) {transformation: [-0.8344f,0.402f,0.377f,-0.0406f,-0.3866f,0.0606f,-0.9203f,-0.5204f,-0.3928f,-0.9136f,0.1048f,0.2115f,0f,0f,0f,1f],start_interpolation: 0,interpolation_duration: 1}
data modify entity @s data merge value {"cameras":{},"locators":{"barrel1":{"px":-0.1968969842418516,"py":-0.4296117048760092,"pz":0.8885220071847852,"ry":359.9463961592275,"rx":1.187561359122184}}}