# This file was generated by Animated Java via MC-Build. It is not recommended to edit this file directly.
$data merge entity $(bone_muzzleflash) {transformation: [0f,0f,0f,-0.3281f,0f,0f,0f,-0.8512f,0f,0f,0f,0.5395f,0f,0f,0f,1f],start_interpolation: 0,interpolation_duration: 1}
$data merge entity $(bone_slide) {transformation: [-0.9962f,0.0876f,-0.0009f,-0.1705f,0.0872f,0.993f,0.0796f,-0.3995f,0.0079f,0.0792f,-0.9968f,0.753f,0f,0f,0f,1f],start_interpolation: 0,interpolation_duration: 1}
$data merge entity $(bone_barrel) {transformation: [-0.9962f,0.0876f,-0.0009f,-0.0686f,0.0872f,0.993f,0.0796f,-0.4894f,0.0079f,0.0792f,-0.9968f,0.7457f,0f,0f,0f,1f],start_interpolation: 0,interpolation_duration: 1}
$data merge entity $(bone_magazine) {transformation: [-0.9962f,0.0876f,-0.0009f,-0.1823f,0.0872f,0.993f,0.0796f,-0.5164f,0.0079f,0.0792f,-0.9968f,0.5461f,0f,0f,0f,1f],start_interpolation: 0,interpolation_duration: 1}
$data merge entity $(bone_grip) {transformation: [-0.9962f,0.0876f,-0.0009f,-0.1823f,0.0872f,0.993f,0.0796f,-0.5164f,0.0079f,0.0792f,-0.9968f,0.5461f,0f,0f,0f,1f],start_interpolation: 0,interpolation_duration: 1}
$data merge entity $(bone_trigger) {transformation: [-0.9962f,0.0876f,-0.0009f,-0.1819f,0.0872f,0.993f,0.0796f,-0.5145f,0.0079f,0.0792f,-0.9968f,0.5769f,0f,0f,0f,1f],start_interpolation: 0,interpolation_duration: 1}
$data merge entity $(bone_trigger_gaurd) {transformation: [-0.9962f,0.0876f,-0.0009f,-0.1794f,0.0872f,0.993f,0.0796f,-0.4884f,0.0079f,0.0792f,-0.9968f,0.6116f,0f,0f,0f,1f],start_interpolation: 0,interpolation_duration: 1}
$data merge entity $(bone_right_arm) {transformation: [-0.9962f,-0.0009f,-0.0876f,-0.2188f,0.0872f,0.0796f,-0.993f,-0.5083f,0.0079f,-0.9968f,-0.0792f,0.2176f,0f,0f,0f,1f],start_interpolation: 0,interpolation_duration: 1}
$data merge entity $(bone_magazine1) {transformation: [0f,0f,0f,-0.239f,0f,0f,0f,-0.4528f,0f,0f,0f,0.5735f,0f,0f,0f,1f],start_interpolation: 0,interpolation_duration: 1}
$data merge entity $(bone_left_arm) {transformation: [-0.8344f,0.402f,0.377f,-0.0406f,-0.3627f,0.1144f,-0.9248f,-0.5156f,-0.4149f,-0.9085f,0.0504f,0.2296f,0f,0f,0f,1f],start_interpolation: 0,interpolation_duration: 1}
data modify entity @s data merge value {"cameras":{},"locators":{"barrel1":{"px":-0.1968969842418516,"py":-0.46483413005338375,"pz":0.91079088167049,"ry":359.9462370159383,"rx":4.566389495381232}}}