# This file was generated by Animated Java via MC-Build. It is not recommended to edit this file directly.
$data merge entity $(bone_muzzleflash) {transformation: [0f,0f,0f,-0.2031f,0f,0f,0f,-0.9809f,0f,0f,0f,0.5382f,0f,0f,0f,1f],start_interpolation: 0,interpolation_duration: 1}
$data merge entity $(bone_slide) {transformation: [-0.9962f,0.0876f,-0.0009f,-0.0455f,0.087f,0.991f,0.1015f,-0.534f,0.0098f,0.1011f,-0.9948f,0.7616f,0f,0f,0f,1f],start_interpolation: 0,interpolation_duration: 1}
$data merge entity $(bone_barrel) {transformation: [-0.9962f,0.0876f,-0.0009f,0.0564f,0.087f,0.991f,0.1015f,-0.6238f,0.0098f,0.1011f,-0.9948f,0.7523f,0f,0f,0f,1f],start_interpolation: 0,interpolation_duration: 1}
$data merge entity $(bone_magazine) {transformation: [-0.9962f,0.0876f,-0.0009f,-0.0573f,0.087f,0.991f,0.1015f,-0.6463f,0.0098f,0.1011f,-0.9948f,0.5522f,0f,0f,0f,1f],start_interpolation: 0,interpolation_duration: 1}
$data merge entity $(bone_grip) {transformation: [-0.9962f,0.0876f,-0.0009f,-0.0573f,0.087f,0.991f,0.1015f,-0.6463f,0.0098f,0.1011f,-0.9948f,0.5522f,0f,0f,0f,1f],start_interpolation: 0,interpolation_duration: 1}
$data merge entity $(bone_trigger) {transformation: [-0.9962f,0.0876f,-0.0009f,-0.0569f,0.087f,0.991f,0.1015f,-0.6451f,0.0098f,0.1011f,-0.9948f,0.5831f,0f,0f,0f,1f],start_interpolation: 0,interpolation_duration: 1}
$data merge entity $(bone_trigger_gaurd) {transformation: [-0.9962f,0.0876f,-0.0009f,-0.0544f,0.087f,0.991f,0.1015f,-0.6198f,0.0098f,0.1011f,-0.9948f,0.6183f,0f,0f,0f,1f],start_interpolation: 0,interpolation_duration: 1}
$data merge entity $(bone_right_arm) {transformation: [-0.9962f,-0.0009f,-0.0876f,-0.0938f,0.087f,0.1015f,-0.991f,-0.631f,0.0098f,-0.9948f,-0.1011f,0.224f,0f,0f,0f,1f],start_interpolation: 0,interpolation_duration: 1}
$data merge entity $(bone_magazine1) {transformation: [0f,0f,0f,-0.114f,0f,0f,0f,-0.5834f,0f,0f,0f,0.581f,0f,0f,0f,1f],start_interpolation: 0,interpolation_duration: 1}
$data merge entity $(bone_left_arm) {transformation: [-0.8344f,0.402f,0.377f,0.0844f,-0.3535f,0.1343f,-0.9257f,-0.6386f,-0.4228f,-0.9057f,0.03f,0.2358f,0f,0f,0f,1f],start_interpolation: 0,interpolation_duration: 1}
data modify entity @s data merge value {"cameras":{},"locators":{"barrel1":{"px":-0.07189698424185159,"py":-0.6028261861255138,"pz":0.9179406447229586,"ry":359.94612928869867,"rx":5.827345613367589}}}