# This file was generated by Animated Java via MC-Build. It is not recommended to edit this file directly.
$data merge entity $(bone_muzzleflash) {transformation: [0f,0f,0f,-0.3281f,0f,0f,0f,-0.8559f,0f,0f,0f,0.5382f,0f,0f,0f,1f],start_interpolation: 0,interpolation_duration: 1}
$data merge entity $(bone_slide) {transformation: [-0.9962f,0.0876f,-0.0009f,-0.1705f,0.087f,0.991f,0.1015f,-0.409f,0.0098f,0.1011f,-0.9948f,0.7616f,0f,0f,0f,1f],start_interpolation: 0,interpolation_duration: 1}
$data merge entity $(bone_barrel) {transformation: [-0.9962f,0.0876f,-0.0009f,-0.0686f,0.087f,0.991f,0.1015f,-0.4988f,0.0098f,0.1011f,-0.9948f,0.7523f,0f,0f,0f,1f],start_interpolation: 0,interpolation_duration: 1}
$data merge entity $(bone_magazine) {transformation: [-0.9962f,0.0876f,-0.0009f,-0.1823f,0.087f,0.991f,0.1015f,-0.5213f,0.0098f,0.1011f,-0.9948f,0.5522f,0f,0f,0f,1f],start_interpolation: 0,interpolation_duration: 1}
$data merge entity $(bone_grip) {transformation: [-0.9962f,0.0876f,-0.0009f,-0.1823f,0.087f,0.991f,0.1015f,-0.5213f,0.0098f,0.1011f,-0.9948f,0.5522f,0f,0f,0f,1f],start_interpolation: 0,interpolation_duration: 1}
$data merge entity $(bone_trigger) {transformation: [-0.9962f,0.0876f,-0.0009f,-0.1819f,0.087f,0.991f,0.1015f,-0.5201f,0.0098f,0.1011f,-0.9948f,0.5831f,0f,0f,0f,1f],start_interpolation: 0,interpolation_duration: 1}
$data merge entity $(bone_trigger_gaurd) {transformation: [-0.9962f,0.0876f,-0.0009f,-0.1794f,0.087f,0.991f,0.1015f,-0.4948f,0.0098f,0.1011f,-0.9948f,0.6183f,0f,0f,0f,1f],start_interpolation: 0,interpolation_duration: 1}
$data merge entity $(bone_right_arm) {transformation: [-0.9962f,-0.0009f,-0.0876f,-0.2188f,0.087f,0.1015f,-0.991f,-0.506f,0.0098f,-0.9948f,-0.1011f,0.224f,0f,0f,0f,1f],start_interpolation: 0,interpolation_duration: 1}
$data merge entity $(bone_magazine1) {transformation: [0f,0f,0f,-0.239f,0f,0f,0f,-0.4584f,0f,0f,0f,0.581f,0f,0f,0f,1f],start_interpolation: 0,interpolation_duration: 1}
$data merge entity $(bone_left_arm) {transformation: [-0.8344f,0.402f,0.377f,-0.0406f,-0.3535f,0.1343f,-0.9257f,-0.5136f,-0.4228f,-0.9057f,0.03f,0.2358f,0f,0f,0f,1f],start_interpolation: 0,interpolation_duration: 1}
data modify entity @s data merge value {"cameras":{},"locators":{"barrel1":{"px":-0.1968969842418516,"py":-0.47782618612551375,"pz":0.9179406447229586,"ry":359.94612928869867,"rx":5.827345613367589}}}