# This file was generated by Animated Java via MC-Build. It is not recommended to edit this file directly.
$data merge entity $(muzzleflash) {transformation: [0f,0f,0f,-0.2031f,0f,0f,0f,-0.8286f,0f,0f,0f,0.5365f,0f,0f,0f,1f],start_interpolation: 0,interpolation_duration: 1}
$data merge entity $(slide) {transformation: [-0.9962f,0.0876f,-0.0009f,-0.0455f,0.0868f,0.9888f,0.1215f,-0.3863f,0.0116f,0.1209f,-0.9926f,0.7688f,0f,0f,0f,1f],start_interpolation: 0,interpolation_duration: 1}
$data merge entity $(barrel) {transformation: [-0.9962f,0.0876f,-0.0009f,0.0564f,0.0868f,0.9888f,0.1215f,-0.4758f,0.0116f,0.1209f,-0.9926f,0.7577f,0f,0f,0f,1f],start_interpolation: 0,interpolation_duration: 1}
$data merge entity $(magazine) {transformation: [-0.9962f,0.0876f,-0.0009f,-0.0573f,0.0868f,0.9888f,0.1215f,-0.4944f,0.0116f,0.1209f,-0.9926f,0.5571f,0f,0f,0f,1f],start_interpolation: 0,interpolation_duration: 1}
$data merge entity $(grip) {transformation: [-0.9962f,0.0876f,-0.0009f,-0.0573f,0.0868f,0.9888f,0.1215f,-0.4944f,0.0116f,0.1209f,-0.9926f,0.5571f,0f,0f,0f,1f],start_interpolation: 0,interpolation_duration: 1}
$data merge entity $(trigger) {transformation: [-0.9962f,0.0876f,-0.0009f,-0.0569f,0.0868f,0.9888f,0.1215f,-0.4938f,0.0116f,0.1209f,-0.9926f,0.5881f,0f,0f,0f,1f],start_interpolation: 0,interpolation_duration: 1}
$data merge entity $(trigger_gaurd) {transformation: [-0.9962f,0.0876f,-0.0009f,-0.0544f,0.0868f,0.9888f,0.1215f,-0.4691f,0.0116f,0.1209f,-0.9926f,0.6238f,0f,0f,0f,1f],start_interpolation: 0,interpolation_duration: 1}
$data merge entity $(right_arm) {transformation: [-0.9962f,-0.0009f,-0.0876f,-0.0938f,0.0868f,0.1215f,-0.9888f,-0.4725f,0.0116f,-0.9926f,-0.1209f,0.2294f,0f,0f,0f,1f],start_interpolation: 0,interpolation_duration: 1}
$data merge entity $(magazine1) {transformation: [0f,0f,0f,-0.114f,0f,0f,0f,-0.432f,0f,0f,0f,0.5873f,0f,0f,0f,1f],start_interpolation: 0,interpolation_duration: 1}
$data merge entity $(left_arm) {transformation: [-0.8344f,0.402f,0.377f,0.0844f,-0.345f,0.1525f,-0.9261f,-0.4803f,-0.4298f,-0.9028f,0.0115f,0.241f,0f,0f,0f,1f],start_interpolation: 0,interpolation_duration: 1}
data modify entity @s data merge value {"cameras":{},"locators":{"barrel1":{"px":-0.07189698424185159,"py":-0.45821199174458765,"pz":0.9237249233408472,"ry":359.94600792536596,"rx":6.976439352616398}}}