# This file was generated by Animated Java via MC-Build. It is not recommended to edit this file directly.
$data merge entity $(bone_muzzleflash) {transformation: [0f,0f,0f,-0.2031f,0f,0f,0f,-0.8316f,0f,0f,0f,0.5343f,0f,0f,0f,1f],start_interpolation: 0,interpolation_duration: 1}
$data merge entity $(bone_slide) {transformation: [-0.9962f,0.0876f,-0.0009f,-0.0455f,0.0866f,0.9865f,0.1387f,-0.3934f,0.0131f,0.1381f,-0.9903f,0.7743f,0f,0f,0f,1f],start_interpolation: 0,interpolation_duration: 1}
$data merge entity $(bone_barrel) {transformation: [-0.9962f,0.0876f,-0.0009f,0.0564f,0.0866f,0.9865f,0.1387f,-0.4827f,0.0131f,0.1381f,-0.9903f,0.7617f,0f,0f,0f,1f],start_interpolation: 0,interpolation_duration: 1}
$data merge entity $(bone_magazine) {transformation: [-0.9962f,0.0876f,-0.0009f,-0.0573f,0.0866f,0.9865f,0.1387f,-0.4977f,0.0131f,0.1381f,-0.9903f,0.5608f,0f,0f,0f,1f],start_interpolation: 0,interpolation_duration: 1}
$data merge entity $(bone_grip) {transformation: [-0.9962f,0.0876f,-0.0009f,-0.0573f,0.0866f,0.9865f,0.1387f,-0.4977f,0.0131f,0.1381f,-0.9903f,0.5608f,0f,0f,0f,1f],start_interpolation: 0,interpolation_duration: 1}
$data merge entity $(bone_trigger) {transformation: [-0.9962f,0.0876f,-0.0009f,-0.0569f,0.0866f,0.9865f,0.1387f,-0.4977f,0.0131f,0.1381f,-0.9903f,0.5917f,0f,0f,0f,1f],start_interpolation: 0,interpolation_duration: 1}
$data merge entity $(bone_trigger_gaurd) {transformation: [-0.9962f,0.0876f,-0.0009f,-0.0544f,0.0866f,0.9865f,0.1387f,-0.4737f,0.0131f,0.1381f,-0.9903f,0.6278f,0f,0f,0f,1f],start_interpolation: 0,interpolation_duration: 1}
$data merge entity $(bone_right_arm) {transformation: [-0.9962f,-0.0009f,-0.0876f,-0.0938f,0.0866f,0.1387f,-0.9865f,-0.4702f,0.0131f,-0.9903f,-0.1381f,0.2334f,0f,0f,0f,1f],start_interpolation: 0,interpolation_duration: 1}
$data merge entity $(bone_magazine1) {transformation: [0f,0f,0f,-0.114f,0f,0f,0f,-0.4359f,0f,0f,0f,0.592f,0f,0f,0f,1f],start_interpolation: 0,interpolation_duration: 1}
$data merge entity $(bone_left_arm) {transformation: [-0.8344f,0.402f,0.377f,0.0844f,-0.3374f,0.1682f,-0.9262f,-0.4782f,-0.4358f,-0.9f,-0.0047f,0.2449f,0f,0f,0f,1f],start_interpolation: 0,interpolation_duration: 1}
data modify entity @s data merge value {"cameras":{},"locators":{"barrel1":{"px":-0.07189698424185159,"py":-0.46798124393695184,"pz":0.9279315022332678,"ry":359.9458844888667,"rx":7.973600608526059}}}