# This file was generated by Animated Java via MC-Build. It is not recommended to edit this file directly.
$data merge entity $(bone_muzzleflash) {transformation: [0f,0f,0f,-0.2031f,0f,0f,0f,-0.9889f,0f,0f,0f,0.533f,0f,0f,0f,1f],start_interpolation: 0,interpolation_duration: 1}
$data merge entity $(bone_slide) {transformation: [-0.9962f,0.0876f,-0.0009f,-0.0455f,0.0865f,0.9855f,0.1461f,-0.5525f,0.0137f,0.1455f,-0.9893f,0.7763f,0f,0f,0f,1f],start_interpolation: 0,interpolation_duration: 1}
$data merge entity $(bone_barrel) {transformation: [-0.9962f,0.0876f,-0.0009f,0.0564f,0.0865f,0.9855f,0.1461f,-0.6417f,0.0137f,0.1455f,-0.9893f,0.763f,0f,0f,0f,1f],start_interpolation: 0,interpolation_duration: 1}
$data merge entity $(bone_magazine) {transformation: [-0.9962f,0.0876f,-0.0009f,-0.0573f,0.0865f,0.9855f,0.1461f,-0.6553f,0.0137f,0.1455f,-0.9893f,0.562f,0f,0f,0f,1f],start_interpolation: 0,interpolation_duration: 1}
$data merge entity $(bone_grip) {transformation: [-0.9962f,0.0876f,-0.0009f,-0.0573f,0.0865f,0.9855f,0.1461f,-0.6553f,0.0137f,0.1455f,-0.9893f,0.562f,0f,0f,0f,1f],start_interpolation: 0,interpolation_duration: 1}
$data merge entity $(bone_trigger) {transformation: [-0.9962f,0.0876f,-0.0009f,-0.0569f,0.0865f,0.9855f,0.1461f,-0.6554f,0.0137f,0.1455f,-0.9893f,0.5929f,0f,0f,0f,1f],start_interpolation: 0,interpolation_duration: 1}
$data merge entity $(bone_trigger_gaurd) {transformation: [-0.9962f,0.0876f,-0.0009f,-0.0544f,0.0865f,0.9855f,0.1461f,-0.6317f,0.0137f,0.1455f,-0.9893f,0.6292f,0f,0f,0f,1f],start_interpolation: 0,interpolation_duration: 1}
$data merge entity $(bone_right_arm) {transformation: [-0.9962f,-0.0009f,-0.0876f,-0.0938f,0.0865f,0.1461f,-0.9855f,-0.6253f,0.0137f,-0.9893f,-0.1455f,0.2349f,0f,0f,0f,1f],start_interpolation: 0,interpolation_duration: 1}
$data merge entity $(bone_magazine1) {transformation: [0f,0f,0f,-0.114f,0f,0f,0f,-0.5937f,0f,0f,0f,0.5937f,0f,0f,0f,1f],start_interpolation: 0,interpolation_duration: 1}
$data merge entity $(bone_left_arm) {transformation: [-0.8344f,0.402f,0.377f,0.0844f,-0.3342f,0.1749f,-0.9261f,-0.6333f,-0.4383f,-0.8988f,-0.0116f,0.2463f,0f,0f,0f,1f],start_interpolation: 0,interpolation_duration: 1}
data modify entity @s data merge value {"cameras":{},"locators":{"barrel1":{"px":-0.07189698424185159,"py":-0.6282536737061751,"pz":0.9293808658109485,"ry":359.94582614284866,"rx":8.402684647672354}}}