# This file was generated by Animated Java via MC-Build. It is not recommended to edit this file directly.
$data merge entity $(bone_muzzleflash) {transformation: [0f,0f,0f,-0.3281f,0f,0f,0f,-0.8647f,0f,0f,0f,0.5317f,0f,0f,0f,1f],start_interpolation: 0,interpolation_duration: 1}
$data merge entity $(bone_slide) {transformation: [-0.9962f,0.0876f,-0.0009f,-0.1705f,0.0864f,0.9845f,0.1526f,-0.4299f,0.0143f,0.152f,-0.9883f,0.7778f,0f,0f,0f,1f],start_interpolation: 0,interpolation_duration: 1}
$data merge entity $(bone_barrel) {transformation: [-0.9962f,0.0876f,-0.0009f,-0.0686f,0.0864f,0.9845f,0.1526f,-0.519f,0.0143f,0.152f,-0.9883f,0.7639f,0f,0f,0f,1f],start_interpolation: 0,interpolation_duration: 1}
$data merge entity $(bone_magazine) {transformation: [-0.9962f,0.0876f,-0.0009f,-0.1823f,0.0864f,0.9845f,0.1526f,-0.5312f,0.0143f,0.152f,-0.9883f,0.5628f,0f,0f,0f,1f],start_interpolation: 0,interpolation_duration: 1}
$data merge entity $(bone_grip) {transformation: [-0.9962f,0.0876f,-0.0009f,-0.1823f,0.0864f,0.9845f,0.1526f,-0.5312f,0.0143f,0.152f,-0.9883f,0.5628f,0f,0f,0f,1f],start_interpolation: 0,interpolation_duration: 1}
$data merge entity $(bone_trigger) {transformation: [-0.9962f,0.0876f,-0.0009f,-0.1819f,0.0864f,0.9845f,0.1526f,-0.5316f,0.0143f,0.152f,-0.9883f,0.5938f,0f,0f,0f,1f],start_interpolation: 0,interpolation_duration: 1}
$data merge entity $(bone_trigger_gaurd) {transformation: [-0.9962f,0.0876f,-0.0009f,-0.1794f,0.0864f,0.9845f,0.1526f,-0.5081f,0.0143f,0.152f,-0.9883f,0.6302f,0f,0f,0f,1f],start_interpolation: 0,interpolation_duration: 1}
$data merge entity $(bone_right_arm) {transformation: [-0.9962f,-0.0009f,-0.0876f,-0.2188f,0.0864f,0.1526f,-0.9845f,-0.4991f,0.0143f,-0.9883f,-0.152f,0.2359f,0f,0f,0f,1f],start_interpolation: 0,interpolation_duration: 1}
$data merge entity $(bone_magazine1) {transformation: [0f,0f,0f,-0.239f,0f,0f,0f,-0.4698f,0f,0f,0f,0.5949f,0f,0f,0f,1f],start_interpolation: 0,interpolation_duration: 1}
$data merge entity $(bone_left_arm) {transformation: [-0.8344f,0.402f,0.377f,-0.0406f,-0.3313f,0.1808f,-0.9261f,-0.5072f,-0.4405f,-0.8976f,-0.0177f,0.2473f,0f,0f,0f,1f],start_interpolation: 0,interpolation_duration: 1}
data modify entity @s data merge value {"cameras":{},"locators":{"barrel1":{"px":-0.1968969842418516,"py":-0.5066142520159977,"pz":0.9303621297305772,"ry":359.9457723979953,"rx":8.778759276965015}}}