# This file was generated by Animated Java via MC-Build. It is not recommended to edit this file directly.
$data merge entity $(bone_muzzleflash) {transformation: [0f,0f,0f,-0.2031f,0f,0f,0f,-0.9891f,0f,0f,0f,0.525f,0f,0f,0f,1f],start_interpolation: 0,interpolation_duration: 1}
$data merge entity $(bone_slide) {transformation: [-0.9962f,0.0876f,-0.0009f,-0.0455f,0.0862f,0.9821f,0.1677f,-0.5581f,0.0156f,0.167f,-0.9858f,0.7777f,0f,0f,0f,1f],start_interpolation: 0,interpolation_duration: 1}
$data merge entity $(bone_barrel) {transformation: [-0.9962f,0.0876f,-0.0009f,0.0564f,0.0862f,0.9821f,0.1677f,-0.647f,0.0156f,0.167f,-0.9858f,0.7625f,0f,0f,0f,1f],start_interpolation: 0,interpolation_duration: 1}
$data merge entity $(bone_magazine) {transformation: [-0.9962f,0.0876f,-0.0009f,-0.0573f,0.0862f,0.9821f,0.1677f,-0.6561f,0.0156f,0.167f,-0.9858f,0.5613f,0f,0f,0f,1f],start_interpolation: 0,interpolation_duration: 1}
$data merge entity $(bone_grip) {transformation: [-0.9962f,0.0876f,-0.0009f,-0.0573f,0.0862f,0.9821f,0.1677f,-0.6561f,0.0156f,0.167f,-0.9858f,0.5613f,0f,0f,0f,1f],start_interpolation: 0,interpolation_duration: 1}
$data merge entity $(bone_trigger) {transformation: [-0.9962f,0.0876f,-0.0009f,-0.0569f,0.0862f,0.9821f,0.1677f,-0.657f,0.0156f,0.167f,-0.9858f,0.5922f,0f,0f,0f,1f],start_interpolation: 0,interpolation_duration: 1}
$data merge entity $(bone_trigger_gaurd) {transformation: [-0.9962f,0.0876f,-0.0009f,-0.0544f,0.0862f,0.9821f,0.1677f,-0.6341f,0.0156f,0.167f,-0.9858f,0.629f,0f,0f,0f,1f],start_interpolation: 0,interpolation_duration: 1}
$data merge entity $(bone_right_arm) {transformation: [-0.9962f,-0.0009f,-0.0876f,-0.0938f,0.0862f,0.1677f,-0.9821f,-0.619f,0.0156f,-0.9858f,-0.167f,0.2349f,0f,0f,0f,1f],start_interpolation: 0,interpolation_duration: 1}
$data merge entity $(bone_magazine1) {transformation: [0f,0f,0f,-0.114f,0f,0f,0f,-0.5952f,0f,0f,0f,0.5943f,0f,0f,0f,1f],start_interpolation: 0,interpolation_duration: 1}
$data merge entity $(bone_left_arm) {transformation: [-0.8344f,0.402f,0.377f,0.0844f,-0.3245f,0.1945f,-0.9257f,-0.6273f,-0.4455f,-0.8947f,-0.0318f,0.2461f,0f,0f,0f,1f],start_interpolation: 0,interpolation_duration: 1}
data modify entity @s data merge value {"cameras":{},"locators":{"barrel1":{"px":-0.07189698424185159,"py":-0.6371430009029283,"pz":0.9291198812480386,"ry":359.94563801409646,"rx":9.652788436261835}}}