# This file was generated by Animated Java via MC-Build. It is not recommended to edit this file directly.
$data merge entity $(bone_muzzleflash) {transformation: [0f,0f,0f,-0.3281f,0f,0f,0f,-0.8626f,0f,0f,0f,0.5224f,0f,0f,0f,1f],start_interpolation: 0,interpolation_duration: 1}
$data merge entity $(bone_slide) {transformation: [-0.9962f,0.0876f,-0.0009f,-0.1705f,0.0861f,0.9819f,0.1686f,-0.4318f,0.0157f,0.1679f,-0.9857f,0.7755f,0f,0f,0f,1f],start_interpolation: 0,interpolation_duration: 1}
$data merge entity $(bone_barrel) {transformation: [-0.9962f,0.0876f,-0.0009f,-0.0686f,0.0861f,0.9819f,0.1686f,-0.5207f,0.0157f,0.1679f,-0.9857f,0.7602f,0f,0f,0f,1f],start_interpolation: 0,interpolation_duration: 1}
$data merge entity $(bone_magazine) {transformation: [-0.9962f,0.0876f,-0.0009f,-0.1824f,0.0861f,0.9819f,0.1686f,-0.5297f,0.0157f,0.1679f,-0.9857f,0.559f,0f,0f,0f,1f],start_interpolation: 0,interpolation_duration: 1}
$data merge entity $(bone_grip) {transformation: [-0.9962f,0.0876f,-0.0009f,-0.1824f,0.0861f,0.9819f,0.1686f,-0.5297f,0.0157f,0.1679f,-0.9857f,0.559f,0f,0f,0f,1f],start_interpolation: 0,interpolation_duration: 1}
$data merge entity $(bone_trigger) {transformation: [-0.9962f,0.0876f,-0.0009f,-0.1819f,0.0861f,0.9819f,0.1686f,-0.5305f,0.0157f,0.1679f,-0.9857f,0.5899f,0f,0f,0f,1f],start_interpolation: 0,interpolation_duration: 1}
$data merge entity $(bone_trigger_gaurd) {transformation: [-0.9962f,0.0876f,-0.0009f,-0.1794f,0.0861f,0.9819f,0.1686f,-0.5076f,0.0157f,0.1679f,-0.9857f,0.6267f,0f,0f,0f,1f],start_interpolation: 0,interpolation_duration: 1}
$data merge entity $(bone_right_arm) {transformation: [-0.9962f,-0.0009f,-0.0876f,-0.2188f,0.0861f,0.1686f,-0.9819f,-0.4922f,0.0157f,-0.9857f,-0.1679f,0.2326f,0f,0f,0f,1f],start_interpolation: 0,interpolation_duration: 1}
$data merge entity $(bone_magazine1) {transformation: [0f,0f,0f,-0.239f,0f,0f,0f,-0.4688f,0f,0f,0f,0.592f,0f,0f,0f,1f],start_interpolation: 0,interpolation_duration: 1}
$data merge entity $(bone_left_arm) {transformation: [-0.8344f,0.402f,0.377f,-0.0406f,-0.3241f,0.1953f,-0.9256f,-0.5006f,-0.4458f,-0.8946f,-0.0326f,0.2438f,0f,0f,0f,1f],start_interpolation: 0,interpolation_duration: 1}
data modify entity @s data merge value {"cameras":{},"locators":{"barrel1":{"px":-0.19690736523998784,"py":-0.5110048410584458,"pz":0.9268412546796201,"ry":359.94534015912814,"rx":9.70527215441162}}}