# This file was generated by Animated Java via MC-Build. It is not recommended to edit this file directly.
$data merge entity $(bone_muzzleflash) {transformation: [0f,0f,0f,-0.3281f,0f,0f,0f,-0.8604f,0f,0f,0f,0.5193f,0f,0f,0f,1f],start_interpolation: 0,interpolation_duration: 1}
$data merge entity $(bone_slide) {transformation: [-0.9962f,0.0875f,-0.001f,-0.1705f,0.0861f,0.982f,0.1681f,-0.4295f,0.0156f,0.1674f,-0.9858f,0.7722f,0f,0f,0f,1f],start_interpolation: 0,interpolation_duration: 1}
$data merge entity $(bone_barrel) {transformation: [-0.9962f,0.0875f,-0.001f,-0.0686f,0.0861f,0.982f,0.1681f,-0.5184f,0.0156f,0.1674f,-0.9858f,0.757f,0f,0f,0f,1f],start_interpolation: 0,interpolation_duration: 1}
$data merge entity $(bone_magazine) {transformation: [-0.9962f,0.0875f,-0.001f,-0.1824f,0.0861f,0.982f,0.1681f,-0.5275f,0.0156f,0.1674f,-0.9858f,0.5557f,0f,0f,0f,1f],start_interpolation: 0,interpolation_duration: 1}
$data merge entity $(bone_grip) {transformation: [-0.9962f,0.0875f,-0.001f,-0.1824f,0.0861f,0.982f,0.1681f,-0.5275f,0.0156f,0.1674f,-0.9858f,0.5557f,0f,0f,0f,1f],start_interpolation: 0,interpolation_duration: 1}
$data merge entity $(bone_trigger) {transformation: [-0.9962f,0.0875f,-0.001f,-0.182f,0.0861f,0.982f,0.1681f,-0.5283f,0.0156f,0.1674f,-0.9858f,0.5866f,0f,0f,0f,1f],start_interpolation: 0,interpolation_duration: 1}
$data merge entity $(bone_trigger_gaurd) {transformation: [-0.9962f,0.0875f,-0.001f,-0.1794f,0.0861f,0.982f,0.1681f,-0.5054f,0.0156f,0.1674f,-0.9858f,0.6235f,0f,0f,0f,1f],start_interpolation: 0,interpolation_duration: 1}
$data merge entity $(bone_right_arm) {transformation: [-0.9962f,-0.001f,-0.0875f,-0.2188f,0.0861f,0.1681f,-0.982f,-0.4902f,0.0156f,-0.9858f,-0.1674f,0.2293f,0f,0f,0f,1f],start_interpolation: 0,interpolation_duration: 1}
$data merge entity $(bone_magazine1) {transformation: [0f,0f,0f,-0.239f,0f,0f,0f,-0.4666f,0f,0f,0f,0.5888f,0f,0f,0f,1f],start_interpolation: 0,interpolation_duration: 1}
$data merge entity $(bone_left_arm) {transformation: [-0.8344f,0.402f,0.3771f,-0.0407f,-0.3244f,0.1949f,-0.9256f,-0.4985f,-0.4456f,-0.8946f,-0.0322f,0.2406f,0f,0f,0f,1f],start_interpolation: 0,interpolation_duration: 1}
data modify entity @s data merge value {"cameras":{},"locators":{"barrel1":{"px":-0.19693691215355286,"py":-0.5086690313987876,"pz":0.9235908978406555,"ry":359.9445245212255,"rx":9.678915002682885}}}