# This file was generated by Animated Java via MC-Build. It is not recommended to edit this file directly.
$data merge entity $(bone_muzzleflash) {transformation: [0f,0f,0f,-0.3281f,0f,0f,0f,-0.8596f,0f,0f,0f,0.5182f,0f,0f,0f,1f],start_interpolation: 0,interpolation_duration: 1}
$data merge entity $(bone_slide) {transformation: [-0.9962f,0.0874f,-0.001f,-0.1705f,0.086f,0.9821f,0.1677f,-0.4286f,0.0156f,0.167f,-0.9858f,0.7709f,0f,0f,0f,1f],start_interpolation: 0,interpolation_duration: 1}
$data merge entity $(bone_barrel) {transformation: [-0.9962f,0.0874f,-0.001f,-0.0687f,0.086f,0.9821f,0.1677f,-0.5175f,0.0156f,0.167f,-0.9858f,0.7557f,0f,0f,0f,1f],start_interpolation: 0,interpolation_duration: 1}
$data merge entity $(bone_magazine) {transformation: [-0.9962f,0.0874f,-0.001f,-0.1824f,0.086f,0.9821f,0.1677f,-0.5266f,0.0156f,0.167f,-0.9858f,0.5544f,0f,0f,0f,1f],start_interpolation: 0,interpolation_duration: 1}
$data merge entity $(bone_grip) {transformation: [-0.9962f,0.0874f,-0.001f,-0.1824f,0.086f,0.9821f,0.1677f,-0.5266f,0.0156f,0.167f,-0.9858f,0.5544f,0f,0f,0f,1f],start_interpolation: 0,interpolation_duration: 1}
$data merge entity $(bone_trigger) {transformation: [-0.9962f,0.0874f,-0.001f,-0.182f,0.086f,0.9821f,0.1677f,-0.5275f,0.0156f,0.167f,-0.9858f,0.5854f,0f,0f,0f,1f],start_interpolation: 0,interpolation_duration: 1}
$data merge entity $(bone_trigger_gaurd) {transformation: [-0.9962f,0.0874f,-0.001f,-0.1794f,0.086f,0.9821f,0.1677f,-0.5045f,0.0156f,0.167f,-0.9858f,0.6222f,0f,0f,0f,1f],start_interpolation: 0,interpolation_duration: 1}
$data merge entity $(bone_right_arm) {transformation: [-0.9962f,-0.001f,-0.0874f,-0.2188f,0.086f,0.1677f,-0.9821f,-0.4895f,0.0156f,-0.9858f,-0.167f,0.228f,0f,0f,0f,1f],start_interpolation: 0,interpolation_duration: 1}
$data merge entity $(bone_magazine1) {transformation: [0f,0f,0f,-0.239f,0f,0f,0f,-0.4657f,0f,0f,0f,0.5874f,0f,0f,0f,1f],start_interpolation: 0,interpolation_duration: 1}
$data merge entity $(bone_left_arm) {transformation: [-0.8344f,0.402f,0.3771f,-0.0407f,-0.3246f,0.1945f,-0.9256f,-0.4978f,-0.4455f,-0.8947f,-0.0318f,0.2393f,0f,0f,0f,1f],start_interpolation: 0,interpolation_duration: 1}
data modify entity @s data merge value {"cameras":{},"locators":{"barrel1":{"px":-0.19695062379952102,"py":-0.5076393667585543,"pz":0.922304153118143,"ry":359.9441524267164,"rx":9.65356616974985}}}