# This file was generated by Animated Java via MC-Build. It is not recommended to edit this file directly.
$data merge entity $(bone_muzzleflash) {transformation: [0f,0f,0f,-0.2031f,0f,0f,0f,-0.8879f,0f,0f,0f,0.5145f,0f,0f,0f,1f],start_interpolation: 0,interpolation_duration: 1}
$data merge entity $(bone_slide) {transformation: [-0.9962f,0.0873f,-0.001f,-0.0456f,0.0859f,0.9824f,0.1656f,-0.4563f,0.0154f,0.1649f,-0.9862f,0.7663f,0f,0f,0f,1f],start_interpolation: 0,interpolation_duration: 1}
$data merge entity $(bone_barrel) {transformation: [-0.9962f,0.0873f,-0.001f,0.0563f,0.0859f,0.9824f,0.1656f,-0.5453f,0.0154f,0.1649f,-0.9862f,0.7513f,0f,0f,0f,1f],start_interpolation: 0,interpolation_duration: 1}
$data merge entity $(bone_magazine) {transformation: [-0.9962f,0.0873f,-0.001f,-0.0574f,0.0859f,0.9824f,0.1656f,-0.5549f,0.0154f,0.1649f,-0.9862f,0.55f,0f,0f,0f,1f],start_interpolation: 0,interpolation_duration: 1}
$data merge entity $(bone_grip) {transformation: [-0.9962f,0.0873f,-0.001f,-0.0574f,0.0859f,0.9824f,0.1656f,-0.5549f,0.0154f,0.1649f,-0.9862f,0.55f,0f,0f,0f,1f],start_interpolation: 0,interpolation_duration: 1}
$data merge entity $(bone_trigger) {transformation: [-0.9962f,0.0873f,-0.001f,-0.057f,0.0859f,0.9824f,0.1656f,-0.5556f,0.0154f,0.1649f,-0.9862f,0.581f,0f,0f,0f,1f],start_interpolation: 0,interpolation_duration: 1}
$data merge entity $(bone_trigger_gaurd) {transformation: [-0.9962f,0.0873f,-0.001f,-0.0545f,0.0859f,0.9824f,0.1656f,-0.5326f,0.0154f,0.1649f,-0.9862f,0.6177f,0f,0f,0f,1f],start_interpolation: 0,interpolation_duration: 1}
$data merge entity $(bone_right_arm) {transformation: [-0.9962f,-0.001f,-0.0873f,-0.0939f,0.0859f,0.1656f,-0.9824f,-0.5184f,0.0154f,-0.9862f,-0.1649f,0.2236f,0f,0f,0f,1f],start_interpolation: 0,interpolation_duration: 1}
$data merge entity $(bone_magazine1) {transformation: [0f,0f,0f,-0.1141f,0f,0f,0f,-0.4939f,0f,0f,0f,0.5829f,0f,0f,0f,1f],start_interpolation: 0,interpolation_duration: 1}
$data merge entity $(bone_left_arm) {transformation: [-0.8343f,0.402f,0.3773f,0.0843f,-0.3257f,0.1927f,-0.9256f,-0.5267f,-0.4448f,-0.8951f,-0.0298f,0.2348f,0f,0f,0f,1f],start_interpolation: 0,interpolation_duration: 1}
data modify entity @s data merge value {"cameras":{},"locators":{"barrel1":{"px":-0.0720022151015482,"py":-0.5350931722750046,"pz":0.9178711431060995,"ry":359.94278830786624,"rx":9.530701541841623}}}