# This file was generated by Animated Java via MC-Build. It is not recommended to edit this file directly.
$data merge entity $(muzzleflash) {transformation: [0f,0f,0f,-0.2031f,0f,0f,0f,-0.8232f,0f,0f,0f,0.5118f,0f,0f,0f,1f],start_interpolation: 0,interpolation_duration: 1}
$data merge entity $(slide) {transformation: [-0.9962f,0.0872f,-0.001f,-0.0456f,0.0858f,0.9828f,0.1635f,-0.3911f,0.0152f,0.1628f,-0.9865f,0.7627f,0f,0f,0f,1f],start_interpolation: 0,interpolation_duration: 1}
$data merge entity $(barrel) {transformation: [-0.9962f,0.0872f,-0.001f,0.0563f,0.0858f,0.9828f,0.1635f,-0.48f,0.0152f,0.1628f,-0.9865f,0.7479f,0f,0f,0f,1f],start_interpolation: 0,interpolation_duration: 1}
$data merge entity $(magazine) {transformation: [-0.9962f,0.0872f,-0.001f,-0.0575f,0.0858f,0.9828f,0.1635f,-0.49f,0.0152f,0.1628f,-0.9865f,0.5467f,0f,0f,0f,1f],start_interpolation: 0,interpolation_duration: 1}
$data merge entity $(grip) {transformation: [-0.9962f,0.0872f,-0.001f,-0.0575f,0.0858f,0.9828f,0.1635f,-0.49f,0.0152f,0.1628f,-0.9865f,0.5467f,0f,0f,0f,1f],start_interpolation: 0,interpolation_duration: 1}
$data merge entity $(trigger) {transformation: [-0.9962f,0.0872f,-0.001f,-0.0571f,0.0858f,0.9828f,0.1635f,-0.4907f,0.0152f,0.1628f,-0.9865f,0.5776f,0f,0f,0f,1f],start_interpolation: 0,interpolation_duration: 1}
$data merge entity $(trigger_gaurd) {transformation: [-0.9962f,0.0872f,-0.001f,-0.0545f,0.0858f,0.9828f,0.1635f,-0.4677f,0.0152f,0.1628f,-0.9865f,0.6143f,0f,0f,0f,1f],start_interpolation: 0,interpolation_duration: 1}
$data merge entity $(right_arm) {transformation: [-0.9962f,-0.001f,-0.0872f,-0.0939f,0.0858f,0.1635f,-0.9828f,-0.4543f,0.0152f,-0.9865f,-0.1628f,0.2201f,0f,0f,0f,1f],start_interpolation: 0,interpolation_duration: 1}
$data merge entity $(magazine1) {transformation: [0f,0f,0f,-0.1141f,0f,0f,0f,-0.429f,0f,0f,0f,0.5794f,0f,0f,0f,1f],start_interpolation: 0,interpolation_duration: 1}
$data merge entity $(left_arm) {transformation: [-0.8343f,0.402f,0.3774f,0.0842f,-0.3267f,0.1909f,-0.9256f,-0.4625f,-0.4441f,-0.8955f,-0.0279f,0.2314f,0f,0f,0f,1f],start_interpolation: 0,interpolation_duration: 1}
data modify entity @s data merge value {"cameras":{},"locators":{"barrel1":{"px":-0.0720445392846332,"py":-0.46950626631467,"pz":0.9144645623064291,"ry":359.94171366018054,"rx":9.411827551791536}}}