# This file was generated by Animated Java via MC-Build. It is not recommended to edit this file directly.
$data merge entity $(bone_muzzleflash) {transformation: [0f,0f,0f,-0.2031f,0f,0f,0f,-0.977f,0f,0f,0f,0.509f,0f,0f,0f,1f],start_interpolation: 0,interpolation_duration: 1}
$data merge entity $(bone_slide) {transformation: [-0.9962f,0.087f,-0.001f,-0.0457f,0.0857f,0.9832f,0.161f,-0.5442f,0.015f,0.1603f,-0.987f,0.7588f,0f,0f,0f,1f],start_interpolation: 0,interpolation_duration: 1}
$data merge entity $(bone_barrel) {transformation: [-0.9962f,0.087f,-0.001f,0.0562f,0.0857f,0.9832f,0.161f,-0.6332f,0.015f,0.1603f,-0.987f,0.7442f,0f,0f,0f,1f],start_interpolation: 0,interpolation_duration: 1}
$data merge entity $(bone_magazine) {transformation: [-0.9962f,0.087f,-0.001f,-0.0575f,0.0857f,0.9832f,0.161f,-0.6437f,0.015f,0.1603f,-0.987f,0.543f,0f,0f,0f,1f],start_interpolation: 0,interpolation_duration: 1}
$data merge entity $(bone_grip) {transformation: [-0.9962f,0.087f,-0.001f,-0.0575f,0.0857f,0.9832f,0.161f,-0.6437f,0.015f,0.1603f,-0.987f,0.543f,0f,0f,0f,1f],start_interpolation: 0,interpolation_duration: 1}
$data merge entity $(bone_trigger) {transformation: [-0.9962f,0.087f,-0.001f,-0.0571f,0.0857f,0.9832f,0.161f,-0.6444f,0.015f,0.1603f,-0.987f,0.5739f,0f,0f,0f,1f],start_interpolation: 0,interpolation_duration: 1}
$data merge entity $(bone_trigger_gaurd) {transformation: [-0.9962f,0.087f,-0.001f,-0.0546f,0.0857f,0.9832f,0.161f,-0.6212f,0.015f,0.1603f,-0.987f,0.6106f,0f,0f,0f,1f],start_interpolation: 0,interpolation_duration: 1}
$data merge entity $(bone_right_arm) {transformation: [-0.9962f,-0.001f,-0.087f,-0.094f,0.0857f,0.161f,-0.9832f,-0.6088f,0.015f,-0.987f,-0.1603f,0.2163f,0f,0f,0f,1f],start_interpolation: 0,interpolation_duration: 1}
$data merge entity $(bone_magazine1) {transformation: [0f,0f,0f,-0.1142f,0f,0f,0f,-0.5827f,0f,0f,0f,0.5756f,0f,0f,0f,1f],start_interpolation: 0,interpolation_duration: 1}
$data merge entity $(bone_left_arm) {transformation: [-0.8342f,0.4019f,0.3775f,0.0842f,-0.328f,0.1886f,-0.9257f,-0.617f,-0.4433f,-0.896f,-0.0255f,0.2276f,0f,0f,0f,1f],start_interpolation: 0,interpolation_duration: 1}
data modify entity @s data merge value {"cameras":{},"locators":{"barrel1":{"px":-0.0720924877934746,"py":-0.6222557299803413,"pz":0.9107210486641677,"ry":359.9405471061499,"rx":9.265296321863781}}}