# This file was generated by Animated Java via MC-Build. It is not recommended to edit this file directly.
$data merge entity $(bone_muzzleflash) {transformation: [0f,0f,0f,-0.3281f,0f,0f,0f,-0.8507f,0f,0f,0f,0.5075f,0f,0f,0f,1f],start_interpolation: 0,interpolation_duration: 1}
$data merge entity $(bone_slide) {transformation: [-0.9962f,0.087f,-0.001f,-0.1707f,0.0857f,0.9835f,0.1596f,-0.4175f,0.0149f,0.1589f,-0.9872f,0.7567f,0f,0f,0f,1f],start_interpolation: 0,interpolation_duration: 1}
$data merge entity $(bone_barrel) {transformation: [-0.9962f,0.087f,-0.001f,-0.0688f,0.0857f,0.9835f,0.1596f,-0.5065f,0.0149f,0.1589f,-0.9872f,0.7422f,0f,0f,0f,1f],start_interpolation: 0,interpolation_duration: 1}
$data merge entity $(bone_magazine) {transformation: [-0.9962f,0.087f,-0.001f,-0.1826f,0.0857f,0.9835f,0.1596f,-0.5174f,0.0149f,0.1589f,-0.9872f,0.541f,0f,0f,0f,1f],start_interpolation: 0,interpolation_duration: 1}
$data merge entity $(bone_grip) {transformation: [-0.9962f,0.087f,-0.001f,-0.1826f,0.0857f,0.9835f,0.1596f,-0.5174f,0.0149f,0.1589f,-0.9872f,0.541f,0f,0f,0f,1f],start_interpolation: 0,interpolation_duration: 1}
$data merge entity $(bone_trigger) {transformation: [-0.9962f,0.087f,-0.001f,-0.1821f,0.0857f,0.9835f,0.1596f,-0.5179f,0.0149f,0.1589f,-0.9872f,0.572f,0f,0f,0f,1f],start_interpolation: 0,interpolation_duration: 1}
$data merge entity $(bone_trigger_gaurd) {transformation: [-0.9962f,0.087f,-0.001f,-0.1796f,0.0857f,0.9835f,0.1596f,-0.4947f,0.0149f,0.1589f,-0.9872f,0.6086f,0f,0f,0f,1f],start_interpolation: 0,interpolation_duration: 1}
$data merge entity $(bone_right_arm) {transformation: [-0.9962f,-0.001f,-0.087f,-0.219f,0.0857f,0.1596f,-0.9835f,-0.4829f,0.0149f,-0.9872f,-0.1589f,0.2143f,0f,0f,0f,1f],start_interpolation: 0,interpolation_duration: 1}
$data merge entity $(bone_magazine1) {transformation: [0f,0f,0f,-0.2392f,0f,0f,0f,-0.4562f,0f,0f,0f,0.5735f,0f,0f,0f,1f],start_interpolation: 0,interpolation_duration: 1}
$data merge entity $(bone_left_arm) {transformation: [-0.8342f,0.4019f,0.3776f,-0.0408f,-0.3287f,0.1874f,-0.9257f,-0.491f,-0.4428f,-0.8963f,-0.0242f,0.2256f,0f,0f,0f,1f],start_interpolation: 0,interpolation_duration: 1}
data modify entity @s data merge value {"cameras":{},"locators":{"barrel1":{"px":-0.19711837977868754,"py":-0.4953587757912535,"pz":0.9087293300152415,"ry":359.9399403717264,"rx":9.182171963545908}}}