# This file was generated by Animated Java via MC-Build. It is not recommended to edit this file directly.
$data merge entity $(bone_muzzleflash) {transformation: [0f,0f,0f,-0.2031f,0f,0f,0f,-0.9715f,0f,0f,0f,0.5029f,0f,0f,0f,1f],start_interpolation: 0,interpolation_duration: 1}
$data merge entity $(bone_slide) {transformation: [-0.9962f,0.0867f,-0.0011f,-0.0458f,0.0855f,0.9843f,0.1546f,-0.537f,0.0145f,0.154f,-0.988f,0.7499f,0f,0f,0f,1f],start_interpolation: 0,interpolation_duration: 1}
$data merge entity $(bone_barrel) {transformation: [-0.9962f,0.0867f,-0.0011f,0.0561f,0.0855f,0.9843f,0.1546f,-0.6261f,0.0145f,0.154f,-0.988f,0.7358f,0f,0f,0f,1f],start_interpolation: 0,interpolation_duration: 1}
$data merge entity $(bone_magazine) {transformation: [-0.9962f,0.0867f,-0.0011f,-0.0576f,0.0855f,0.9843f,0.1546f,-0.638f,0.0145f,0.154f,-0.988f,0.5347f,0f,0f,0f,1f],start_interpolation: 0,interpolation_duration: 1}
$data merge entity $(bone_grip) {transformation: [-0.9962f,0.0867f,-0.0011f,-0.0576f,0.0855f,0.9843f,0.1546f,-0.638f,0.0145f,0.154f,-0.988f,0.5347f,0f,0f,0f,1f],start_interpolation: 0,interpolation_duration: 1}
$data merge entity $(bone_trigger) {transformation: [-0.9962f,0.0867f,-0.0011f,-0.0572f,0.0855f,0.9843f,0.1546f,-0.6384f,0.0145f,0.154f,-0.988f,0.5656f,0f,0f,0f,1f],start_interpolation: 0,interpolation_duration: 1}
$data merge entity $(bone_trigger_gaurd) {transformation: [-0.9962f,0.0867f,-0.0011f,-0.0547f,0.0855f,0.9843f,0.1546f,-0.615f,0.0145f,0.154f,-0.988f,0.6022f,0f,0f,0f,1f],start_interpolation: 0,interpolation_duration: 1}
$data merge entity $(bone_right_arm) {transformation: [-0.9962f,-0.0011f,-0.0867f,-0.0941f,0.0855f,0.1546f,-0.9843f,-0.6052f,0.0145f,-0.988f,-0.154f,0.2079f,0f,0f,0f,1f],start_interpolation: 0,interpolation_duration: 1}
$data merge entity $(bone_magazine1) {transformation: [0f,0f,0f,-0.1143f,0f,0f,0f,-0.5767f,0f,0f,0f,0.5669f,0f,0f,0f,1f],start_interpolation: 0,interpolation_duration: 1}
$data merge entity $(bone_left_arm) {transformation: [-0.8341f,0.4019f,0.3778f,0.0841f,-0.3311f,0.183f,-0.9257f,-0.6132f,-0.4411f,-0.8972f,-0.0196f,0.2192f,0f,0f,0f,1f],start_interpolation: 0,interpolation_duration: 1}
data modify entity @s data merge value {"cameras":{},"locators":{"barrel1":{"px":-0.07220280503089005,"py":-0.6141217896178967,"pz":0.9023048111862346,"ry":359.9380788807157,"rx":8.895824996934302}}}