# This file was generated by Animated Java via MC-Build. It is not recommended to edit this file directly.
$data merge entity $(muzzleflash) {transformation: [0f,0f,0f,-0.2031f,0f,0f,0f,-0.8122f,0f,0f,0f,0.4996f,0f,0f,0f,1f],start_interpolation: 0,interpolation_duration: 1}
$data merge entity $(slide) {transformation: [-0.9962f,0.0866f,-0.0011f,-0.0459f,0.0854f,0.9849f,0.1508f,-0.3768f,0.0141f,0.1502f,-0.9886f,0.7449f,0f,0f,0f,1f],start_interpolation: 0,interpolation_duration: 1}
$data merge entity $(barrel) {transformation: [-0.9962f,0.0866f,-0.0011f,0.056f,0.0854f,0.9849f,0.1508f,-0.4658f,0.0141f,0.1502f,-0.9886f,0.7312f,0f,0f,0f,1f],start_interpolation: 0,interpolation_duration: 1}
$data merge entity $(magazine) {transformation: [-0.9962f,0.0866f,-0.0011f,-0.0577f,0.0854f,0.9849f,0.1508f,-0.4785f,0.0141f,0.1502f,-0.9886f,0.5302f,0f,0f,0f,1f],start_interpolation: 0,interpolation_duration: 1}
$data merge entity $(grip) {transformation: [-0.9962f,0.0866f,-0.0011f,-0.0577f,0.0854f,0.9849f,0.1508f,-0.4785f,0.0141f,0.1502f,-0.9886f,0.5302f,0f,0f,0f,1f],start_interpolation: 0,interpolation_duration: 1}
$data merge entity $(trigger) {transformation: [-0.9962f,0.0866f,-0.0011f,-0.0573f,0.0854f,0.9849f,0.1508f,-0.4788f,0.0141f,0.1502f,-0.9886f,0.5611f,0f,0f,0f,1f],start_interpolation: 0,interpolation_duration: 1}
$data merge entity $(trigger_gaurd) {transformation: [-0.9962f,0.0866f,-0.0011f,-0.0547f,0.0854f,0.9849f,0.1508f,-0.4553f,0.0141f,0.1502f,-0.9886f,0.5975f,0f,0f,0f,1f],start_interpolation: 0,interpolation_duration: 1}
$data merge entity $(right_arm) {transformation: [-0.9962f,-0.0011f,-0.0866f,-0.0941f,0.0854f,0.1508f,-0.9849f,-0.447f,0.0141f,-0.9886f,-0.1502f,0.2032f,0f,0f,0f,1f],start_interpolation: 0,interpolation_duration: 1}
$data merge entity $(magazine1) {transformation: [0f,0f,0f,-0.1144f,0f,0f,0f,-0.4172f,0f,0f,0f,0.5621f,0f,0f,0f,1f],start_interpolation: 0,interpolation_duration: 1}
$data merge entity $(left_arm) {transformation: [-0.8341f,0.4019f,0.3779f,0.084f,-0.3329f,0.1796f,-0.9257f,-0.455f,-0.4399f,-0.8979f,-0.016f,0.2146f,0f,0f,0f,1f],start_interpolation: 0,interpolation_duration: 1}
data modify entity @s data merge value {"cameras":{},"locators":{"barrel1":{"px":-0.07226393596734412,"py":-0.4532926418597989,"pz":0.8976726512689956,"ry":359.93684610468017,"rx":8.67616636189156}}}