# This file was generated by Animated Java via MC-Build. It is not recommended to edit this file directly.
$data merge entity $(bone_muzzleflash) {transformation: [0f,0f,0f,-0.3281f,0f,0f,0f,-0.8369f,0f,0f,0f,0.4928f,0f,0f,0f,1f],start_interpolation: 0,interpolation_duration: 1}
$data merge entity $(bone_slide) {transformation: [-0.9963f,0.0862f,-0.0011f,-0.1711f,0.0852f,0.9862f,0.1422f,-0.3993f,0.0134f,0.1416f,-0.9898f,0.7343f,0f,0f,0f,1f],start_interpolation: 0,interpolation_duration: 1}
$data merge entity $(bone_barrel) {transformation: [-0.9963f,0.0862f,-0.0011f,-0.0691f,0.0852f,0.9862f,0.1422f,-0.4885f,0.0134f,0.1416f,-0.9898f,0.7213f,0f,0f,0f,1f],start_interpolation: 0,interpolation_duration: 1}
$data merge entity $(bone_magazine) {transformation: [-0.9963f,0.0862f,-0.0011f,-0.1828f,0.0852f,0.9862f,0.1422f,-0.5029f,0.0134f,0.1416f,-0.9898f,0.5204f,0f,0f,0f,1f],start_interpolation: 0,interpolation_duration: 1}
$data merge entity $(bone_grip) {transformation: [-0.9963f,0.0862f,-0.0011f,-0.1828f,0.0852f,0.9862f,0.1422f,-0.5029f,0.0134f,0.1416f,-0.9898f,0.5204f,0f,0f,0f,1f],start_interpolation: 0,interpolation_duration: 1}
$data merge entity $(bone_trigger) {transformation: [-0.9963f,0.0862f,-0.0011f,-0.1824f,0.0852f,0.9862f,0.1422f,-0.503f,0.0134f,0.1416f,-0.9898f,0.5513f,0f,0f,0f,1f],start_interpolation: 0,interpolation_duration: 1}
$data merge entity $(bone_trigger_gaurd) {transformation: [-0.9963f,0.0862f,-0.0011f,-0.1799f,0.0852f,0.9862f,0.1422f,-0.4791f,0.0134f,0.1416f,-0.9898f,0.5875f,0f,0f,0f,1f],start_interpolation: 0,interpolation_duration: 1}
$data merge entity $(bone_right_arm) {transformation: [-0.9963f,-0.0011f,-0.0862f,-0.2192f,0.0852f,0.1422f,-0.9862f,-0.4743f,0.0134f,-0.9898f,-0.1416f,0.1932f,0f,0f,0f,1f],start_interpolation: 0,interpolation_duration: 1}
$data merge entity $(bone_magazine1) {transformation: [0f,0f,0f,-0.2395f,0f,0f,0f,-0.4413f,0f,0f,0f,0.5518f,0f,0f,0f,1f],start_interpolation: 0,interpolation_duration: 1}
$data merge entity $(bone_left_arm) {transformation: [-0.834f,0.4018f,0.3783f,-0.0411f,-0.337f,0.1719f,-0.9257f,-0.4821f,-0.437f,-0.8994f,-0.0079f,0.2046f,0f,0f,0f,1f],start_interpolation: 0,interpolation_duration: 1}
data modify entity @s data merge value {"cameras":{},"locators":{"barrel1":{"px":-0.19739496355589242,"py":-0.47449593690261704,"pz":0.8876614958019957,"ry":359.9345441381124,"rx":8.175206907716658}}}