# This file was generated by Animated Java via MC-Build. It is not recommended to edit this file directly.
$data merge entity $(bone_muzzleflash) {transformation: [0f,0f,0f,-0.2031f,0f,0f,0f,-0.8681f,0f,0f,0f,0.4928f,0f,0f,0f,1f],start_interpolation: 0,interpolation_duration: 1}
$data merge entity $(bone_slide) {transformation: [-0.9963f,0.0862f,-0.0011f,-0.0461f,0.0852f,0.9862f,0.1422f,-0.4306f,0.0134f,0.1416f,-0.9898f,0.7343f,0f,0f,0f,1f],start_interpolation: 0,interpolation_duration: 1}
$data merge entity $(bone_barrel) {transformation: [-0.9963f,0.0862f,-0.0011f,0.0559f,0.0852f,0.9862f,0.1422f,-0.5197f,0.0134f,0.1416f,-0.9898f,0.7213f,0f,0f,0f,1f],start_interpolation: 0,interpolation_duration: 1}
$data merge entity $(bone_magazine) {transformation: [-0.9963f,0.0862f,-0.0011f,-0.0578f,0.0852f,0.9862f,0.1422f,-0.5342f,0.0134f,0.1416f,-0.9898f,0.5204f,0f,0f,0f,1f],start_interpolation: 0,interpolation_duration: 1}
$data merge entity $(bone_grip) {transformation: [-0.9963f,0.0862f,-0.0011f,-0.0578f,0.0852f,0.9862f,0.1422f,-0.5342f,0.0134f,0.1416f,-0.9898f,0.5204f,0f,0f,0f,1f],start_interpolation: 0,interpolation_duration: 1}
$data merge entity $(bone_trigger) {transformation: [-0.9963f,0.0862f,-0.0011f,-0.0574f,0.0852f,0.9862f,0.1422f,-0.5342f,0.0134f,0.1416f,-0.9898f,0.5513f,0f,0f,0f,1f],start_interpolation: 0,interpolation_duration: 1}
$data merge entity $(bone_trigger_gaurd) {transformation: [-0.9963f,0.0862f,-0.0011f,-0.0549f,0.0852f,0.9862f,0.1422f,-0.5104f,0.0134f,0.1416f,-0.9898f,0.5875f,0f,0f,0f,1f],start_interpolation: 0,interpolation_duration: 1}
$data merge entity $(bone_right_arm) {transformation: [-0.9963f,-0.0011f,-0.0862f,-0.0942f,0.0852f,0.1422f,-0.9862f,-0.5055f,0.0134f,-0.9898f,-0.1416f,0.1932f,0f,0f,0f,1f],start_interpolation: 0,interpolation_duration: 1}
$data merge entity $(bone_magazine1) {transformation: [0f,0f,0f,-0.1145f,0f,0f,0f,-0.4726f,0f,0f,0f,0.5518f,0f,0f,0f,1f],start_interpolation: 0,interpolation_duration: 1}
$data merge entity $(bone_left_arm) {transformation: [-0.834f,0.4018f,0.3783f,0.0839f,-0.337f,0.1719f,-0.9257f,-0.5133f,-0.437f,-0.8994f,-0.0079f,0.2046f,0f,0f,0f,1f],start_interpolation: 0,interpolation_duration: 1}
data modify entity @s data merge value {"cameras":{},"locators":{"barrel1":{"px":-0.07239496355589244,"py":-0.5057459369026169,"pz":0.8876614958019958,"ry":359.9345441381124,"rx":8.175206907716658}}}