# This file was generated by Animated Java via MC-Build. It is not recommended to edit this file directly.
$data merge entity $(bone_muzzleflash) {transformation: [0f,0f,0f,-0.3281f,0f,0f,0f,-0.8316f,0f,0f,0f,0.4874f,0f,0f,0f,1f],start_interpolation: 0,interpolation_duration: 1}
$data merge entity $(bone_slide) {transformation: [-0.9963f,0.086f,-0.0012f,-0.1712f,0.085f,0.9872f,0.1349f,-0.3922f,0.0127f,0.1343f,-0.9909f,0.7256f,0f,0f,0f,1f],start_interpolation: 0,interpolation_duration: 1}
$data merge entity $(bone_barrel) {transformation: [-0.9963f,0.086f,-0.0012f,-0.0692f,0.085f,0.9872f,0.1349f,-0.4814f,0.0127f,0.1343f,-0.9909f,0.7134f,0f,0f,0f,1f],start_interpolation: 0,interpolation_duration: 1}
$data merge entity $(bone_magazine) {transformation: [-0.9963f,0.086f,-0.0012f,-0.1829f,0.085f,0.9872f,0.1349f,-0.4974f,0.0127f,0.1343f,-0.9909f,0.5125f,0f,0f,0f,1f],start_interpolation: 0,interpolation_duration: 1}
$data merge entity $(bone_grip) {transformation: [-0.9963f,0.086f,-0.0012f,-0.1829f,0.085f,0.9872f,0.1349f,-0.4974f,0.0127f,0.1343f,-0.9909f,0.5125f,0f,0f,0f,1f],start_interpolation: 0,interpolation_duration: 1}
$data merge entity $(bone_trigger) {transformation: [-0.9963f,0.086f,-0.0012f,-0.1825f,0.085f,0.9872f,0.1349f,-0.4973f,0.0127f,0.1343f,-0.9909f,0.5435f,0f,0f,0f,1f],start_interpolation: 0,interpolation_duration: 1}
$data merge entity $(bone_trigger_gaurd) {transformation: [-0.9963f,0.086f,-0.0012f,-0.18f,0.085f,0.9872f,0.1349f,-0.4731f,0.0127f,0.1343f,-0.9909f,0.5795f,0f,0f,0f,1f],start_interpolation: 0,interpolation_duration: 1}
$data merge entity $(bone_right_arm) {transformation: [-0.9963f,-0.0012f,-0.086f,-0.2193f,0.085f,0.1349f,-0.9872f,-0.4712f,0.0127f,-0.9909f,-0.1343f,0.1851f,0f,0f,0f,1f],start_interpolation: 0,interpolation_duration: 1}
$data merge entity $(bone_magazine1) {transformation: [0f,0f,0f,-0.2396f,0f,0f,0f,-0.4356f,0f,0f,0f,0.5435f,0f,0f,0f,1f],start_interpolation: 0,interpolation_duration: 1}
$data merge entity $(bone_left_arm) {transformation: [-0.8339f,0.4018f,0.3785f,-0.0412f,-0.3405f,0.1653f,-0.9256f,-0.4789f,-0.4345f,-0.9007f,-0.0011f,0.1966f,0f,0f,0f,1f],start_interpolation: 0,interpolation_duration: 1}
data modify entity @s data merge value {"cameras":{},"locators":{"barrel1":{"px":-0.19749829062090443,"py":-0.46629050724754306,"pz":0.8795796716558089,"ry":359.9330723591137,"rx":7.752010960726617}}}