# This file was generated by Animated Java via MC-Build. It is not recommended to edit this file directly.
$data merge entity $(bone_muzzleflash) {transformation: [0f,0f,0f,-0.2031f,0f,0f,0f,-0.9566f,0f,0f,0f,0.4874f,0f,0f,0f,1f],start_interpolation: 0,interpolation_duration: 1}
$data merge entity $(bone_slide) {transformation: [-0.9963f,0.086f,-0.0012f,-0.0462f,0.085f,0.9872f,0.1349f,-0.5172f,0.0127f,0.1343f,-0.9909f,0.7256f,0f,0f,0f,1f],start_interpolation: 0,interpolation_duration: 1}
$data merge entity $(bone_barrel) {transformation: [-0.9963f,0.086f,-0.0012f,0.0558f,0.085f,0.9872f,0.1349f,-0.6064f,0.0127f,0.1343f,-0.9909f,0.7134f,0f,0f,0f,1f],start_interpolation: 0,interpolation_duration: 1}
$data merge entity $(bone_magazine) {transformation: [-0.9963f,0.086f,-0.0012f,-0.0579f,0.085f,0.9872f,0.1349f,-0.6224f,0.0127f,0.1343f,-0.9909f,0.5125f,0f,0f,0f,1f],start_interpolation: 0,interpolation_duration: 1}
$data merge entity $(bone_grip) {transformation: [-0.9963f,0.086f,-0.0012f,-0.0579f,0.085f,0.9872f,0.1349f,-0.6224f,0.0127f,0.1343f,-0.9909f,0.5125f,0f,0f,0f,1f],start_interpolation: 0,interpolation_duration: 1}
$data merge entity $(bone_trigger) {transformation: [-0.9963f,0.086f,-0.0012f,-0.0575f,0.085f,0.9872f,0.1349f,-0.6223f,0.0127f,0.1343f,-0.9909f,0.5435f,0f,0f,0f,1f],start_interpolation: 0,interpolation_duration: 1}
$data merge entity $(bone_trigger_gaurd) {transformation: [-0.9963f,0.086f,-0.0012f,-0.055f,0.085f,0.9872f,0.1349f,-0.5981f,0.0127f,0.1343f,-0.9909f,0.5795f,0f,0f,0f,1f],start_interpolation: 0,interpolation_duration: 1}
$data merge entity $(bone_right_arm) {transformation: [-0.9963f,-0.0012f,-0.086f,-0.0943f,0.085f,0.1349f,-0.9872f,-0.5962f,0.0127f,-0.9909f,-0.1343f,0.1851f,0f,0f,0f,1f],start_interpolation: 0,interpolation_duration: 1}
$data merge entity $(bone_magazine1) {transformation: [0f,0f,0f,-0.1146f,0f,0f,0f,-0.5606f,0f,0f,0f,0.5435f,0f,0f,0f,1f],start_interpolation: 0,interpolation_duration: 1}
$data merge entity $(bone_left_arm) {transformation: [-0.8339f,0.4018f,0.3785f,0.0838f,-0.3405f,0.1653f,-0.9256f,-0.6039f,-0.4345f,-0.9007f,-0.0011f,0.1966f,0f,0f,0f,1f],start_interpolation: 0,interpolation_duration: 1}
data modify entity @s data merge value {"cameras":{},"locators":{"barrel1":{"px":-0.0724982906209044,"py":-0.5912905072475431,"pz":0.8795796716558089,"ry":359.9330723591137,"rx":7.752010960726617}}}