# This file was generated by Animated Java via MC-Build. It is not recommended to edit this file directly.
$data merge entity $(muzzleflash) {transformation: [0f,0f,0f,-0.2031f,0f,0f,0f,-0.7986f,0f,0f,0f,0.4855f,0f,0f,0f,1f],start_interpolation: 0,interpolation_duration: 1}
$data merge entity $(slide) {transformation: [-0.9963f,0.0859f,-0.0012f,-0.0462f,0.085f,0.9876f,0.1323f,-0.3585f,0.0125f,0.1317f,-0.9912f,0.7226f,0f,0f,0f,1f],start_interpolation: 0,interpolation_duration: 1}
$data merge entity $(barrel) {transformation: [-0.9963f,0.0859f,-0.0012f,0.0558f,0.085f,0.9876f,0.1323f,-0.4478f,0.0125f,0.1317f,-0.9912f,0.7106f,0f,0f,0f,1f],start_interpolation: 0,interpolation_duration: 1}
$data merge entity $(magazine) {transformation: [-0.9963f,0.0859f,-0.0012f,-0.0579f,0.085f,0.9876f,0.1323f,-0.4643f,0.0125f,0.1317f,-0.9912f,0.5098f,0f,0f,0f,1f],start_interpolation: 0,interpolation_duration: 1}
$data merge entity $(grip) {transformation: [-0.9963f,0.0859f,-0.0012f,-0.0579f,0.085f,0.9876f,0.1323f,-0.4643f,0.0125f,0.1317f,-0.9912f,0.5098f,0f,0f,0f,1f],start_interpolation: 0,interpolation_duration: 1}
$data merge entity $(trigger) {transformation: [-0.9963f,0.0859f,-0.0012f,-0.0575f,0.085f,0.9876f,0.1323f,-0.464f,0.0125f,0.1317f,-0.9912f,0.5408f,0f,0f,0f,1f],start_interpolation: 0,interpolation_duration: 1}
$data merge entity $(trigger_gaurd) {transformation: [-0.9963f,0.0859f,-0.0012f,-0.055f,0.085f,0.9876f,0.1323f,-0.4398f,0.0125f,0.1317f,-0.9912f,0.5767f,0f,0f,0f,1f],start_interpolation: 0,interpolation_duration: 1}
$data merge entity $(right_arm) {transformation: [-0.9963f,-0.0012f,-0.0859f,-0.0944f,0.085f,0.1323f,-0.9876f,-0.4389f,0.0125f,-0.9912f,-0.1317f,0.1823f,0f,0f,0f,1f],start_interpolation: 0,interpolation_duration: 1}
$data merge entity $(magazine1) {transformation: [0f,0f,0f,-0.1147f,0f,0f,0f,-0.4024f,0f,0f,0f,0.5406f,0f,0f,0f,1f],start_interpolation: 0,interpolation_duration: 1}
$data merge entity $(left_arm) {transformation: [-0.8338f,0.4018f,0.3786f,0.0838f,-0.3417f,0.163f,-0.9256f,-0.4465f,-0.4336f,-0.9011f,0.0013f,0.1938f,0f,0f,0f,1f],start_interpolation: 0,interpolation_duration: 1}
data modify entity @s data merge value {"cameras":{},"locators":{"barrel1":{"px":-0.07253323546656901,"py":-0.43219572444853604,"pz":0.8767901335925323,"ry":359.9326466392137,"rx":7.602996390490225}}}