# This file was generated by Animated Java via MC-Build. It is not recommended to edit this file directly.
$data merge entity $(bone_muzzleflash) {transformation: [0f,0f,0f,-0.3281f,0f,0f,0f,-0.8204f,0f,0f,0f,0.4761f,0f,0f,0f,1f],start_interpolation: 0,interpolation_duration: 1}
$data merge entity $(bone_slide) {transformation: [-0.9963f,0.0854f,-0.0012f,-0.1714f,0.0847f,0.9893f,0.1185f,-0.377f,0.0113f,0.118f,-0.9929f,0.7071f,0f,0f,0f,1f],start_interpolation: 0,interpolation_duration: 1}
$data merge entity $(bone_barrel) {transformation: [-0.9963f,0.0854f,-0.0012f,-0.0694f,0.0847f,0.9893f,0.1185f,-0.4664f,0.0113f,0.118f,-0.9929f,0.6963f,0f,0f,0f,1f],start_interpolation: 0,interpolation_duration: 1}
$data merge entity $(bone_magazine) {transformation: [-0.9963f,0.0854f,-0.0012f,-0.1831f,0.0847f,0.9893f,0.1185f,-0.4857f,0.0113f,0.118f,-0.9929f,0.4958f,0f,0f,0f,1f],start_interpolation: 0,interpolation_duration: 1}
$data merge entity $(bone_grip) {transformation: [-0.9963f,0.0854f,-0.0012f,-0.1831f,0.0847f,0.9893f,0.1185f,-0.4857f,0.0113f,0.118f,-0.9929f,0.4958f,0f,0f,0f,1f],start_interpolation: 0,interpolation_duration: 1}
$data merge entity $(bone_trigger) {transformation: [-0.9963f,0.0854f,-0.0012f,-0.1827f,0.0847f,0.9893f,0.1185f,-0.485f,0.0113f,0.118f,-0.9929f,0.5267f,0f,0f,0f,1f],start_interpolation: 0,interpolation_duration: 1}
$data merge entity $(bone_trigger_gaurd) {transformation: [-0.9963f,0.0854f,-0.0012f,-0.1802f,0.0847f,0.9893f,0.1185f,-0.4603f,0.0113f,0.118f,-0.9929f,0.5623f,0f,0f,0f,1f],start_interpolation: 0,interpolation_duration: 1}
$data merge entity $(bone_right_arm) {transformation: [-0.9963f,-0.0012f,-0.0854f,-0.2195f,0.0847f,0.1185f,-0.9893f,-0.4649f,0.0113f,-0.9929f,-0.118f,0.1679f,0f,0f,0f,1f],start_interpolation: 0,interpolation_duration: 1}
$data merge entity $(bone_magazine1) {transformation: [0f,0f,0f,-0.2398f,0f,0f,0f,-0.4234f,0f,0f,0f,0.5257f,0f,0f,0f,1f],start_interpolation: 0,interpolation_duration: 1}
$data merge entity $(bone_left_arm) {transformation: [-0.8337f,0.4017f,0.379f,-0.0414f,-0.348f,0.1507f,-0.9253f,-0.4723f,-0.4288f,-0.9033f,0.0142f,0.1796f,0f,0f,0f,1f],start_interpolation: 0,interpolation_duration: 1}
data modify entity @s data merge value {"cameras":{},"locators":{"barrel1":{"px":-0.19770761143325946,"py":-0.44855084788378663,"pz":0.8622418834931274,"ry":359.93110993714333,"rx":6.807533658687113}}}