# This file was generated by Animated Java via MC-Build. It is not recommended to edit this file directly.
$data merge entity $(bone_muzzleflash) {transformation: [0f,0f,0f,-0.2031f,0f,0f,0f,-0.9454f,0f,0f,0f,0.4761f,0f,0f,0f,1f],start_interpolation: 0,interpolation_duration: 1}
$data merge entity $(bone_slide) {transformation: [-0.9963f,0.0854f,-0.0012f,-0.0464f,0.0847f,0.9893f,0.1185f,-0.502f,0.0113f,0.118f,-0.9929f,0.7071f,0f,0f,0f,1f],start_interpolation: 0,interpolation_duration: 1}
$data merge entity $(bone_barrel) {transformation: [-0.9963f,0.0854f,-0.0012f,0.0556f,0.0847f,0.9893f,0.1185f,-0.5914f,0.0113f,0.118f,-0.9929f,0.6963f,0f,0f,0f,1f],start_interpolation: 0,interpolation_duration: 1}
$data merge entity $(bone_magazine) {transformation: [-0.9963f,0.0854f,-0.0012f,-0.0581f,0.0847f,0.9893f,0.1185f,-0.6107f,0.0113f,0.118f,-0.9929f,0.4958f,0f,0f,0f,1f],start_interpolation: 0,interpolation_duration: 1}
$data merge entity $(bone_grip) {transformation: [-0.9963f,0.0854f,-0.0012f,-0.0581f,0.0847f,0.9893f,0.1185f,-0.6107f,0.0113f,0.118f,-0.9929f,0.4958f,0f,0f,0f,1f],start_interpolation: 0,interpolation_duration: 1}
$data merge entity $(bone_trigger) {transformation: [-0.9963f,0.0854f,-0.0012f,-0.0577f,0.0847f,0.9893f,0.1185f,-0.61f,0.0113f,0.118f,-0.9929f,0.5267f,0f,0f,0f,1f],start_interpolation: 0,interpolation_duration: 1}
$data merge entity $(bone_trigger_gaurd) {transformation: [-0.9963f,0.0854f,-0.0012f,-0.0552f,0.0847f,0.9893f,0.1185f,-0.5853f,0.0113f,0.118f,-0.9929f,0.5623f,0f,0f,0f,1f],start_interpolation: 0,interpolation_duration: 1}
$data merge entity $(bone_right_arm) {transformation: [-0.9963f,-0.0012f,-0.0854f,-0.0945f,0.0847f,0.1185f,-0.9893f,-0.5899f,0.0113f,-0.9929f,-0.118f,0.1679f,0f,0f,0f,1f],start_interpolation: 0,interpolation_duration: 1}
$data merge entity $(bone_magazine1) {transformation: [0f,0f,0f,-0.1148f,0f,0f,0f,-0.5484f,0f,0f,0f,0.5257f,0f,0f,0f,1f],start_interpolation: 0,interpolation_duration: 1}
$data merge entity $(bone_left_arm) {transformation: [-0.8337f,0.4017f,0.379f,0.0836f,-0.348f,0.1507f,-0.9253f,-0.5973f,-0.4288f,-0.9033f,0.0142f,0.1796f,0f,0f,0f,1f],start_interpolation: 0,interpolation_duration: 1}
data modify entity @s data merge value {"cameras":{},"locators":{"barrel1":{"px":-0.07270761143325945,"py":-0.5735508478837865,"pz":0.8622418834931274,"ry":359.93110993714333,"rx":6.807533658687113}}}