# This file was generated by Animated Java via MC-Build. It is not recommended to edit this file directly.
$data merge entity $(muzzleflash) {transformation: [0f,0f,0f,-0.2031f,0f,0f,0f,-0.7872f,0f,0f,0f,0.4742f,0f,0f,0f,1f],start_interpolation: 0,interpolation_duration: 1}
$data merge entity $(slide) {transformation: [-0.9964f,0.0853f,-0.0012f,-0.0465f,0.0846f,0.9897f,0.1156f,-0.3431f,0.0111f,0.1151f,-0.9933f,0.7039f,0f,0f,0f,1f],start_interpolation: 0,interpolation_duration: 1}
$data merge entity $(barrel) {transformation: [-0.9964f,0.0853f,-0.0012f,0.0556f,0.0846f,0.9897f,0.1156f,-0.4325f,0.0111f,0.1151f,-0.9933f,0.6933f,0f,0f,0f,1f],start_interpolation: 0,interpolation_duration: 1}
$data merge entity $(magazine) {transformation: [-0.9964f,0.0853f,-0.0012f,-0.0581f,0.0846f,0.9897f,0.1156f,-0.4525f,0.0111f,0.1151f,-0.9933f,0.4929f,0f,0f,0f,1f],start_interpolation: 0,interpolation_duration: 1}
$data merge entity $(grip) {transformation: [-0.9964f,0.0853f,-0.0012f,-0.0581f,0.0846f,0.9897f,0.1156f,-0.4525f,0.0111f,0.1151f,-0.9933f,0.4929f,0f,0f,0f,1f],start_interpolation: 0,interpolation_duration: 1}
$data merge entity $(trigger) {transformation: [-0.9964f,0.0853f,-0.0012f,-0.0577f,0.0846f,0.9897f,0.1156f,-0.4517f,0.0111f,0.1151f,-0.9933f,0.5238f,0f,0f,0f,1f],start_interpolation: 0,interpolation_duration: 1}
$data merge entity $(trigger_gaurd) {transformation: [-0.9964f,0.0853f,-0.0012f,-0.0552f,0.0846f,0.9897f,0.1156f,-0.4269f,0.0111f,0.1151f,-0.9933f,0.5593f,0f,0f,0f,1f],start_interpolation: 0,interpolation_duration: 1}
$data merge entity $(right_arm) {transformation: [-0.9964f,-0.0012f,-0.0853f,-0.0946f,0.0846f,0.1156f,-0.9897f,-0.4326f,0.0111f,-0.9933f,-0.1151f,0.165f,0f,0f,0f,1f],start_interpolation: 0,interpolation_duration: 1}
$data merge entity $(magazine1) {transformation: [0f,0f,0f,-0.1149f,0f,0f,0f,-0.3901f,0f,0f,0f,0.5226f,0f,0f,0f,1f],start_interpolation: 0,interpolation_duration: 1}
$data merge entity $(left_arm) {transformation: [-0.8336f,0.4017f,0.3791f,0.0836f,-0.3494f,0.1481f,-0.9252f,-0.4399f,-0.4278f,-0.9037f,0.0169f,0.1766f,0f,0f,0f,1f],start_interpolation: 0,interpolation_duration: 1}
data modify entity @s data merge value {"cameras":{},"locators":{"barrel1":{"px":-0.07274174658608708,"py":-0.41421105668135494,"pz":0.8592304393418739,"ry":359.93093304418124,"rx":6.639798844643748}}}