# This file was generated by Animated Java via MC-Build. It is not recommended to edit this file directly.
$data merge entity $(bone_muzzleflash) {transformation: [0f,0f,0f,-0.3281f,0f,0f,0f,-0.8184f,0f,0f,0f,0.4742f,0f,0f,0f,1f],start_interpolation: 0,interpolation_duration: 1}
$data merge entity $(bone_slide) {transformation: [-0.9964f,0.0853f,-0.0012f,-0.1715f,0.0846f,0.9897f,0.1156f,-0.3744f,0.0111f,0.1151f,-0.9933f,0.7039f,0f,0f,0f,1f],start_interpolation: 0,interpolation_duration: 1}
$data merge entity $(bone_barrel) {transformation: [-0.9964f,0.0853f,-0.0012f,-0.0694f,0.0846f,0.9897f,0.1156f,-0.4638f,0.0111f,0.1151f,-0.9933f,0.6933f,0f,0f,0f,1f],start_interpolation: 0,interpolation_duration: 1}
$data merge entity $(bone_magazine) {transformation: [-0.9964f,0.0853f,-0.0012f,-0.1831f,0.0846f,0.9897f,0.1156f,-0.4837f,0.0111f,0.1151f,-0.9933f,0.4929f,0f,0f,0f,1f],start_interpolation: 0,interpolation_duration: 1}
$data merge entity $(bone_grip) {transformation: [-0.9964f,0.0853f,-0.0012f,-0.1831f,0.0846f,0.9897f,0.1156f,-0.4837f,0.0111f,0.1151f,-0.9933f,0.4929f,0f,0f,0f,1f],start_interpolation: 0,interpolation_duration: 1}
$data merge entity $(bone_trigger) {transformation: [-0.9964f,0.0853f,-0.0012f,-0.1827f,0.0846f,0.9897f,0.1156f,-0.4829f,0.0111f,0.1151f,-0.9933f,0.5238f,0f,0f,0f,1f],start_interpolation: 0,interpolation_duration: 1}
$data merge entity $(bone_trigger_gaurd) {transformation: [-0.9964f,0.0853f,-0.0012f,-0.1802f,0.0846f,0.9897f,0.1156f,-0.4581f,0.0111f,0.1151f,-0.9933f,0.5593f,0f,0f,0f,1f],start_interpolation: 0,interpolation_duration: 1}
$data merge entity $(bone_right_arm) {transformation: [-0.9964f,-0.0012f,-0.0853f,-0.2196f,0.0846f,0.1156f,-0.9897f,-0.4639f,0.0111f,-0.9933f,-0.1151f,0.165f,0f,0f,0f,1f],start_interpolation: 0,interpolation_duration: 1}
$data merge entity $(bone_magazine1) {transformation: [0f,0f,0f,-0.2399f,0f,0f,0f,-0.4213f,0f,0f,0f,0.5226f,0f,0f,0f,1f],start_interpolation: 0,interpolation_duration: 1}
$data merge entity $(bone_left_arm) {transformation: [-0.8336f,0.4017f,0.3791f,-0.0414f,-0.3494f,0.1481f,-0.9252f,-0.4712f,-0.4278f,-0.9037f,0.0169f,0.1766f,0f,0f,0f,1f],start_interpolation: 0,interpolation_duration: 1}
data modify entity @s data merge value {"cameras":{},"locators":{"barrel1":{"px":-0.1977417465860871,"py":-0.44546105668135494,"pz":0.8592304393418739,"ry":359.93093304418124,"rx":6.639798844643748}}}