# This file was generated by Animated Java via MC-Build. It is not recommended to edit this file directly.
$data merge entity $(bone_muzzleflash) {transformation: [0f,0f,0f,-0.2031f,0f,0f,0f,-0.6924f,0f,0f,0f,0.4f,0f,0f,0f,1f],start_interpolation: 0,interpolation_duration: 1}
$data merge entity $(bone_slide) {transformation: [-0.9912f,0.1326f,-0.0011f,-0.0245f,0.1326f,0.9912f,-0.0037f,-0.2321f,0.0006f,-0.0038f,-1f,0.5751f,0f,0f,0f,1f],start_interpolation: 0,interpolation_duration: 1}
$data merge entity $(bone_barrel) {transformation: [-0.9912f,0.1326f,-0.0011f,0.0732f,0.1326f,0.9912f,-0.0037f,-0.3268f,0.0006f,-0.0038f,-1f,0.5753f,0f,0f,0f,1f],start_interpolation: 0,interpolation_duration: 1}
$data merge entity $(bone_magazine) {transformation: [-0.9912f,0.1326f,-0.0011f,-0.0424f,0.1326f,0.9912f,-0.0037f,-0.3652f,0.0006f,-0.0038f,-1f,0.3787f,0f,0f,0f,1f],start_interpolation: 0,interpolation_duration: 1}
$data merge entity $(bone_grip) {transformation: [-0.9912f,0.1326f,-0.0011f,-0.0424f,0.1326f,0.9912f,-0.0037f,-0.3652f,0.0006f,-0.0038f,-1f,0.3787f,0f,0f,0f,1f],start_interpolation: 0,interpolation_duration: 1}
$data merge entity $(bone_trigger) {transformation: [-0.9912f,0.1326f,-0.0011f,-0.0418f,0.1326f,0.9912f,-0.0037f,-0.3607f,0.0006f,-0.0038f,-1f,0.4093f,0f,0f,0f,1f],start_interpolation: 0,interpolation_duration: 1}
$data merge entity $(bone_trigger_gaurd) {transformation: [-0.9912f,0.1326f,-0.0011f,-0.0379f,0.1326f,0.9912f,-0.0037f,-0.332f,0.0006f,-0.0038f,-1f,0.4416f,0f,0f,0f,1f],start_interpolation: 0,interpolation_duration: 1}
$data merge entity $(bone_right_arm) {transformation: [-0.9912f,-0.0011f,-0.1326f,-0.0796f,0.1326f,-0.0037f,-0.9912f,-0.3828f,0.0006f,-1f,0.0038f,0.0507f,0f,0f,0f,1f],start_interpolation: 0,interpolation_duration: 1}
$data merge entity $(bone_magazine1) {transformation: [0f,0f,0f,-0.096f,0f,0f,0f,-0.297f,0f,0f,0f,0.4007f,0f,0f,0f,1f],start_interpolation: 0,interpolation_duration: 1}
$data merge entity $(bone_left_arm) {transformation: [-0.8515f,0.4034f,0.3351f,0.098f,-0.3579f,0.02f,-0.9335f,-0.3972f,-0.3833f,-0.9148f,0.1273f,0.0632f,0f,0f,0f,1f],start_interpolation: 0,interpolation_duration: 1}
data modify entity @s data merge value {"cameras":{},"locators":{"barrel1":{"px":-0.05321458843428774,"py":-0.2828168836981082,"pz":0.7378247733237651,"ry":359.93669809941025,"rx":-0.21320413651558778}}}