# This file was generated by Animated Java via MC-Build. It is not recommended to edit this file directly.
$data merge entity $(bone_muzzleflash) {transformation: [0f,0f,0f,-0.2031f,0f,0f,0f,-0.9355f,0f,0f,0f,0.4664f,0f,0f,0f,1f],start_interpolation: 0,interpolation_duration: 1}
$data merge entity $(bone_slide) {transformation: [-0.9964f,0.085f,-0.0012f,-0.0466f,0.0844f,0.991f,0.1036f,-0.4887f,0.01f,0.1031f,-0.9946f,0.6907f,0f,0f,0f,1f],start_interpolation: 0,interpolation_duration: 1}
$data merge entity $(bone_barrel) {transformation: [-0.9964f,0.085f,-0.0012f,0.0555f,0.0844f,0.991f,0.1036f,-0.5781f,0.01f,0.1031f,-0.9946f,0.6813f,0f,0f,0f,1f],start_interpolation: 0,interpolation_duration: 1}
$data merge entity $(bone_magazine) {transformation: [-0.9964f,0.085f,-0.0012f,-0.0582f,0.0844f,0.991f,0.1036f,-0.6005f,0.01f,0.1031f,-0.9946f,0.4811f,0f,0f,0f,1f],start_interpolation: 0,interpolation_duration: 1}
$data merge entity $(bone_grip) {transformation: [-0.9964f,0.085f,-0.0012f,-0.0582f,0.0844f,0.991f,0.1036f,-0.6005f,0.01f,0.1031f,-0.9946f,0.4811f,0f,0f,0f,1f],start_interpolation: 0,interpolation_duration: 1}
$data merge entity $(bone_trigger) {transformation: [-0.9964f,0.085f,-0.0012f,-0.0578f,0.0844f,0.991f,0.1036f,-0.5994f,0.01f,0.1031f,-0.9946f,0.512f,0f,0f,0f,1f],start_interpolation: 0,interpolation_duration: 1}
$data merge entity $(bone_trigger_gaurd) {transformation: [-0.9964f,0.085f,-0.0012f,-0.0553f,0.0844f,0.991f,0.1036f,-0.5741f,0.01f,0.1031f,-0.9946f,0.5472f,0f,0f,0f,1f],start_interpolation: 0,interpolation_duration: 1}
$data merge entity $(bone_right_arm) {transformation: [-0.9964f,-0.0012f,-0.085f,-0.0947f,0.0844f,0.1036f,-0.991f,-0.5847f,0.01f,-0.9946f,-0.1031f,0.1529f,0f,0f,0f,1f],start_interpolation: 0,interpolation_duration: 1}
$data merge entity $(bone_magazine1) {transformation: [0f,0f,0f,-0.115f,0f,0f,0f,-0.5378f,0f,0f,0f,0.5101f,0f,0f,0f,1f],start_interpolation: 0,interpolation_duration: 1}
$data merge entity $(bone_left_arm) {transformation: [-0.8335f,0.4017f,0.3794f,0.0835f,-0.3548f,0.1373f,-0.9248f,-0.5918f,-0.4236f,-0.9054f,0.0281f,0.1647f,0f,0f,0f,1f],start_interpolation: 0,interpolation_duration: 1}
data modify entity @s data merge value {"cameras":{},"locators":{"barrel1":{"px":-0.0728724649507952,"py":-0.5578427633791709,"pz":0.846933849016546,"ry":359.9306938236243,"rx":5.946888726106283}}}