# This file was generated by Animated Java via MC-Build. It is not recommended to edit this file directly.
$data merge entity $(muzzleflash) {transformation: [0f,0f,0f,-0.2031f,0f,0f,0f,-0.7772f,0f,0f,0f,0.4645f,0f,0f,0f,1f],start_interpolation: 0,interpolation_duration: 1}
$data merge entity $(slide) {transformation: [-0.9964f,0.0849f,-0.0012f,-0.0467f,0.0844f,0.9913f,0.1005f,-0.3297f,0.0097f,0.1001f,-0.9949f,0.6874f,0f,0f,0f,1f],start_interpolation: 0,interpolation_duration: 1}
$data merge entity $(barrel) {transformation: [-0.9964f,0.0849f,-0.0012f,0.0554f,0.0844f,0.9913f,0.1005f,-0.4192f,0.0097f,0.1001f,-0.9949f,0.6782f,0f,0f,0f,1f],start_interpolation: 0,interpolation_duration: 1}
$data merge entity $(magazine) {transformation: [-0.9964f,0.0849f,-0.0012f,-0.0582f,0.0844f,0.9913f,0.1005f,-0.4422f,0.0097f,0.1001f,-0.9949f,0.4781f,0f,0f,0f,1f],start_interpolation: 0,interpolation_duration: 1}
$data merge entity $(grip) {transformation: [-0.9964f,0.0849f,-0.0012f,-0.0582f,0.0844f,0.9913f,0.1005f,-0.4422f,0.0097f,0.1001f,-0.9949f,0.4781f,0f,0f,0f,1f],start_interpolation: 0,interpolation_duration: 1}
$data merge entity $(trigger) {transformation: [-0.9964f,0.0849f,-0.0012f,-0.0578f,0.0844f,0.9913f,0.1005f,-0.441f,0.0097f,0.1001f,-0.9949f,0.509f,0f,0f,0f,1f],start_interpolation: 0,interpolation_duration: 1}
$data merge entity $(trigger_gaurd) {transformation: [-0.9964f,0.0849f,-0.0012f,-0.0553f,0.0844f,0.9913f,0.1005f,-0.4156f,0.0097f,0.1001f,-0.9949f,0.5442f,0f,0f,0f,1f],start_interpolation: 0,interpolation_duration: 1}
$data merge entity $(right_arm) {transformation: [-0.9964f,-0.0012f,-0.0849f,-0.0947f,0.0844f,0.1005f,-0.9913f,-0.4274f,0.0097f,-0.9949f,-0.1001f,0.1499f,0f,0f,0f,1f],start_interpolation: 0,interpolation_duration: 1}
$data merge entity $(magazine1) {transformation: [0f,0f,0f,-0.115f,0f,0f,0f,-0.3794f,0f,0f,0f,0.5069f,0f,0f,0f,1f],start_interpolation: 0,interpolation_duration: 1}
$data merge entity $(left_arm) {transformation: [-0.8335f,0.4017f,0.3794f,0.0835f,-0.3562f,0.1345f,-0.9247f,-0.4344f,-0.4225f,-0.9058f,0.031f,0.1617f,0f,0f,0f,1f],start_interpolation: 0,interpolation_duration: 1}
data modify entity @s data merge value {"cameras":{},"locators":{"barrel1":{"px":-0.07290316107739508,"py":-0.39838976515016616,"pz":0.8438104818574808,"ry":359.9307524619551,"rx":5.769193979762953}}}