# This file was generated by Animated Java via MC-Build. It is not recommended to edit this file directly.
$data merge entity $(bone_muzzleflash) {transformation: [0f,0f,0f,-0.2031f,0f,0f,0f,-0.9314f,0f,0f,0f,0.4625f,0f,0f,0f,1f],start_interpolation: 0,interpolation_duration: 1}
$data merge entity $(bone_slide) {transformation: [-0.9964f,0.0849f,-0.0012f,-0.0467f,0.0844f,0.9917f,0.0974f,-0.4832f,0.0095f,0.097f,-0.9952f,0.684f,0f,0f,0f,1f],start_interpolation: 0,interpolation_duration: 1}
$data merge entity $(bone_barrel) {transformation: [-0.9964f,0.0849f,-0.0012f,0.0554f,0.0844f,0.9917f,0.0974f,-0.5727f,0.0095f,0.097f,-0.9952f,0.6752f,0f,0f,0f,1f],start_interpolation: 0,interpolation_duration: 1}
$data merge entity $(bone_magazine) {transformation: [-0.9964f,0.0849f,-0.0012f,-0.0583f,0.0844f,0.9917f,0.0974f,-0.5964f,0.0095f,0.097f,-0.9952f,0.4751f,0f,0f,0f,1f],start_interpolation: 0,interpolation_duration: 1}
$data merge entity $(bone_grip) {transformation: [-0.9964f,0.0849f,-0.0012f,-0.0583f,0.0844f,0.9917f,0.0974f,-0.5964f,0.0095f,0.097f,-0.9952f,0.4751f,0f,0f,0f,1f],start_interpolation: 0,interpolation_duration: 1}
$data merge entity $(bone_trigger) {transformation: [-0.9964f,0.0849f,-0.0012f,-0.0578f,0.0844f,0.9917f,0.0974f,-0.595f,0.0095f,0.097f,-0.9952f,0.506f,0f,0f,0f,1f],start_interpolation: 0,interpolation_duration: 1}
$data merge entity $(bone_trigger_gaurd) {transformation: [-0.9964f,0.0849f,-0.0012f,-0.0554f,0.0844f,0.9917f,0.0974f,-0.5696f,0.0095f,0.097f,-0.9952f,0.5411f,0f,0f,0f,1f],start_interpolation: 0,interpolation_duration: 1}
$data merge entity $(bone_right_arm) {transformation: [-0.9964f,-0.0012f,-0.0849f,-0.0947f,0.0844f,0.0974f,-0.9917f,-0.5826f,0.0095f,-0.9952f,-0.097f,0.1469f,0f,0f,0f,1f],start_interpolation: 0,interpolation_duration: 1}
$data merge entity $(bone_magazine1) {transformation: [0f,0f,0f,-0.1151f,0f,0f,0f,-0.5335f,0f,0f,0f,0.5037f,0f,0f,0f,1f],start_interpolation: 0,interpolation_duration: 1}
$data merge entity $(bone_left_arm) {transformation: [-0.8334f,0.4017f,0.3795f,0.0834f,-0.3575f,0.1317f,-0.9246f,-0.5896f,-0.4214f,-0.9063f,0.0339f,0.1587f,0f,0f,0f,1f],start_interpolation: 0,interpolation_duration: 1}
data modify entity @s data merge value {"cameras":{},"locators":{"barrel1":{"px":-0.07293284650933299,"py":-0.5514238886314221,"pz":0.8406728770745528,"ry":359.93085808267244,"rx":5.5901225438780004}}}