# This file was generated by Animated Java via MC-Build. It is not recommended to edit this file directly.
$data merge entity $(bone_muzzleflash) {transformation: [0f,0f,0f,-0.2031f,0f,0f,0f,-0.8255f,0f,0f,0f,0.4508f,0f,0f,0f,1f],start_interpolation: 0,interpolation_duration: 1}
$data merge entity $(bone_slide) {transformation: [-0.9964f,0.0845f,-0.0012f,-0.0469f,0.0842f,0.9934f,0.0784f,-0.3731f,0.0078f,0.078f,-0.9969f,0.6638f,0f,0f,0f,1f],start_interpolation: 0,interpolation_duration: 1}
$data merge entity $(bone_barrel) {transformation: [-0.9964f,0.0845f,-0.0012f,0.0553f,0.0842f,0.9934f,0.0784f,-0.4627f,0.0078f,0.078f,-0.9969f,0.6566f,0f,0f,0f,1f],start_interpolation: 0,interpolation_duration: 1}
$data merge entity $(bone_magazine) {transformation: [-0.9964f,0.0845f,-0.0012f,-0.0584f,0.0842f,0.9934f,0.0784f,-0.4902f,0.0078f,0.078f,-0.9969f,0.457f,0f,0f,0f,1f],start_interpolation: 0,interpolation_duration: 1}
$data merge entity $(bone_grip) {transformation: [-0.9964f,0.0845f,-0.0012f,-0.0584f,0.0842f,0.9934f,0.0784f,-0.4902f,0.0078f,0.078f,-0.9969f,0.457f,0f,0f,0f,1f],start_interpolation: 0,interpolation_duration: 1}
$data merge entity $(bone_trigger) {transformation: [-0.9964f,0.0845f,-0.0012f,-0.058f,0.0842f,0.9934f,0.0784f,-0.4883f,0.0078f,0.078f,-0.9969f,0.4879f,0f,0f,0f,1f],start_interpolation: 0,interpolation_duration: 1}
$data merge entity $(bone_trigger_gaurd) {transformation: [-0.9964f,0.0845f,-0.0012f,-0.0555f,0.0842f,0.9934f,0.0784f,-0.4621f,0.0078f,0.078f,-0.9969f,0.5225f,0f,0f,0f,1f],start_interpolation: 0,interpolation_duration: 1}
$data merge entity $(bone_right_arm) {transformation: [-0.9964f,-0.0012f,-0.0845f,-0.0948f,0.0842f,0.0784f,-0.9934f,-0.4827f,0.0078f,-0.9969f,-0.078f,0.1286f,0f,0f,0f,1f],start_interpolation: 0,interpolation_duration: 1}
$data merge entity $(bone_magazine1) {transformation: [0f,0f,0f,-0.1152f,0f,0f,0f,-0.4268f,0f,0f,0f,0.4844f,0f,0f,0f,1f],start_interpolation: 0,interpolation_duration: 1}
$data merge entity $(bone_left_arm) {transformation: [-0.8333f,0.4017f,0.3798f,0.0833f,-0.3658f,0.1145f,-0.9236f,-0.4894f,-0.4145f,-0.9086f,0.0515f,0.1405f,0f,0f,0f,1f],start_interpolation: 0,interpolation_duration: 1}
data modify entity @s data merge value {"cameras":{},"locators":{"barrel1":{"px":-0.0730833700360532,"py":-0.43828728660460725,"pz":0.821703691542486,"ry":359.93242359452097,"rx":4.49826880999992}}}