# This file was generated by Animated Java via MC-Build. It is not recommended to edit this file directly.
$data merge entity $(muzzleflash) {transformation: [0f,0f,0f,-0.2031f,0f,0f,0f,-0.761f,0f,0f,0f,0.4489f,0f,0f,0f,1f],start_interpolation: 0,interpolation_duration: 1}
$data merge entity $(slide) {transformation: [-0.9964f,0.0845f,-0.0012f,-0.0469f,0.0842f,0.9936f,0.0752f,-0.3078f,0.0075f,0.0749f,-0.9972f,0.6604f,0f,0f,0f,1f],start_interpolation: 0,interpolation_duration: 1}
$data merge entity $(barrel) {transformation: [-0.9964f,0.0845f,-0.0012f,0.0553f,0.0842f,0.9936f,0.0752f,-0.3975f,0.0075f,0.0749f,-0.9972f,0.6536f,0f,0f,0f,1f],start_interpolation: 0,interpolation_duration: 1}
$data merge entity $(magazine) {transformation: [-0.9964f,0.0845f,-0.0012f,-0.0584f,0.0842f,0.9936f,0.0752f,-0.4257f,0.0075f,0.0749f,-0.9972f,0.454f,0f,0f,0f,1f],start_interpolation: 0,interpolation_duration: 1}
$data merge entity $(grip) {transformation: [-0.9964f,0.0845f,-0.0012f,-0.0584f,0.0842f,0.9936f,0.0752f,-0.4257f,0.0075f,0.0749f,-0.9972f,0.454f,0f,0f,0f,1f],start_interpolation: 0,interpolation_duration: 1}
$data merge entity $(trigger) {transformation: [-0.9964f,0.0845f,-0.0012f,-0.058f,0.0842f,0.9936f,0.0752f,-0.4236f,0.0075f,0.0749f,-0.9972f,0.4849f,0f,0f,0f,1f],start_interpolation: 0,interpolation_duration: 1}
$data merge entity $(trigger_gaurd) {transformation: [-0.9964f,0.0845f,-0.0012f,-0.0555f,0.0842f,0.9936f,0.0752f,-0.3974f,0.0075f,0.0749f,-0.9972f,0.5194f,0f,0f,0f,1f],start_interpolation: 0,interpolation_duration: 1}
$data merge entity $(right_arm) {transformation: [-0.9964f,-0.0012f,-0.0845f,-0.0948f,0.0842f,0.0752f,-0.9936f,-0.4191f,0.0075f,-0.9972f,-0.0749f,0.1256f,0f,0f,0f,1f],start_interpolation: 0,interpolation_duration: 1}
$data merge entity $(magazine1) {transformation: [0f,0f,0f,-0.1152f,0f,0f,0f,-0.3621f,0f,0f,0f,0.4812f,0f,0f,0f,1f],start_interpolation: 0,interpolation_duration: 1}
$data merge entity $(left_arm) {transformation: [-0.8333f,0.4017f,0.3799f,0.0833f,-0.3671f,0.1116f,-0.9234f,-0.4258f,-0.4134f,-0.9089f,0.0544f,0.1376f,0f,0f,0f,1f],start_interpolation: 0,interpolation_duration: 1}
data modify entity @s data merge value {"cameras":{},"locators":{"barrel1":{"px":-0.07310276615386214,"py":-0.3725704591563079,"pz":0.8185444999191608,"ry":359.9328254752758,"rx":4.315303204457968}}}