# This file was generated by Animated Java via MC-Build. It is not recommended to edit this file directly.
$data merge entity $(bone_muzzleflash) {transformation: [0f,0f,0f,-0.2031f,0f,0f,0f,-0.6925f,0f,0f,0f,0.4f,0f,0f,0f,1f],start_interpolation: 0,interpolation_duration: 1}
$data merge entity $(bone_slide) {transformation: [-0.9911f,0.1328f,-0.0011f,-0.0243f,0.1328f,0.9911f,-0.0031f,-0.2324f,0.0007f,-0.0033f,-1f,0.5754f,0f,0f,0f,1f],start_interpolation: 0,interpolation_duration: 1}
$data merge entity $(bone_barrel) {transformation: [-0.9911f,0.1328f,-0.0011f,0.0733f,0.1328f,0.9911f,-0.0031f,-0.3271f,0.0007f,-0.0033f,-1f,0.5756f,0f,0f,0f,1f],start_interpolation: 0,interpolation_duration: 1}
$data merge entity $(bone_magazine) {transformation: [-0.9911f,0.1328f,-0.0011f,-0.0423f,0.1328f,0.9911f,-0.0031f,-0.3653f,0.0007f,-0.0033f,-1f,0.3788f,0f,0f,0f,1f],start_interpolation: 0,interpolation_duration: 1}
$data merge entity $(bone_grip) {transformation: [-0.9911f,0.1328f,-0.0011f,-0.0423f,0.1328f,0.9911f,-0.0031f,-0.3653f,0.0007f,-0.0033f,-1f,0.3788f,0f,0f,0f,1f],start_interpolation: 0,interpolation_duration: 1}
$data merge entity $(bone_trigger) {transformation: [-0.9911f,0.1328f,-0.0011f,-0.0417f,0.1328f,0.9911f,-0.0031f,-0.3609f,0.0007f,-0.0033f,-1f,0.4095f,0f,0f,0f,1f],start_interpolation: 0,interpolation_duration: 1}
$data merge entity $(bone_trigger_gaurd) {transformation: [-0.9911f,0.1328f,-0.0011f,-0.0378f,0.1328f,0.9911f,-0.0031f,-0.3321f,0.0007f,-0.0033f,-1f,0.4418f,0f,0f,0f,1f],start_interpolation: 0,interpolation_duration: 1}
$data merge entity $(bone_right_arm) {transformation: [-0.9911f,-0.0011f,-0.1328f,-0.0795f,0.1328f,-0.0031f,-0.9911f,-0.3828f,0.0007f,-1f,0.0033f,0.0509f,0f,0f,0f,1f],start_interpolation: 0,interpolation_duration: 1}
$data merge entity $(bone_magazine1) {transformation: [0f,0f,0f,-0.0959f,0f,0f,0f,-0.2971f,0f,0f,0f,0.401f,0f,0f,0f,1f],start_interpolation: 0,interpolation_duration: 1}
$data merge entity $(bone_left_arm) {transformation: [-0.8516f,0.4034f,0.3348f,0.0981f,-0.3574f,0.0204f,-0.9337f,-0.3972f,-0.3835f,-0.9148f,0.1268f,0.0634f,0f,0f,0f,1f],start_interpolation: 0,interpolation_duration: 1}
data modify entity @s data merge value {"cameras":{},"locators":{"barrel1":{"px":-0.05310490328024338,"py":-0.28315778581063744,"pz":0.7380645730695347,"ry":359.9381405258027,"rx":-0.18018262437340324}}}