# This file was generated by Animated Java via MC-Build. It is not recommended to edit this file directly.
$data merge entity $(bone_muzzleflash) {transformation: [0f,0f,0f,-0.3281f,0f,0f,0f,-0.7902f,0f,0f,0f,0.447f,0f,0f,0f,1f],start_interpolation: 0,interpolation_duration: 1}
$data merge entity $(bone_slide) {transformation: [-0.9964f,0.0845f,-0.0012f,-0.1719f,0.0842f,0.9938f,0.0721f,-0.3364f,0.0072f,0.0717f,-0.9974f,0.6571f,0f,0f,0f,1f],start_interpolation: 0,interpolation_duration: 1}
$data merge entity $(bone_barrel) {transformation: [-0.9964f,0.0845f,-0.0012f,-0.0697f,0.0842f,0.9938f,0.0721f,-0.426f,0.0072f,0.0717f,-0.9974f,0.6505f,0f,0f,0f,1f],start_interpolation: 0,interpolation_duration: 1}
$data merge entity $(bone_magazine) {transformation: [-0.9964f,0.0845f,-0.0012f,-0.1834f,0.0842f,0.9938f,0.0721f,-0.4549f,0.0072f,0.0717f,-0.9974f,0.4511f,0f,0f,0f,1f],start_interpolation: 0,interpolation_duration: 1}
$data merge entity $(bone_grip) {transformation: [-0.9964f,0.0845f,-0.0012f,-0.1834f,0.0842f,0.9938f,0.0721f,-0.4549f,0.0072f,0.0717f,-0.9974f,0.4511f,0f,0f,0f,1f],start_interpolation: 0,interpolation_duration: 1}
$data merge entity $(bone_trigger) {transformation: [-0.9964f,0.0845f,-0.0012f,-0.183f,0.0842f,0.9938f,0.0721f,-0.4527f,0.0072f,0.0717f,-0.9974f,0.4819f,0f,0f,0f,1f],start_interpolation: 0,interpolation_duration: 1}
$data merge entity $(bone_trigger_gaurd) {transformation: [-0.9964f,0.0845f,-0.0012f,-0.1805f,0.0842f,0.9938f,0.0721f,-0.4264f,0.0072f,0.0717f,-0.9974f,0.5164f,0f,0f,0f,1f],start_interpolation: 0,interpolation_duration: 1}
$data merge entity $(bone_right_arm) {transformation: [-0.9964f,-0.0012f,-0.0845f,-0.2198f,0.0842f,0.0721f,-0.9938f,-0.4494f,0.0072f,-0.9974f,-0.0717f,0.1226f,0f,0f,0f,1f],start_interpolation: 0,interpolation_duration: 1}
$data merge entity $(bone_magazine1) {transformation: [0f,0f,0f,-0.2402f,0f,0f,0f,-0.3913f,0f,0f,0f,0.4781f,0f,0f,0f,1f],start_interpolation: 0,interpolation_duration: 1}
$data merge entity $(bone_left_arm) {transformation: [-0.8333f,0.4017f,0.3799f,-0.0417f,-0.3685f,0.1088f,-0.9233f,-0.4561f,-0.4122f,-0.9093f,0.0574f,0.1346f,0f,0f,0f,1f],start_interpolation: 0,interpolation_duration: 1}
data modify entity @s data merge value {"cameras":{},"locators":{"barrel1":{"px":-0.19812021553958095,"py":-0.40061603315430755,"pz":0.8153935838496362,"ry":359.93326213920886,"rx":4.132601654451888}}}