# This file was generated by Animated Java via MC-Build. It is not recommended to edit this file directly.
$data merge entity $(bone_muzzleflash) {transformation: [0f,0f,0f,-0.3281f,0f,0f,0f,-0.7882f,0f,0f,0f,0.4451f,0f,0f,0f,1f],start_interpolation: 0,interpolation_duration: 1}
$data merge entity $(bone_slide) {transformation: [-0.9964f,0.0844f,-0.0012f,-0.1719f,0.0841f,0.9941f,0.0689f,-0.3337f,0.007f,0.0685f,-0.9976f,0.6537f,0f,0f,0f,1f],start_interpolation: 0,interpolation_duration: 1}
$data merge entity $(bone_barrel) {transformation: [-0.9964f,0.0844f,-0.0012f,-0.0698f,0.0841f,0.9941f,0.0689f,-0.4234f,0.007f,0.0685f,-0.9976f,0.6474f,0f,0f,0f,1f],start_interpolation: 0,interpolation_duration: 1}
$data merge entity $(bone_magazine) {transformation: [-0.9964f,0.0844f,-0.0012f,-0.1834f,0.0841f,0.9941f,0.0689f,-0.4528f,0.007f,0.0685f,-0.9976f,0.4481f,0f,0f,0f,1f],start_interpolation: 0,interpolation_duration: 1}
$data merge entity $(bone_grip) {transformation: [-0.9964f,0.0844f,-0.0012f,-0.1834f,0.0841f,0.9941f,0.0689f,-0.4528f,0.007f,0.0685f,-0.9976f,0.4481f,0f,0f,0f,1f],start_interpolation: 0,interpolation_duration: 1}
$data merge entity $(bone_trigger) {transformation: [-0.9964f,0.0844f,-0.0012f,-0.183f,0.0841f,0.9941f,0.0689f,-0.4506f,0.007f,0.0685f,-0.9976f,0.4789f,0f,0f,0f,1f],start_interpolation: 0,interpolation_duration: 1}
$data merge entity $(bone_trigger_gaurd) {transformation: [-0.9964f,0.0844f,-0.0012f,-0.1805f,0.0841f,0.9941f,0.0689f,-0.4241f,0.007f,0.0685f,-0.9976f,0.5133f,0f,0f,0f,1f],start_interpolation: 0,interpolation_duration: 1}
$data merge entity $(bone_right_arm) {transformation: [-0.9964f,-0.0012f,-0.0844f,-0.2198f,0.0841f,0.0689f,-0.9941f,-0.4484f,0.007f,-0.9976f,-0.0685f,0.1196f,0f,0f,0f,1f],start_interpolation: 0,interpolation_duration: 1}
$data merge entity $(bone_magazine1) {transformation: [0f,0f,0f,-0.2402f,0f,0f,0f,-0.3891f,0f,0f,0f,0.4749f,0f,0f,0f,1f],start_interpolation: 0,interpolation_duration: 1}
$data merge entity $(bone_left_arm) {transformation: [-0.8332f,0.4017f,0.3799f,-0.0417f,-0.3698f,0.1059f,-0.9231f,-0.455f,-0.411f,-0.9096f,0.0603f,0.1316f,0f,0f,0f,1f],start_interpolation: 0,interpolation_duration: 1}
data modify entity @s data merge value {"cameras":{},"locators":{"barrel1":{"px":-0.19813559511906934,"py":-0.39742709006387555,"pz":0.8122538341303219,"ry":359.9337310448761,"rx":3.9503692476235326}}}