# This file was generated by Animated Java via MC-Build. It is not recommended to edit this file directly.
$data merge entity $(muzzleflash) {transformation: [0f,0f,0f,-0.2031f,0f,0f,0f,-0.7529f,0f,0f,0f,0.4413f,0f,0f,0f,1f],start_interpolation: 0,interpolation_duration: 1}
$data merge entity $(slide) {transformation: [-0.9964f,0.0844f,-0.0011f,-0.0469f,0.0841f,0.9945f,0.0626f,-0.2971f,0.0064f,0.0623f,-0.998f,0.6471f,0f,0f,0f,1f],start_interpolation: 0,interpolation_duration: 1}
$data merge entity $(barrel) {transformation: [-0.9964f,0.0844f,-0.0011f,0.0552f,0.0841f,0.9945f,0.0626f,-0.3868f,0.0064f,0.0623f,-0.998f,0.6414f,0f,0f,0f,1f],start_interpolation: 0,interpolation_duration: 1}
$data merge entity $(magazine) {transformation: [-0.9964f,0.0844f,-0.0011f,-0.0584f,0.0841f,0.9945f,0.0626f,-0.4176f,0.0064f,0.0623f,-0.998f,0.4422f,0f,0f,0f,1f],start_interpolation: 0,interpolation_duration: 1}
$data merge entity $(grip) {transformation: [-0.9964f,0.0844f,-0.0011f,-0.0584f,0.0841f,0.9945f,0.0626f,-0.4176f,0.0064f,0.0623f,-0.998f,0.4422f,0f,0f,0f,1f],start_interpolation: 0,interpolation_duration: 1}
$data merge entity $(trigger) {transformation: [-0.9964f,0.0844f,-0.0011f,-0.058f,0.0841f,0.9945f,0.0626f,-0.4151f,0.0064f,0.0623f,-0.998f,0.4731f,0f,0f,0f,1f],start_interpolation: 0,interpolation_duration: 1}
$data merge entity $(trigger_gaurd) {transformation: [-0.9964f,0.0844f,-0.0011f,-0.0555f,0.0841f,0.9945f,0.0626f,-0.3884f,0.0064f,0.0623f,-0.998f,0.5072f,0f,0f,0f,1f],start_interpolation: 0,interpolation_duration: 1}
$data merge entity $(right_arm) {transformation: [-0.9964f,-0.0011f,-0.0844f,-0.0948f,0.0841f,0.0626f,-0.9945f,-0.4152f,0.0064f,-0.998f,-0.0623f,0.1137f,0f,0f,0f,1f],start_interpolation: 0,interpolation_duration: 1}
$data merge entity $(magazine1) {transformation: [0f,0f,0f,-0.1153f,0f,0f,0f,-0.3537f,0f,0f,0f,0.4686f,0f,0f,0f,1f],start_interpolation: 0,interpolation_duration: 1}
$data merge entity $(left_arm) {transformation: [-0.8332f,0.4017f,0.38f,0.0833f,-0.3724f,0.1001f,-0.9226f,-0.4217f,-0.4087f,-0.9103f,0.0662f,0.1258f,0f,0f,0f,1f],start_interpolation: 0,interpolation_duration: 1}
data modify entity @s data merge value {"cameras":{},"locators":{"barrel1":{"px":-0.07315964726878714,"py":-0.35985788915449896,"pz":0.8060194794687638,"ry":359.9347544671979,"rx":3.5881322079856504}}}