# This file was generated by Animated Java via MC-Build. It is not recommended to edit this file directly.
$data merge entity $(bone_muzzleflash) {transformation: [0f,0f,0f,-0.2031f,0f,0f,0f,-0.8095f,0f,0f,0f,0.4358f,0f,0f,0f,1f],start_interpolation: 0,interpolation_duration: 1}
$data merge entity $(bone_slide) {transformation: [-0.9964f,0.0844f,-0.0011f,-0.0469f,0.0842f,0.995f,0.0533f,-0.3518f,0.0056f,0.053f,-0.9986f,0.6373f,0f,0f,0f,1f],start_interpolation: 0,interpolation_duration: 1}
$data merge entity $(bone_barrel) {transformation: [-0.9964f,0.0844f,-0.0011f,0.0552f,0.0842f,0.995f,0.0533f,-0.4416f,0.0056f,0.053f,-0.9986f,0.6324f,0f,0f,0f,1f],start_interpolation: 0,interpolation_duration: 1}
$data merge entity $(bone_magazine) {transformation: [-0.9964f,0.0844f,-0.0011f,-0.0584f,0.0842f,0.995f,0.0533f,-0.4742f,0.0056f,0.053f,-0.9986f,0.4336f,0f,0f,0f,1f],start_interpolation: 0,interpolation_duration: 1}
$data merge entity $(bone_grip) {transformation: [-0.9964f,0.0844f,-0.0011f,-0.0584f,0.0842f,0.995f,0.0533f,-0.4742f,0.0056f,0.053f,-0.9986f,0.4336f,0f,0f,0f,1f],start_interpolation: 0,interpolation_duration: 1}
$data merge entity $(bone_trigger) {transformation: [-0.9964f,0.0844f,-0.0011f,-0.058f,0.0842f,0.995f,0.0533f,-0.4714f,0.0056f,0.053f,-0.9986f,0.4644f,0f,0f,0f,1f],start_interpolation: 0,interpolation_duration: 1}
$data merge entity $(bone_trigger_gaurd) {transformation: [-0.9964f,0.0844f,-0.0011f,-0.0556f,0.0842f,0.995f,0.0533f,-0.4444f,0.0056f,0.053f,-0.9986f,0.4983f,0f,0f,0f,1f],start_interpolation: 0,interpolation_duration: 1}
$data merge entity $(bone_right_arm) {transformation: [-0.9964f,-0.0011f,-0.0844f,-0.0948f,0.0842f,0.0533f,-0.995f,-0.4749f,0.0056f,-0.9986f,-0.053f,0.1051f,0f,0f,0f,1f],start_interpolation: 0,interpolation_duration: 1}
$data merge entity $(bone_magazine1) {transformation: [0f,0f,0f,-0.1153f,0f,0f,0f,-0.4101f,0f,0f,0f,0.4594f,0f,0f,0f,1f],start_interpolation: 0,interpolation_duration: 1}
$data merge entity $(bone_left_arm) {transformation: [-0.8332f,0.4017f,0.38f,0.0833f,-0.3763f,0.0917f,-0.922f,-0.4813f,-0.4052f,-0.9112f,0.0748f,0.1172f,0f,0f,0f,1f],start_interpolation: 0,interpolation_duration: 1}
data modify entity @s data merge value {"cameras":{},"locators":{"barrel1":{"px":-0.07317706838062454,"py":-0.41307122119583145,"pz":0.7968249015815402,"ry":359.9364575364204,"rx":3.0534223458134777}}}