# This file was generated by Animated Java via MC-Build. It is not recommended to edit this file directly.
$data merge entity $(bone_muzzleflash) {transformation: [0f,0f,0f,-0.3281f,0f,0f,0f,-0.7744f,0f,0f,0f,0.4323f,0f,0f,0f,1f],start_interpolation: 0,interpolation_duration: 1}
$data merge entity $(bone_slide) {transformation: [-0.9964f,0.0844f,-0.0011f,-0.1719f,0.0842f,0.9953f,0.0472f,-0.3155f,0.0051f,0.0469f,-0.9989f,0.631f,0f,0f,0f,1f],start_interpolation: 0,interpolation_duration: 1}
$data merge entity $(bone_barrel) {transformation: [-0.9964f,0.0844f,-0.0011f,-0.0698f,0.0842f,0.9953f,0.0472f,-0.4053f,0.0051f,0.0469f,-0.9989f,0.6266f,0f,0f,0f,1f],start_interpolation: 0,interpolation_duration: 1}
$data merge entity $(bone_magazine) {transformation: [-0.9964f,0.0844f,-0.0011f,-0.1834f,0.0842f,0.9953f,0.0472f,-0.4391f,0.0051f,0.0469f,-0.9989f,0.428f,0f,0f,0f,1f],start_interpolation: 0,interpolation_duration: 1}
$data merge entity $(bone_grip) {transformation: [-0.9964f,0.0844f,-0.0011f,-0.1834f,0.0842f,0.9953f,0.0472f,-0.4391f,0.0051f,0.0469f,-0.9989f,0.428f,0f,0f,0f,1f],start_interpolation: 0,interpolation_duration: 1}
$data merge entity $(bone_trigger) {transformation: [-0.9964f,0.0844f,-0.0011f,-0.183f,0.0842f,0.9953f,0.0472f,-0.4362f,0.0051f,0.0469f,-0.9989f,0.4588f,0f,0f,0f,1f],start_interpolation: 0,interpolation_duration: 1}
$data merge entity $(bone_trigger_gaurd) {transformation: [-0.9964f,0.0844f,-0.0011f,-0.1805f,0.0842f,0.9953f,0.0472f,-0.409f,0.0051f,0.0469f,-0.9989f,0.4925f,0f,0f,0f,1f],start_interpolation: 0,interpolation_duration: 1}
$data merge entity $(bone_right_arm) {transformation: [-0.9964f,-0.0011f,-0.0844f,-0.2198f,0.0842f,0.0472f,-0.9953f,-0.4418f,0.0051f,-0.9989f,-0.0469f,0.0995f,0f,0f,0f,1f],start_interpolation: 0,interpolation_duration: 1}
$data merge entity $(bone_magazine1) {transformation: [0f,0f,0f,-0.2403f,0f,0f,0f,-0.3748f,0f,0f,0f,0.4534f,0f,0f,0f,1f],start_interpolation: 0,interpolation_duration: 1}
$data merge entity $(bone_left_arm) {transformation: [-0.8332f,0.4018f,0.3799f,-0.0417f,-0.3787f,0.0861f,-0.9215f,-0.4482f,-0.4029f,-0.9117f,0.0804f,0.1116f,0f,0f,0f,1f],start_interpolation: 0,interpolation_duration: 1}
data modify entity @s data merge value {"cameras":{},"locators":{"barrel1":{"px":-0.19817475820060332,"py":-0.3757931161184385,"pz":0.7908344712169157,"ry":359.9376657367103,"rx":2.705105528224932}}}