# This file was generated by Animated Java via MC-Build. It is not recommended to edit this file directly.
$data merge entity $(bone_muzzleflash) {transformation: [0f,0f,0f,-0.2031f,0f,0f,0f,-0.8975f,0f,0f,0f,0.4305f,0f,0f,0f,1f],start_interpolation: 0,interpolation_duration: 1}
$data merge entity $(bone_slide) {transformation: [-0.9964f,0.0844f,-0.0011f,-0.0469f,0.0843f,0.9955f,0.0442f,-0.4381f,0.0048f,0.044f,-0.999f,0.6278f,0f,0f,0f,1f],start_interpolation: 0,interpolation_duration: 1}
$data merge entity $(bone_barrel) {transformation: [-0.9964f,0.0844f,-0.0011f,0.0552f,0.0843f,0.9955f,0.0442f,-0.5278f,0.0048f,0.044f,-0.999f,0.6238f,0f,0f,0f,1f],start_interpolation: 0,interpolation_duration: 1}
$data merge entity $(bone_magazine) {transformation: [-0.9964f,0.0844f,-0.0011f,-0.0584f,0.0843f,0.9955f,0.0442f,-0.5622f,0.0048f,0.044f,-0.999f,0.4252f,0f,0f,0f,1f],start_interpolation: 0,interpolation_duration: 1}
$data merge entity $(bone_grip) {transformation: [-0.9964f,0.0844f,-0.0011f,-0.0584f,0.0843f,0.9955f,0.0442f,-0.5622f,0.0048f,0.044f,-0.999f,0.4252f,0f,0f,0f,1f],start_interpolation: 0,interpolation_duration: 1}
$data merge entity $(bone_trigger) {transformation: [-0.9964f,0.0844f,-0.0011f,-0.058f,0.0843f,0.9955f,0.0442f,-0.5592f,0.0048f,0.044f,-0.999f,0.456f,0f,0f,0f,1f],start_interpolation: 0,interpolation_duration: 1}
$data merge entity $(bone_trigger_gaurd) {transformation: [-0.9964f,0.0844f,-0.0011f,-0.0555f,0.0843f,0.9955f,0.0442f,-0.5319f,0.0048f,0.044f,-0.999f,0.4897f,0f,0f,0f,1f],start_interpolation: 0,interpolation_duration: 1}
$data merge entity $(bone_right_arm) {transformation: [-0.9964f,-0.0011f,-0.0844f,-0.0948f,0.0843f,0.0442f,-0.9955f,-0.5659f,0.0048f,-0.999f,-0.044f,0.0967f,0f,0f,0f,1f],start_interpolation: 0,interpolation_duration: 1}
$data merge entity $(bone_magazine1) {transformation: [0f,0f,0f,-0.1153f,0f,0f,0f,-0.4979f,0f,0f,0f,0.4504f,0f,0f,0f,1f],start_interpolation: 0,interpolation_duration: 1}
$data merge entity $(bone_left_arm) {transformation: [-0.8332f,0.4018f,0.3799f,0.0833f,-0.3799f,0.0834f,-0.9213f,-0.5722f,-0.4018f,-0.9119f,0.0832f,0.1089f,0f,0f,0f,1f],start_interpolation: 0,interpolation_duration: 1}
data modify entity @s data merge value {"cameras":{},"locators":{"barrel1":{"px":-0.07316904067020126,"py":-0.49783684198334854,"pz":0.787890040393289,"ry":359.93828095579454,"rx":2.534009288561951}}}