# This file was generated by Animated Java via MC-Build. It is not recommended to edit this file directly.
$data merge entity $(bone_muzzleflash) {transformation: [0f,0f,0f,-0.3281f,0f,0f,0f,-0.7321f,0f,0f,0f,0.3943f,0f,0f,0f,1f],start_interpolation: 0,interpolation_duration: 1}
$data merge entity $(bone_slide) {transformation: [-0.9959f,0.0909f,-0.001f,-0.1689f,0.0909f,0.9958f,-0.0142f,-0.2629f,-0.0003f,-0.0143f,-0.9999f,0.5645f,0f,0f,0f,1f],start_interpolation: 0,interpolation_duration: 1}
$data merge entity $(bone_barrel) {transformation: [-0.9959f,0.0909f,-0.001f,-0.0673f,0.0909f,0.9958f,-0.0142f,-0.3534f,-0.0003f,-0.0143f,-0.9999f,0.5657f,0f,0f,0f,1f],start_interpolation: 0,interpolation_duration: 1}
$data merge entity $(bone_magazine) {transformation: [-0.9959f,0.0909f,-0.001f,-0.1812f,0.0909f,0.9958f,-0.0142f,-0.3986f,-0.0003f,-0.0143f,-0.9999f,0.3695f,0f,0f,0f,1f],start_interpolation: 0,interpolation_duration: 1}
$data merge entity $(bone_grip) {transformation: [-0.9959f,0.0909f,-0.001f,-0.1812f,0.0909f,0.9958f,-0.0142f,-0.3986f,-0.0003f,-0.0143f,-0.9999f,0.3695f,0f,0f,0f,1f],start_interpolation: 0,interpolation_duration: 1}
$data merge entity $(bone_trigger) {transformation: [-0.9959f,0.0909f,-0.001f,-0.1808f,0.0909f,0.9958f,-0.0142f,-0.3938f,-0.0003f,-0.0143f,-0.9999f,0.4f,0f,0f,0f,1f],start_interpolation: 0,interpolation_duration: 1}
$data merge entity $(bone_trigger_gaurd) {transformation: [-0.9959f,0.0909f,-0.001f,-0.1781f,0.0909f,0.9958f,-0.0142f,-0.3646f,-0.0003f,-0.0143f,-0.9999f,0.4321f,0f,0f,0f,1f],start_interpolation: 0,interpolation_duration: 1}
$data merge entity $(bone_right_arm) {transformation: [-0.9959f,-0.001f,-0.0909f,-0.2177f,0.0909f,-0.0142f,-0.9958f,-0.4213f,-0.0003f,-0.9999f,0.0143f,0.0418f,0f,0f,0f,1f],start_interpolation: 0,interpolation_duration: 1}
$data merge entity $(bone_magazine1) {transformation: [0f,0f,0f,-0.2376f,0f,0f,0f,-0.3326f,0f,0f,0f,0.3909f,0f,0f,0f,1f],start_interpolation: 0,interpolation_duration: 1}
$data merge entity $(bone_left_arm) {transformation: [-0.8358f,0.4021f,0.3739f,-0.0396f,-0.3973f,0.0273f,-0.9173f,-0.428f,-0.3791f,-0.9152f,0.1369f,0.0543f,0f,0f,0f,1f],start_interpolation: 0,interpolation_duration: 1}
data modify entity @s data merge value {"cameras":{},"locators":{"barrel1":{"px":-0.19549110716786544,"py":-0.31304404785636,"pz":0.727772154277214,"ry":359.9436655458111,"rx":-0.8160064968316677}}}