# This file was generated by Animated Java via MC-Build. It is not recommended to edit this file directly.
$data merge entity $(bone_muzzleflash) {transformation: [0f,0f,0f,-0.2031f,0f,0f,0f,-0.7633f,0f,0f,0f,0.3943f,0f,0f,0f,1f],start_interpolation: 0,interpolation_duration: 1}
$data merge entity $(bone_slide) {transformation: [-0.9959f,0.0909f,-0.001f,-0.0439f,0.0909f,0.9958f,-0.0142f,-0.2941f,-0.0003f,-0.0143f,-0.9999f,0.5645f,0f,0f,0f,1f],start_interpolation: 0,interpolation_duration: 1}
$data merge entity $(bone_barrel) {transformation: [-0.9959f,0.0909f,-0.001f,0.0577f,0.0909f,0.9958f,-0.0142f,-0.3847f,-0.0003f,-0.0143f,-0.9999f,0.5657f,0f,0f,0f,1f],start_interpolation: 0,interpolation_duration: 1}
$data merge entity $(bone_magazine) {transformation: [-0.9959f,0.0909f,-0.001f,-0.0562f,0.0909f,0.9958f,-0.0142f,-0.4299f,-0.0003f,-0.0143f,-0.9999f,0.3695f,0f,0f,0f,1f],start_interpolation: 0,interpolation_duration: 1}
$data merge entity $(bone_grip) {transformation: [-0.9959f,0.0909f,-0.001f,-0.0562f,0.0909f,0.9958f,-0.0142f,-0.4299f,-0.0003f,-0.0143f,-0.9999f,0.3695f,0f,0f,0f,1f],start_interpolation: 0,interpolation_duration: 1}
$data merge entity $(bone_trigger) {transformation: [-0.9959f,0.0909f,-0.001f,-0.0558f,0.0909f,0.9958f,-0.0142f,-0.4251f,-0.0003f,-0.0143f,-0.9999f,0.4f,0f,0f,0f,1f],start_interpolation: 0,interpolation_duration: 1}
$data merge entity $(bone_trigger_gaurd) {transformation: [-0.9959f,0.0909f,-0.001f,-0.0531f,0.0909f,0.9958f,-0.0142f,-0.3959f,-0.0003f,-0.0143f,-0.9999f,0.4321f,0f,0f,0f,1f],start_interpolation: 0,interpolation_duration: 1}
$data merge entity $(bone_right_arm) {transformation: [-0.9959f,-0.001f,-0.0909f,-0.0927f,0.0909f,-0.0142f,-0.9958f,-0.4525f,-0.0003f,-0.9999f,0.0143f,0.0418f,0f,0f,0f,1f],start_interpolation: 0,interpolation_duration: 1}
$data merge entity $(bone_magazine1) {transformation: [0f,0f,0f,-0.1126f,0f,0f,0f,-0.3638f,0f,0f,0f,0.3909f,0f,0f,0f,1f],start_interpolation: 0,interpolation_duration: 1}
$data merge entity $(bone_left_arm) {transformation: [-0.8358f,0.4021f,0.3739f,0.0854f,-0.3973f,0.0273f,-0.9173f,-0.4593f,-0.3791f,-0.9152f,0.1369f,0.0543f,0f,0f,0f,1f],start_interpolation: 0,interpolation_duration: 1}
data modify entity @s data merge value {"cameras":{},"locators":{"barrel1":{"px":-0.07049110716786545,"py":-0.34429404785636,"pz":0.727772154277214,"ry":359.9436655458111,"rx":-0.8160064968316677}}}