# This file was generated by Animated Java via MC-Build. It is not recommended to edit this file directly.
$data merge entity $(bone_muzzleflash) {transformation: [0f,0f,0f,-0.3281f,0f,0f,0f,-0.7618f,0f,0f,0f,0.4205f,0f,0f,0f,1f],start_interpolation: 0,interpolation_duration: 1}
$data merge entity $(bone_slide) {transformation: [-0.9964f,0.0847f,-0.001f,-0.1718f,0.0847f,0.996f,0.0273f,-0.299f,0.0033f,0.0271f,-0.9996f,0.6101f,0f,0f,0f,1f],start_interpolation: 0,interpolation_duration: 1}
$data merge entity $(bone_barrel) {transformation: [-0.9964f,0.0847f,-0.001f,-0.0697f,0.0847f,0.996f,0.0273f,-0.3889f,0.0033f,0.0271f,-0.9996f,0.6075f,0f,0f,0f,1f],start_interpolation: 0,interpolation_duration: 1}
$data merge entity $(bone_magazine) {transformation: [-0.9964f,0.0847f,-0.001f,-0.1833f,0.0847f,0.996f,0.0273f,-0.4266f,0.0033f,0.0271f,-0.9996f,0.4096f,0f,0f,0f,1f],start_interpolation: 0,interpolation_duration: 1}
$data merge entity $(bone_grip) {transformation: [-0.9964f,0.0847f,-0.001f,-0.1833f,0.0847f,0.996f,0.0273f,-0.4266f,0.0033f,0.0271f,-0.9996f,0.4096f,0f,0f,0f,1f],start_interpolation: 0,interpolation_duration: 1}
$data merge entity $(bone_trigger) {transformation: [-0.9964f,0.0847f,-0.001f,-0.1829f,0.0847f,0.996f,0.0273f,-0.4231f,0.0033f,0.0271f,-0.9996f,0.4403f,0f,0f,0f,1f],start_interpolation: 0,interpolation_duration: 1}
$data merge entity $(bone_trigger_gaurd) {transformation: [-0.9964f,0.0847f,-0.001f,-0.1804f,0.0847f,0.996f,0.0273f,-0.3952f,0.0033f,0.0271f,-0.9996f,0.4735f,0f,0f,0f,1f],start_interpolation: 0,interpolation_duration: 1}
$data merge entity $(bone_right_arm) {transformation: [-0.9964f,-0.001f,-0.0847f,-0.2197f,0.0847f,0.0273f,-0.996f,-0.4359f,0.0033f,-0.9996f,-0.0271f,0.0812f,0f,0f,0f,1f],start_interpolation: 0,interpolation_duration: 1}
$data merge entity $(bone_magazine1) {transformation: [0f,0f,0f,-0.2401f,0f,0f,0f,-0.3619f,0f,0f,0f,0.4337f,0f,0f,0f,1f],start_interpolation: 0,interpolation_duration: 1}
$data merge entity $(bone_left_arm) {transformation: [-0.8333f,0.4018f,0.3796f,-0.0415f,-0.3864f,0.0678f,-0.9198f,-0.442f,-0.3954f,-0.9132f,0.0988f,0.0935f,0f,0f,0f,1f],start_interpolation: 0,interpolation_duration: 1}
data modify entity @s data merge value {"cameras":{},"locators":{"barrel1":{"px":-0.19806274460047255,"py":-0.3560914706154129,"pz":0.7711258567421577,"ry":359.9418920054152,"rx":1.5632222340060014}}}