# This file was generated by Animated Java via MC-Build. It is not recommended to edit this file directly.
$data merge entity $(bone_muzzleflash) {transformation: [0f,0f,0f,-0.2031f,0f,0f,0f,-0.7865f,0f,0f,0f,0.4146f,0f,0f,0f,1f],start_interpolation: 0,interpolation_duration: 1}
$data merge entity $(bone_slide) {transformation: [-0.9964f,0.0851f,-0.001f,-0.0466f,0.0851f,0.9962f,0.0172f,-0.3219f,0.0024f,0.017f,-0.9999f,0.5994f,0f,0f,0f,1f],start_interpolation: 0,interpolation_duration: 1}
$data merge entity $(bone_barrel) {transformation: [-0.9964f,0.0851f,-0.001f,0.0555f,0.0851f,0.9962f,0.0172f,-0.4119f,0.0024f,0.017f,-0.9999f,0.5978f,0f,0f,0f,1f],start_interpolation: 0,interpolation_duration: 1}
$data merge entity $(bone_magazine) {transformation: [-0.9964f,0.0851f,-0.001f,-0.0582f,0.0851f,0.9962f,0.0172f,-0.4515f,0.0024f,0.017f,-0.9999f,0.4002f,0f,0f,0f,1f],start_interpolation: 0,interpolation_duration: 1}
$data merge entity $(bone_grip) {transformation: [-0.9964f,0.0851f,-0.001f,-0.0582f,0.0851f,0.9962f,0.0172f,-0.4515f,0.0024f,0.017f,-0.9999f,0.4002f,0f,0f,0f,1f],start_interpolation: 0,interpolation_duration: 1}
$data merge entity $(bone_trigger) {transformation: [-0.9964f,0.0851f,-0.001f,-0.0578f,0.0851f,0.9962f,0.0172f,-0.4477f,0.0024f,0.017f,-0.9999f,0.4309f,0f,0f,0f,1f],start_interpolation: 0,interpolation_duration: 1}
$data merge entity $(bone_trigger_gaurd) {transformation: [-0.9964f,0.0851f,-0.001f,-0.0553f,0.0851f,0.9962f,0.0172f,-0.4195f,0.0024f,0.017f,-0.9999f,0.4639f,0f,0f,0f,1f],start_interpolation: 0,interpolation_duration: 1}
$data merge entity $(bone_right_arm) {transformation: [-0.9964f,-0.001f,-0.0851f,-0.0946f,0.0851f,0.0172f,-0.9962f,-0.4641f,0.0024f,-0.9999f,-0.017f,0.072f,0f,0f,0f,1f],start_interpolation: 0,interpolation_duration: 1}
$data merge entity $(bone_magazine1) {transformation: [0f,0f,0f,-0.115f,0f,0f,0f,-0.3865f,0f,0f,0f,0.4237f,0f,0f,0f,1f],start_interpolation: 0,interpolation_duration: 1}
$data merge entity $(bone_left_arm) {transformation: [-0.8334f,0.4019f,0.3793f,0.0836f,-0.39f,0.0584f,-0.919f,-0.4702f,-0.3915f,-0.9138f,0.1081f,0.0843f,0f,0f,0f,1f],start_interpolation: 0,interpolation_duration: 1}
data modify entity @s data merge value {"cameras":{},"locators":{"barrel1":{"px":-0.07291393898356664,"py":-0.37733297988551784,"pz":0.7610345923363674,"ry":359.9439520064403,"rx":0.9842037931282656}}}