# This file was generated by Animated Java via MC-Build. It is not recommended to edit this file directly.
$data merge entity $(bone_muzzleflash) {transformation: [0f,0f,0f,-0.2031f,0f,0f,0f,-0.8787f,0f,0f,0f,0.4132f,0f,0f,0f,1f],start_interpolation: 0,interpolation_duration: 1}
$data merge entity $(bone_slide) {transformation: [-0.9964f,0.0852f,-0.001f,-0.0466f,0.0852f,0.9963f,0.0148f,-0.4137f,0.0022f,0.0147f,-0.9999f,0.5969f,0f,0f,0f,1f],start_interpolation: 0,interpolation_duration: 1}
$data merge entity $(bone_barrel) {transformation: [-0.9964f,0.0852f,-0.001f,0.0555f,0.0852f,0.9963f,0.0148f,-0.5037f,0.0022f,0.0147f,-0.9999f,0.5955f,0f,0f,0f,1f],start_interpolation: 0,interpolation_duration: 1}
$data merge entity $(bone_magazine) {transformation: [-0.9964f,0.0852f,-0.001f,-0.0581f,0.0852f,0.9963f,0.0148f,-0.5438f,0.0022f,0.0147f,-0.9999f,0.398f,0f,0f,0f,1f],start_interpolation: 0,interpolation_duration: 1}
$data merge entity $(bone_grip) {transformation: [-0.9964f,0.0852f,-0.001f,-0.0581f,0.0852f,0.9963f,0.0148f,-0.5438f,0.0022f,0.0147f,-0.9999f,0.398f,0f,0f,0f,1f],start_interpolation: 0,interpolation_duration: 1}
$data merge entity $(bone_trigger) {transformation: [-0.9964f,0.0852f,-0.001f,-0.0577f,0.0852f,0.9963f,0.0148f,-0.5399f,0.0022f,0.0147f,-0.9999f,0.4287f,0f,0f,0f,1f],start_interpolation: 0,interpolation_duration: 1}
$data merge entity $(bone_trigger_gaurd) {transformation: [-0.9964f,0.0852f,-0.001f,-0.0552f,0.0852f,0.9963f,0.0148f,-0.5116f,0.0022f,0.0147f,-0.9999f,0.4616f,0f,0f,0f,1f],start_interpolation: 0,interpolation_duration: 1}
$data merge entity $(bone_right_arm) {transformation: [-0.9964f,-0.001f,-0.0852f,-0.0945f,0.0852f,0.0148f,-0.9963f,-0.5571f,0.0022f,-0.9999f,-0.0147f,0.0698f,0f,0f,0f,1f],start_interpolation: 0,interpolation_duration: 1}
$data merge entity $(bone_magazine1) {transformation: [0f,0f,0f,-0.1149f,0f,0f,0f,-0.4787f,0f,0f,0f,0.4214f,0f,0f,0f,1f],start_interpolation: 0,interpolation_duration: 1}
$data merge entity $(bone_left_arm) {transformation: [-0.8335f,0.4019f,0.3792f,0.0836f,-0.3908f,0.0562f,-0.9187f,-0.5632f,-0.3906f,-0.914f,0.1102f,0.0822f,0f,0f,0f,1f],start_interpolation: 0,interpolation_duration: 1}
data modify entity @s data merge value {"cameras":{},"locators":{"barrel1":{"px":-0.07286584197569379,"py":-0.46875116846901377,"pz":0.7586758056014185,"ry":359.9443921087926,"rx":0.8498507252624808}}}