# This file was generated by Animated Java via MC-Build. It is not recommended to edit this file directly.
$data merge entity $(bone_muzzleflash) {transformation: [0f,0f,0f,-0.2031f,0f,0f,0f,-0.7806f,0f,0f,0f,0.4092f,0f,0f,0f,1f],start_interpolation: 0,interpolation_duration: 1}
$data merge entity $(bone_slide) {transformation: [-0.9963f,0.0857f,-0.001f,-0.0464f,0.0856f,0.9963f,0.0083f,-0.3145f,0.0017f,0.0082f,-1f,0.59f,0f,0f,0f,1f],start_interpolation: 0,interpolation_duration: 1}
$data merge entity $(bone_barrel) {transformation: [-0.9963f,0.0857f,-0.001f,0.0557f,0.0856f,0.9963f,0.0083f,-0.4045f,0.0017f,0.0082f,-1f,0.5891f,0f,0f,0f,1f],start_interpolation: 0,interpolation_duration: 1}
$data merge entity $(bone_magazine) {transformation: [-0.9963f,0.0857f,-0.001f,-0.058f,0.0856f,0.9963f,0.0083f,-0.4459f,0.0017f,0.0082f,-1f,0.3919f,0f,0f,0f,1f],start_interpolation: 0,interpolation_duration: 1}
$data merge entity $(bone_grip) {transformation: [-0.9963f,0.0857f,-0.001f,-0.058f,0.0856f,0.9963f,0.0083f,-0.4459f,0.0017f,0.0082f,-1f,0.3919f,0f,0f,0f,1f],start_interpolation: 0,interpolation_duration: 1}
$data merge entity $(bone_trigger) {transformation: [-0.9963f,0.0857f,-0.001f,-0.0576f,0.0856f,0.9963f,0.0083f,-0.4417f,0.0017f,0.0082f,-1f,0.4226f,0f,0f,0f,1f],start_interpolation: 0,interpolation_duration: 1}
$data merge entity $(bone_trigger_gaurd) {transformation: [-0.9963f,0.0857f,-0.001f,-0.0551f,0.0856f,0.9963f,0.0083f,-0.4132f,0.0017f,0.0082f,-1f,0.4553f,0f,0f,0f,1f],start_interpolation: 0,interpolation_duration: 1}
$data merge entity $(bone_right_arm) {transformation: [-0.9963f,-0.001f,-0.0857f,-0.0944f,0.0856f,0.0083f,-0.9963f,-0.4613f,0.0017f,-1f,-0.0082f,0.0638f,0f,0f,0f,1f],start_interpolation: 0,interpolation_duration: 1}
$data merge entity $(bone_magazine1) {transformation: [0f,0f,0f,-0.1148f,0f,0f,0f,-0.3806f,0f,0f,0f,0.4148f,0f,0f,0f,1f],start_interpolation: 0,interpolation_duration: 1}
$data merge entity $(bone_left_arm) {transformation: [-0.8337f,0.4019f,0.3788f,0.0838f,-0.393f,0.0501f,-0.9182f,-0.4674f,-0.388f,-0.9143f,0.1162f,0.0762f,0f,0f,0f,1f],start_interpolation: 0,interpolation_duration: 1}
data modify entity @s data merge value {"cameras":{},"locators":{"barrel1":{"px":-0.07269345571389231,"py":-0.36845920771848867,"pz":0.7520430800252558,"ry":359.9454873677581,"rx":0.47503662824306747}}}