# This file was generated by Animated Java via MC-Build. It is not recommended to edit this file directly.
$data merge entity $(bone_muzzleflash) {transformation: [0f,0f,0f,-0.2031f,0f,0f,0f,-0.7792f,0f,0f,0f,0.408f,0f,0f,0f,1f],start_interpolation: 0,interpolation_duration: 1}
$data merge entity $(bone_slide) {transformation: [-0.9963f,0.0858f,-0.0009f,-0.0463f,0.0858f,0.9963f,0.0063f,-0.3128f,0.0015f,0.0062f,-1f,0.5878f,0f,0f,0f,1f],start_interpolation: 0,interpolation_duration: 1}
$data merge entity $(bone_barrel) {transformation: [-0.9963f,0.0858f,-0.0009f,0.0557f,0.0858f,0.9963f,0.0063f,-0.4028f,0.0015f,0.0062f,-1f,0.5871f,0f,0f,0f,1f],start_interpolation: 0,interpolation_duration: 1}
$data merge entity $(bone_magazine) {transformation: [-0.9963f,0.0858f,-0.0009f,-0.0579f,0.0858f,0.9963f,0.0063f,-0.4446f,0.0015f,0.0062f,-1f,0.39f,0f,0f,0f,1f],start_interpolation: 0,interpolation_duration: 1}
$data merge entity $(bone_grip) {transformation: [-0.9963f,0.0858f,-0.0009f,-0.0579f,0.0858f,0.9963f,0.0063f,-0.4446f,0.0015f,0.0062f,-1f,0.39f,0f,0f,0f,1f],start_interpolation: 0,interpolation_duration: 1}
$data merge entity $(bone_trigger) {transformation: [-0.9963f,0.0858f,-0.0009f,-0.0575f,0.0858f,0.9963f,0.0063f,-0.4404f,0.0015f,0.0062f,-1f,0.4207f,0f,0f,0f,1f],start_interpolation: 0,interpolation_duration: 1}
$data merge entity $(bone_trigger_gaurd) {transformation: [-0.9963f,0.0858f,-0.0009f,-0.055f,0.0858f,0.9963f,0.0063f,-0.4118f,0.0015f,0.0062f,-1f,0.4533f,0f,0f,0f,1f],start_interpolation: 0,interpolation_duration: 1}
$data merge entity $(bone_right_arm) {transformation: [-0.9963f,-0.0009f,-0.0858f,-0.0943f,0.0858f,0.0063f,-0.9963f,-0.4607f,0.0015f,-1f,-0.0062f,0.0619f,0f,0f,0f,1f],start_interpolation: 0,interpolation_duration: 1}
$data merge entity $(bone_magazine1) {transformation: [0f,0f,0f,-0.1147f,0f,0f,0f,-0.3792f,0f,0f,0f,0.4128f,0f,0f,0f,1f],start_interpolation: 0,interpolation_duration: 1}
$data merge entity $(bone_left_arm) {transformation: [-0.8337f,0.402f,0.3786f,0.0838f,-0.3937f,0.0482f,-0.918f,-0.4668f,-0.3872f,-0.9144f,0.1181f,0.0743f,0f,0f,0f,1f],start_interpolation: 0,interpolation_duration: 1}
data modify entity @s data merge value {"cameras":{},"locators":{"barrel1":{"px":-0.07262623596427656,"py":-0.3664389842638823,"pz":0.749990485574662,"ry":359.945769999813,"rx":0.36019727185046074}}}