# This file was generated by Animated Java via MC-Build. It is not recommended to edit this file directly.
$data merge entity $(bone_muzzleflash) {transformation: [0f,0f,0f,-0.3281f,0f,0f,0f,-0.7454f,0f,0f,0f,0.4057f,0f,0f,0f,1f],start_interpolation: 0,interpolation_duration: 1}
$data merge entity $(bone_slide) {transformation: [-0.9963f,0.0862f,-0.0009f,-0.1711f,0.0862f,0.9963f,0.0026f,-0.2784f,0.0012f,0.0025f,-1f,0.5838f,0f,0f,0f,1f],start_interpolation: 0,interpolation_duration: 1}
$data merge entity $(bone_barrel) {transformation: [-0.9963f,0.0862f,-0.0009f,-0.0691f,0.0862f,0.9963f,0.0026f,-0.3685f,0.0012f,0.0025f,-1f,0.5834f,0f,0f,0f,1f],start_interpolation: 0,interpolation_duration: 1}
$data merge entity $(bone_magazine) {transformation: [-0.9963f,0.0862f,-0.0009f,-0.1828f,0.0862f,0.9963f,0.0026f,-0.4109f,0.0012f,0.0025f,-1f,0.3865f,0f,0f,0f,1f],start_interpolation: 0,interpolation_duration: 1}
$data merge entity $(bone_grip) {transformation: [-0.9963f,0.0862f,-0.0009f,-0.1828f,0.0862f,0.9963f,0.0026f,-0.4109f,0.0012f,0.0025f,-1f,0.3865f,0f,0f,0f,1f],start_interpolation: 0,interpolation_duration: 1}
$data merge entity $(bone_trigger) {transformation: [-0.9963f,0.0862f,-0.0009f,-0.1824f,0.0862f,0.9963f,0.0026f,-0.4066f,0.0012f,0.0025f,-1f,0.4171f,0f,0f,0f,1f],start_interpolation: 0,interpolation_duration: 1}
$data merge entity $(bone_trigger_gaurd) {transformation: [-0.9963f,0.0862f,-0.0009f,-0.1799f,0.0862f,0.9963f,0.0026f,-0.3779f,0.0012f,0.0025f,-1f,0.4496f,0f,0f,0f,1f],start_interpolation: 0,interpolation_duration: 1}
$data merge entity $(bone_right_arm) {transformation: [-0.9963f,-0.0009f,-0.0862f,-0.2192f,0.0862f,0.0026f,-0.9963f,-0.4282f,0.0012f,-1f,-0.0025f,0.0584f,0f,0f,0f,1f],start_interpolation: 0,interpolation_duration: 1}
$data merge entity $(bone_magazine1) {transformation: [0f,0f,0f,-0.2395f,0f,0f,0f,-0.3454f,0f,0f,0f,0.409f,0f,0f,0f,1f],start_interpolation: 0,interpolation_duration: 1}
$data merge entity $(bone_left_arm) {transformation: [-0.8339f,0.402f,0.3783f,-0.0411f,-0.3948f,0.0446f,-0.9177f,-0.4343f,-0.3858f,-0.9146f,0.1215f,0.0709f,0f,0f,0f,1f],start_interpolation: 0,interpolation_duration: 1}
data modify entity @s data merge value {"cameras":{},"locators":{"barrel1":{"px":-0.19747647552930453,"py":-0.3314058379946587,"pz":0.7461415662529631,"ry":359.9462017857194,"rx":0.1468971482978892}}}