# This file was generated by Animated Java via MC-Build. It is not recommended to edit this file directly.
$data merge entity $(muzzleflash) {transformation: [0f,0f,0f,-0.2031f,0f,0f,0f,-0.7087f,0f,0f,0f,0.4008f,0f,0f,0f,1f],start_interpolation: 0,interpolation_duration: 1}
$data merge entity $(slide) {transformation: [-0.9962f,0.0873f,-0.0009f,-0.0456f,0.0873f,0.9962f,-0.0049f,-0.2406f,0.0005f,-0.005f,-1f,0.5754f,0f,0f,0f,1f],start_interpolation: 0,interpolation_duration: 1}
$data merge entity $(barrel) {transformation: [-0.9962f,0.0873f,-0.0009f,0.0563f,0.0873f,0.9962f,-0.0049f,-0.3307f,0.0005f,-0.005f,-1f,0.5757f,0f,0f,0f,1f],start_interpolation: 0,interpolation_duration: 1}
$data merge entity $(magazine) {transformation: [-0.9962f,0.0873f,-0.0009f,-0.0574f,0.0873f,0.9962f,-0.0049f,-0.3745f,0.0005f,-0.005f,-1f,0.3791f,0f,0f,0f,1f],start_interpolation: 0,interpolation_duration: 1}
$data merge entity $(grip) {transformation: [-0.9962f,0.0873f,-0.0009f,-0.0574f,0.0873f,0.9962f,-0.0049f,-0.3745f,0.0005f,-0.005f,-1f,0.3791f,0f,0f,0f,1f],start_interpolation: 0,interpolation_duration: 1}
$data merge entity $(trigger) {transformation: [-0.9962f,0.0873f,-0.0009f,-0.057f,0.0873f,0.9962f,-0.0049f,-0.37f,0.0005f,-0.005f,-1f,0.4097f,0f,0f,0f,1f],start_interpolation: 0,interpolation_duration: 1}
$data merge entity $(trigger_gaurd) {transformation: [-0.9962f,0.0873f,-0.0009f,-0.0545f,0.0873f,0.9962f,-0.0049f,-0.3411f,0.0005f,-0.005f,-1f,0.442f,0f,0f,0f,1f],start_interpolation: 0,interpolation_duration: 1}
$data merge entity $(right_arm) {transformation: [-0.9962f,-0.0009f,-0.0873f,-0.0938f,0.0873f,-0.0049f,-0.9962f,-0.3942f,0.0005f,-1f,0.005f,0.0512f,0f,0f,0f,1f],start_interpolation: 0,interpolation_duration: 1}
$data merge entity $(magazine1) {transformation: [0f,0f,0f,-0.1141f,0f,0f,0f,-0.3088f,0f,0f,0f,0.4011f,0f,0f,0f,1f],start_interpolation: 0,interpolation_duration: 1}
$data merge entity $(left_arm) {transformation: [-0.8343f,0.402f,0.3772f,0.0843f,-0.3967f,0.0373f,-0.9172f,-0.4004f,-0.3828f,-0.9149f,0.1284f,0.0637f,0f,0f,0f,1f],start_interpolation: 0,interpolation_duration: 1}
data modify entity @s data merge value {"cameras":{},"locators":{"barrel1":{"px":-0.0720077124557649,"py":-0.2923284532317224,"pz":0.7381602157161422,"ry":359.9464818169803,"rx":-0.2812399745365551}}}