# This file was generated by Animated Java via MC-Build. It is not recommended to edit this file directly.
$data merge entity $(bone_muzzleflash) {transformation: [0f,0f,0f,-0.2031f,0f,0f,0f,-0.7556f,0f,0f,0f,0.4f,0f,0f,0f,1f],start_interpolation: 0,interpolation_duration: 1}
$data merge entity $(bone_slide) {transformation: [-0.991f,0.1339f,-0.001f,-0.0239f,0.1339f,0.991f,-0.0005f,-0.2961f,0.0009f,-0.0006f,-1f,0.5766f,0f,0f,0f,1f],start_interpolation: 0,interpolation_duration: 1}
$data merge entity $(bone_barrel) {transformation: [-0.991f,0.1339f,-0.001f,0.0737f,0.1339f,0.991f,-0.0005f,-0.3909f,0.0009f,-0.0006f,-1f,0.5766f,0f,0f,0f,1f],start_interpolation: 0,interpolation_duration: 1}
$data merge entity $(bone_magazine) {transformation: [-0.991f,0.1339f,-0.001f,-0.0419f,0.1339f,0.991f,-0.0005f,-0.4285f,0.0009f,-0.0006f,-1f,0.3797f,0f,0f,0f,1f],start_interpolation: 0,interpolation_duration: 1}
$data merge entity $(bone_grip) {transformation: [-0.991f,0.1339f,-0.001f,-0.0419f,0.1339f,0.991f,-0.0005f,-0.4285f,0.0009f,-0.0006f,-1f,0.3797f,0f,0f,0f,1f],start_interpolation: 0,interpolation_duration: 1}
$data merge entity $(bone_trigger) {transformation: [-0.991f,0.1339f,-0.001f,-0.0413f,0.1339f,0.991f,-0.0005f,-0.4241f,0.0009f,-0.0006f,-1f,0.4104f,0f,0f,0f,1f],start_interpolation: 0,interpolation_duration: 1}
$data merge entity $(bone_trigger_gaurd) {transformation: [-0.991f,0.1339f,-0.001f,-0.0374f,0.1339f,0.991f,-0.0005f,-0.3955f,0.0009f,-0.0006f,-1f,0.4428f,0f,0f,0f,1f],start_interpolation: 0,interpolation_duration: 1}
$data merge entity $(bone_right_arm) {transformation: [-0.991f,-0.001f,-0.1339f,-0.0792f,0.1339f,-0.0005f,-0.991f,-0.4451f,0.0009f,-1f,0.0006f,0.0517f,0f,0f,0f,1f],start_interpolation: 0,interpolation_duration: 1}
$data merge entity $(bone_magazine1) {transformation: [0f,0f,0f,-0.0955f,0f,0f,0f,-0.3603f,0f,0f,0f,0.402f,0f,0f,0f,1f],start_interpolation: 0,interpolation_duration: 1}
$data merge entity $(bone_left_arm) {transformation: [-0.8519f,0.4035f,0.3338f,0.0985f,-0.3555f,0.0224f,-0.9344f,-0.4597f,-0.3845f,-0.9147f,0.1244f,0.0642f,0f,0f,0f,1f],start_interpolation: 0,interpolation_duration: 1}
data modify entity @s data merge value {"cameras":{},"locators":{"barrel1":{"px":-0.05271918889082558,"py":-0.3472826511101327,"pz":0.7391631874622486,"ry":359.94501028000116,"rx":-0.02872658390278034}}}