# This file was generated by Animated Java via MC-Build. It is not recommended to edit this file directly.
$data merge entity $(bone_muzzleflash) {transformation: [0f,0f,0f,-0.3281f,0f,0f,0f,-0.7252f,0f,0f,0f,0.4f,0f,0f,0f,1f],start_interpolation: 0,interpolation_duration: 1}
$data merge entity $(bone_slide) {transformation: [-0.9909f,0.1347f,-0.0008f,-0.1485f,0.1347f,0.9909f,0.0026f,-0.2664f,0.0012f,0.0025f,-1f,0.5781f,0f,0f,0f,1f],start_interpolation: 0,interpolation_duration: 1}
$data merge entity $(bone_barrel) {transformation: [-0.9909f,0.1347f,-0.0008f,-0.051f,0.1347f,0.9909f,0.0026f,-0.3613f,0.0012f,0.0025f,-1f,0.5777f,0f,0f,0f,1f],start_interpolation: 0,interpolation_duration: 1}
$data merge entity $(bone_magazine) {transformation: [-0.9909f,0.1347f,-0.0008f,-0.1666f,0.1347f,0.9909f,0.0026f,-0.3981f,0.0012f,0.0025f,-1f,0.3808f,0f,0f,0f,1f],start_interpolation: 0,interpolation_duration: 1}
$data merge entity $(bone_grip) {transformation: [-0.9909f,0.1347f,-0.0008f,-0.1666f,0.1347f,0.9909f,0.0026f,-0.3981f,0.0012f,0.0025f,-1f,0.3808f,0f,0f,0f,1f],start_interpolation: 0,interpolation_duration: 1}
$data merge entity $(bone_trigger) {transformation: [-0.9909f,0.1347f,-0.0008f,-0.166f,0.1347f,0.9909f,0.0026f,-0.3939f,0.0012f,0.0025f,-1f,0.4114f,0f,0f,0f,1f],start_interpolation: 0,interpolation_duration: 1}
$data merge entity $(bone_trigger_gaurd) {transformation: [-0.9909f,0.1347f,-0.0008f,-0.1621f,0.1347f,0.9909f,0.0026f,-0.3653f,0.0012f,0.0025f,-1f,0.4439f,0f,0f,0f,1f],start_interpolation: 0,interpolation_duration: 1}
$data merge entity $(bone_right_arm) {transformation: [-0.9909f,-0.0008f,-0.1347f,-0.2038f,0.1347f,0.0026f,-0.9909f,-0.4136f,0.0012f,-1f,-0.0025f,0.0527f,0f,0f,0f,1f],start_interpolation: 0,interpolation_duration: 1}
$data merge entity $(bone_magazine1) {transformation: [0f,0f,0f,-0.2201f,0f,0f,0f,-0.33f,0f,0f,0f,0.4033f,0f,0f,0f,1f],start_interpolation: 0,interpolation_duration: 1}
$data merge entity $(bone_left_arm) {transformation: [-0.8521f,0.4037f,0.333f,-0.0262f,-0.3536f,0.0249f,-0.9351f,-0.4284f,-0.3858f,-0.9146f,0.1215f,0.0652f,0f,0f,0f,1f],start_interpolation: 0,interpolation_duration: 1}
data modify entity @s data merge value {"cameras":{},"locators":{"barrel1":{"px":-0.17741708558709612,"py":-0.31802151807384604,"pz":0.7404509961717229,"ry":359.9534312925414,"rx":0.14919430457267224}}}