# This file was generated by Animated Java via MC-Build. It is not recommended to edit this file directly.
$data merge entity $(muzzleflash) {transformation: [0f,0f,0f,-0.2031f,0f,0f,0f,-0.6941f,0f,0f,0f,0.4f,0f,0f,0f,1f],start_interpolation: 0,interpolation_duration: 1}
$data merge entity $(slide) {transformation: [-0.9909f,0.1349f,-0.0008f,-0.0234f,0.1349f,0.9909f,0.0034f,-0.2355f,0.0012f,0.0033f,-1f,0.5785f,0f,0f,0f,1f],start_interpolation: 0,interpolation_duration: 1}
$data merge entity $(barrel) {transformation: [-0.9909f,0.1349f,-0.0008f,0.074f,0.1349f,0.9909f,0.0034f,-0.3305f,0.0012f,0.0033f,-1f,0.5781f,0f,0f,0f,1f],start_interpolation: 0,interpolation_duration: 1}
$data merge entity $(magazine) {transformation: [-0.9909f,0.1349f,-0.0008f,-0.0416f,0.1349f,0.9909f,0.0034f,-0.3671f,0.0012f,0.0033f,-1f,0.381f,0f,0f,0f,1f],start_interpolation: 0,interpolation_duration: 1}
$data merge entity $(grip) {transformation: [-0.9909f,0.1349f,-0.0008f,-0.0416f,0.1349f,0.9909f,0.0034f,-0.3671f,0.0012f,0.0033f,-1f,0.381f,0f,0f,0f,1f],start_interpolation: 0,interpolation_duration: 1}
$data merge entity $(trigger) {transformation: [-0.9909f,0.1349f,-0.0008f,-0.041f,0.1349f,0.9909f,0.0034f,-0.3629f,0.0012f,0.0033f,-1f,0.4117f,0f,0f,0f,1f],start_interpolation: 0,interpolation_duration: 1}
$data merge entity $(trigger_gaurd) {transformation: [-0.9909f,0.1349f,-0.0008f,-0.0371f,0.1349f,0.9909f,0.0034f,-0.3344f,0.0012f,0.0033f,-1f,0.4442f,0f,0f,0f,1f],start_interpolation: 0,interpolation_duration: 1}
$data merge entity $(right_arm) {transformation: [-0.9909f,-0.0008f,-0.1349f,-0.0788f,0.1349f,0.0034f,-0.9909f,-0.3824f,0.0012f,-1f,-0.0033f,0.053f,0f,0f,0f,1f],start_interpolation: 0,interpolation_duration: 1}
$data merge entity $(magazine1) {transformation: [0f,0f,0f,-0.095f,0f,0f,0f,-0.299f,0f,0f,0f,0.4036f,0f,0f,0f,1f],start_interpolation: 0,interpolation_duration: 1}
$data merge entity $(left_arm) {transformation: [-0.8522f,0.4037f,0.3328f,0.0989f,-0.3531f,0.0256f,-0.9352f,-0.3972f,-0.3861f,-0.9145f,0.1207f,0.0654f,0f,0f,0f,1f],start_interpolation: 0,interpolation_duration: 1}
data modify entity @s data merge value {"cameras":{},"locators":{"barrel1":{"px":-0.052354409589348394,"py":-0.28731715738834845,"pz":0.7407972311600737,"ry":359.9557425145174,"rx":0.1971024847563001}}}