# This file was generated by Animated Java via MC-Build. It is not recommended to edit this file directly.
$data merge entity $(bone_muzzleflash) {transformation: [0f,0f,0f,-0.3281f,0f,0f,0f,-0.7254f,0f,0f,0f,0.4f,0f,0f,0f,1f],start_interpolation: 0,interpolation_duration: 1}
$data merge entity $(bone_slide) {transformation: [-0.9909f,0.1349f,-0.0008f,-0.1484f,0.1349f,0.9909f,0.0034f,-0.2668f,0.0012f,0.0033f,-1f,0.5785f,0f,0f,0f,1f],start_interpolation: 0,interpolation_duration: 1}
$data merge entity $(bone_barrel) {transformation: [-0.9909f,0.1349f,-0.0008f,-0.051f,0.1349f,0.9909f,0.0034f,-0.3617f,0.0012f,0.0033f,-1f,0.5781f,0f,0f,0f,1f],start_interpolation: 0,interpolation_duration: 1}
$data merge entity $(bone_magazine) {transformation: [-0.9909f,0.1349f,-0.0008f,-0.1666f,0.1349f,0.9909f,0.0034f,-0.3984f,0.0012f,0.0033f,-1f,0.381f,0f,0f,0f,1f],start_interpolation: 0,interpolation_duration: 1}
$data merge entity $(bone_grip) {transformation: [-0.9909f,0.1349f,-0.0008f,-0.1666f,0.1349f,0.9909f,0.0034f,-0.3984f,0.0012f,0.0033f,-1f,0.381f,0f,0f,0f,1f],start_interpolation: 0,interpolation_duration: 1}
$data merge entity $(bone_trigger) {transformation: [-0.9909f,0.1349f,-0.0008f,-0.166f,0.1349f,0.9909f,0.0034f,-0.3941f,0.0012f,0.0033f,-1f,0.4117f,0f,0f,0f,1f],start_interpolation: 0,interpolation_duration: 1}
$data merge entity $(bone_trigger_gaurd) {transformation: [-0.9909f,0.1349f,-0.0008f,-0.1621f,0.1349f,0.9909f,0.0034f,-0.3656f,0.0012f,0.0033f,-1f,0.4442f,0f,0f,0f,1f],start_interpolation: 0,interpolation_duration: 1}
$data merge entity $(bone_right_arm) {transformation: [-0.9909f,-0.0008f,-0.1349f,-0.2038f,0.1349f,0.0034f,-0.9909f,-0.4136f,0.0012f,-1f,-0.0033f,0.053f,0f,0f,0f,1f],start_interpolation: 0,interpolation_duration: 1}
$data merge entity $(bone_magazine1) {transformation: [0f,0f,0f,-0.22f,0f,0f,0f,-0.3302f,0f,0f,0f,0.4036f,0f,0f,0f,1f],start_interpolation: 0,interpolation_duration: 1}
$data merge entity $(bone_left_arm) {transformation: [-0.8522f,0.4037f,0.3328f,-0.0261f,-0.3531f,0.0256f,-0.9352f,-0.4284f,-0.3861f,-0.9145f,0.1207f,0.0654f,0f,0f,0f,1f],start_interpolation: 0,interpolation_duration: 1}
data modify entity @s data merge value {"cameras":{},"locators":{"barrel1":{"px":-0.1773544095893484,"py":-0.31856715738834845,"pz":0.7407972311600736,"ry":359.9557425145174,"rx":0.1971024847563001}}}