# This file was generated by Animated Java via MC-Build. It is not recommended to edit this file directly.
$data merge entity $(bone_muzzleflash) {transformation: [0f,0f,0f,-0.2031f,0f,0f,0f,-0.6955f,0f,0f,0f,0.4f,0f,0f,0f,1f],start_interpolation: 0,interpolation_duration: 1}
$data merge entity $(bone_slide) {transformation: [-0.9908f,0.1357f,-0.0006f,-0.0231f,0.1357f,0.9907f,0.0079f,-0.2378f,0.0016f,0.0077f,-1f,0.5805f,0f,0f,0f,1f],start_interpolation: 0,interpolation_duration: 1}
$data merge entity $(bone_barrel) {transformation: [-0.9908f,0.1357f,-0.0006f,0.0743f,0.1357f,0.9907f,0.0079f,-0.3328f,0.0016f,0.0077f,-1f,0.5797f,0f,0f,0f,1f],start_interpolation: 0,interpolation_duration: 1}
$data merge entity $(bone_magazine) {transformation: [-0.9908f,0.1357f,-0.0006f,-0.0413f,0.1357f,0.9907f,0.0079f,-0.3685f,0.0016f,0.0077f,-1f,0.3825f,0f,0f,0f,1f],start_interpolation: 0,interpolation_duration: 1}
$data merge entity $(bone_grip) {transformation: [-0.9908f,0.1357f,-0.0006f,-0.0413f,0.1357f,0.9907f,0.0079f,-0.3685f,0.0016f,0.0077f,-1f,0.3825f,0f,0f,0f,1f],start_interpolation: 0,interpolation_duration: 1}
$data merge entity $(bone_trigger) {transformation: [-0.9908f,0.1357f,-0.0006f,-0.0407f,0.1357f,0.9907f,0.0079f,-0.3644f,0.0016f,0.0077f,-1f,0.4132f,0f,0f,0f,1f],start_interpolation: 0,interpolation_duration: 1}
$data merge entity $(bone_trigger_gaurd) {transformation: [-0.9908f,0.1357f,-0.0006f,-0.0368f,0.1357f,0.9907f,0.0079f,-0.336f,0.0016f,0.0077f,-1f,0.4459f,0f,0f,0f,1f],start_interpolation: 0,interpolation_duration: 1}
$data merge entity $(bone_right_arm) {transformation: [-0.9908f,-0.0006f,-0.1357f,-0.0784f,0.1357f,0.0079f,-0.9907f,-0.3822f,0.0016f,-1f,-0.0077f,0.0544f,0f,0f,0f,1f],start_interpolation: 0,interpolation_duration: 1}
$data merge entity $(bone_magazine1) {transformation: [0f,0f,0f,-0.0947f,0f,0f,0f,-0.3004f,0f,0f,0f,0.4054f,0f,0f,0f,1f],start_interpolation: 0,interpolation_duration: 1}
$data merge entity $(bone_left_arm) {transformation: [-0.8524f,0.4039f,0.3321f,0.0992f,-0.3508f,0.0294f,-0.936f,-0.3973f,-0.3878f,-0.9143f,0.1166f,0.0668f,0f,0f,0f,1f],start_interpolation: 0,interpolation_duration: 1}
data modify entity @s data merge value {"cameras":{},"locators":{"barrel1":{"px":-0.052116520006523004,"py":-0.29027931524404066,"pz":0.7426391137340513,"ry":359.96826195179244,"rx":0.45249819513527156}}}