# This file was generated by Animated Java via MC-Build. It is not recommended to edit this file directly.
$data merge entity $(bone_muzzleflash) {transformation: [0f,0f,0f,-0.3281f,0f,0f,0f,-0.727f,0f,0f,0f,0.4f,0f,0f,0f,1f],start_interpolation: 0,interpolation_duration: 1}
$data merge entity $(bone_slide) {transformation: [-0.9907f,0.1358f,-0.0005f,-0.1481f,0.1358f,0.9907f,0.0088f,-0.2695f,0.0017f,0.0087f,-1f,0.581f,0f,0f,0f,1f],start_interpolation: 0,interpolation_duration: 1}
$data merge entity $(bone_barrel) {transformation: [-0.9907f,0.1358f,-0.0005f,-0.0507f,0.1358f,0.9907f,0.0088f,-0.3646f,0.0017f,0.0087f,-1f,0.5801f,0f,0f,0f,1f],start_interpolation: 0,interpolation_duration: 1}
$data merge entity $(bone_magazine) {transformation: [-0.9907f,0.1358f,-0.0005f,-0.1663f,0.1358f,0.9907f,0.0088f,-0.4f,0.0017f,0.0087f,-1f,0.3829f,0f,0f,0f,1f],start_interpolation: 0,interpolation_duration: 1}
$data merge entity $(bone_grip) {transformation: [-0.9907f,0.1358f,-0.0005f,-0.1663f,0.1358f,0.9907f,0.0088f,-0.4f,0.0017f,0.0087f,-1f,0.3829f,0f,0f,0f,1f],start_interpolation: 0,interpolation_duration: 1}
$data merge entity $(bone_trigger) {transformation: [-0.9907f,0.1358f,-0.0005f,-0.1657f,0.1358f,0.9907f,0.0088f,-0.396f,0.0017f,0.0087f,-1f,0.4135f,0f,0f,0f,1f],start_interpolation: 0,interpolation_duration: 1}
$data merge entity $(bone_trigger_gaurd) {transformation: [-0.9907f,0.1358f,-0.0005f,-0.1617f,0.1358f,0.9907f,0.0088f,-0.3676f,0.0017f,0.0087f,-1f,0.4462f,0f,0f,0f,1f],start_interpolation: 0,interpolation_duration: 1}
$data merge entity $(bone_right_arm) {transformation: [-0.9907f,-0.0005f,-0.1358f,-0.2034f,0.1358f,0.0088f,-0.9907f,-0.4135f,0.0017f,-1f,-0.0087f,0.0547f,0f,0f,0f,1f],start_interpolation: 0,interpolation_duration: 1}
$data merge entity $(bone_magazine1) {transformation: [0f,0f,0f,-0.2197f,0f,0f,0f,-0.332f,0f,0f,0f,0.4058f,0f,0f,0f,1f],start_interpolation: 0,interpolation_duration: 1}
$data merge entity $(bone_left_arm) {transformation: [-0.8524f,0.404f,0.332f,-0.0258f,-0.3503f,0.0302f,-0.9362f,-0.4285f,-0.3882f,-0.9143f,0.1158f,0.0671f,0f,0f,0f,1f],start_interpolation: 0,interpolation_duration: 1}
data modify entity @s data merge value {"cameras":{},"locators":{"barrel1":{"px":-0.17708379830692264,"py":-0.3221605855462327,"pz":0.7430247627785127,"ry":359.9709177051409,"rx":0.50608863094188}}}