# This file was generated by Animated Java via MC-Build. It is not recommended to edit this file directly.
$data merge entity $(bone_muzzleflash) {transformation: [0f,0f,0f,-0.2031f,0f,0f,0f,-0.6961f,0f,0f,0f,0.4f,0f,0f,0f,1f],start_interpolation: 0,interpolation_duration: 1}
$data merge entity $(bone_slide) {transformation: [-0.9907f,0.1359f,-0.0005f,-0.023f,0.1359f,0.9907f,0.0098f,-0.2388f,0.0018f,0.0096f,-1f,0.5814f,0f,0f,0f,1f],start_interpolation: 0,interpolation_duration: 1}
$data merge entity $(bone_barrel) {transformation: [-0.9907f,0.1359f,-0.0005f,0.0743f,0.1359f,0.9907f,0.0098f,-0.3338f,0.0018f,0.0096f,-1f,0.5804f,0f,0f,0f,1f],start_interpolation: 0,interpolation_duration: 1}
$data merge entity $(bone_magazine) {transformation: [-0.9907f,0.1359f,-0.0005f,-0.0413f,0.1359f,0.9907f,0.0098f,-0.3691f,0.0018f,0.0096f,-1f,0.3832f,0f,0f,0f,1f],start_interpolation: 0,interpolation_duration: 1}
$data merge entity $(bone_grip) {transformation: [-0.9907f,0.1359f,-0.0005f,-0.0413f,0.1359f,0.9907f,0.0098f,-0.3691f,0.0018f,0.0096f,-1f,0.3832f,0f,0f,0f,1f],start_interpolation: 0,interpolation_duration: 1}
$data merge entity $(bone_trigger) {transformation: [-0.9907f,0.1359f,-0.0005f,-0.0406f,0.1359f,0.9907f,0.0098f,-0.365f,0.0018f,0.0096f,-1f,0.4138f,0f,0f,0f,1f],start_interpolation: 0,interpolation_duration: 1}
$data merge entity $(bone_trigger_gaurd) {transformation: [-0.9907f,0.1359f,-0.0005f,-0.0367f,0.1359f,0.9907f,0.0098f,-0.3367f,0.0018f,0.0096f,-1f,0.4466f,0f,0f,0f,1f],start_interpolation: 0,interpolation_duration: 1}
$data merge entity $(bone_right_arm) {transformation: [-0.9907f,-0.0005f,-0.1359f,-0.0783f,0.1359f,0.0098f,-0.9907f,-0.3822f,0.0018f,-1f,-0.0096f,0.055f,0f,0f,0f,1f],start_interpolation: 0,interpolation_duration: 1}
$data merge entity $(bone_magazine1) {transformation: [0f,0f,0f,-0.0947f,0f,0f,0f,-0.3011f,0f,0f,0f,0.4061f,0f,0f,0f,1f],start_interpolation: 0,interpolation_duration: 1}
$data merge entity $(bone_left_arm) {transformation: [-0.8524f,0.404f,0.3319f,0.0993f,-0.3498f,0.031f,-0.9363f,-0.3973f,-0.3886f,-0.9142f,0.1149f,0.0674f,0f,0f,0f,1f],start_interpolation: 0,interpolation_duration: 1}
data modify entity @s data merge value {"cameras":{},"locators":{"barrel1":{"px":-0.05205594463043884,"py":-0.29155214155719283,"pz":0.7434145546215658,"ry":359.9736099571274,"rx":0.5602963040495346}}}