# This file was generated by Animated Java via MC-Build. It is not recommended to edit this file directly.
$data merge entity $(bone_muzzleflash) {transformation: [0f,0f,0f,-0.3281f,0f,0f,0f,-0.7283f,0f,0f,0f,0.4f,0f,0f,0f,1f],start_interpolation: 0,interpolation_duration: 1}
$data merge entity $(bone_slide) {transformation: [-0.9907f,0.1361f,-0.0003f,-0.1479f,0.1361f,0.9906f,0.0127f,-0.2715f,0.002f,0.0125f,-0.9999f,0.5828f,0f,0f,0f,1f],start_interpolation: 0,interpolation_duration: 1}
$data merge entity $(bone_barrel) {transformation: [-0.9907f,0.1361f,-0.0003f,-0.0506f,0.1361f,0.9906f,0.0127f,-0.3666f,0.002f,0.0125f,-0.9999f,0.5815f,0f,0f,0f,1f],start_interpolation: 0,interpolation_duration: 1}
$data merge entity $(bone_magazine) {transformation: [-0.9907f,0.1361f,-0.0003f,-0.1662f,0.1361f,0.9906f,0.0127f,-0.4013f,0.002f,0.0125f,-0.9999f,0.3841f,0f,0f,0f,1f],start_interpolation: 0,interpolation_duration: 1}
$data merge entity $(bone_grip) {transformation: [-0.9907f,0.1361f,-0.0003f,-0.1662f,0.1361f,0.9906f,0.0127f,-0.4013f,0.002f,0.0125f,-0.9999f,0.3841f,0f,0f,0f,1f],start_interpolation: 0,interpolation_duration: 1}
$data merge entity $(bone_trigger) {transformation: [-0.9907f,0.1361f,-0.0003f,-0.1656f,0.1361f,0.9906f,0.0127f,-0.3973f,0.002f,0.0125f,-0.9999f,0.4148f,0f,0f,0f,1f],start_interpolation: 0,interpolation_duration: 1}
$data merge entity $(bone_trigger_gaurd) {transformation: [-0.9907f,0.1361f,-0.0003f,-0.1616f,0.1361f,0.9906f,0.0127f,-0.3691f,0.002f,0.0125f,-0.9999f,0.4476f,0f,0f,0f,1f],start_interpolation: 0,interpolation_duration: 1}
$data merge entity $(bone_right_arm) {transformation: [-0.9907f,-0.0003f,-0.1361f,-0.2032f,0.1361f,0.0127f,-0.9906f,-0.4134f,0.002f,-0.9999f,-0.0125f,0.0559f,0f,0f,0f,1f],start_interpolation: 0,interpolation_duration: 1}
$data merge entity $(bone_magazine1) {transformation: [0f,0f,0f,-0.2196f,0f,0f,0f,-0.3333f,0f,0f,0f,0.4073f,0f,0f,0f,1f],start_interpolation: 0,interpolation_duration: 1}
$data merge entity $(bone_left_arm) {transformation: [-0.8525f,0.4042f,0.3316f,-0.0256f,-0.3485f,0.0335f,-0.9367f,-0.4286f,-0.3897f,-0.9141f,0.1123f,0.0683f,0f,0f,0f,1f],start_interpolation: 0,interpolation_duration: 1}
data modify entity @s data merge value {"cameras":{},"locators":{"barrel1":{"px":-0.17700121628582124,"py":-0.3247770664901471,"pz":0.7446019155302968,"ry":359.9818429567413,"rx":0.7256806103836039}}}