# This file was generated by Animated Java via MC-Build. It is not recommended to edit this file directly.
$data merge entity $(bone_muzzleflash) {transformation: [0f,0f,0f,-0.3281f,0f,0f,0f,-0.7286f,0f,0f,0f,0.4f,0f,0f,0f,1f],start_interpolation: 0,interpolation_duration: 1}
$data merge entity $(bone_slide) {transformation: [-0.9907f,0.1362f,-0.0003f,-0.1479f,0.1362f,0.9906f,0.0136f,-0.272f,0.0021f,0.0135f,-0.9999f,0.5832f,0f,0f,0f,1f],start_interpolation: 0,interpolation_duration: 1}
$data merge entity $(bone_barrel) {transformation: [-0.9907f,0.1362f,-0.0003f,-0.0506f,0.1362f,0.9906f,0.0136f,-0.3671f,0.0021f,0.0135f,-0.9999f,0.5819f,0f,0f,0f,1f],start_interpolation: 0,interpolation_duration: 1}
$data merge entity $(bone_magazine) {transformation: [-0.9907f,0.1362f,-0.0003f,-0.1661f,0.1362f,0.9906f,0.0136f,-0.4016f,0.0021f,0.0135f,-0.9999f,0.3845f,0f,0f,0f,1f],start_interpolation: 0,interpolation_duration: 1}
$data merge entity $(bone_grip) {transformation: [-0.9907f,0.1362f,-0.0003f,-0.1661f,0.1362f,0.9906f,0.0136f,-0.4016f,0.0021f,0.0135f,-0.9999f,0.3845f,0f,0f,0f,1f],start_interpolation: 0,interpolation_duration: 1}
$data merge entity $(bone_trigger) {transformation: [-0.9907f,0.1362f,-0.0003f,-0.1655f,0.1362f,0.9906f,0.0136f,-0.3977f,0.0021f,0.0135f,-0.9999f,0.4151f,0f,0f,0f,1f],start_interpolation: 0,interpolation_duration: 1}
$data merge entity $(bone_trigger_gaurd) {transformation: [-0.9907f,0.1362f,-0.0003f,-0.1616f,0.1362f,0.9906f,0.0136f,-0.3695f,0.0021f,0.0135f,-0.9999f,0.448f,0f,0f,0f,1f],start_interpolation: 0,interpolation_duration: 1}
$data merge entity $(bone_right_arm) {transformation: [-0.9907f,-0.0003f,-0.1362f,-0.2032f,0.1362f,0.0136f,-0.9906f,-0.4134f,0.0021f,-0.9999f,-0.0135f,0.0562f,0f,0f,0f,1f],start_interpolation: 0,interpolation_duration: 1}
$data merge entity $(bone_magazine1) {transformation: [0f,0f,0f,-0.2195f,0f,0f,0f,-0.3336f,0f,0f,0f,0.4077f,0f,0f,0f,1f],start_interpolation: 0,interpolation_duration: 1}
$data merge entity $(bone_left_arm) {transformation: [-0.8525f,0.4042f,0.3315f,-0.0256f,-0.3481f,0.0344f,-0.9368f,-0.4286f,-0.3901f,-0.914f,0.1114f,0.0686f,0f,0f,0f,1f],start_interpolation: 0,interpolation_duration: 1}
data modify entity @s data merge value {"cameras":{},"locators":{"barrel1":{"px":-0.176992456843076,"py":-0.32544829623991,"pz":0.7450014175924693,"ry":359.9846181279321,"rx":0.7814151140015946}}}