# This file was generated by Animated Java via MC-Build. It is not recommended to edit this file directly.
$data merge entity $(bone_muzzleflash) {transformation: [0f,0f,0f,-0.3281f,0f,0f,0f,-0.7296f,0f,0f,0f,0.4f,0f,0f,0f,1f],start_interpolation: 0,interpolation_duration: 1}
$data merge entity $(bone_slide) {transformation: [-0.9907f,0.1363f,-0.0001f,-0.1479f,0.1363f,0.9905f,0.0166f,-0.2736f,0.0024f,0.0164f,-0.9999f,0.5846f,0f,0f,0f,1f],start_interpolation: 0,interpolation_duration: 1}
$data merge entity $(bone_barrel) {transformation: [-0.9907f,0.1363f,-0.0001f,-0.0506f,0.1363f,0.9905f,0.0166f,-0.3687f,0.0024f,0.0164f,-0.9999f,0.583f,0f,0f,0f,1f],start_interpolation: 0,interpolation_duration: 1}
$data merge entity $(bone_magazine) {transformation: [-0.9907f,0.1363f,-0.0001f,-0.1661f,0.1363f,0.9905f,0.0166f,-0.4026f,0.0024f,0.0164f,-0.9999f,0.3854f,0f,0f,0f,1f],start_interpolation: 0,interpolation_duration: 1}
$data merge entity $(bone_grip) {transformation: [-0.9907f,0.1363f,-0.0001f,-0.1661f,0.1363f,0.9905f,0.0166f,-0.4026f,0.0024f,0.0164f,-0.9999f,0.3854f,0f,0f,0f,1f],start_interpolation: 0,interpolation_duration: 1}
$data merge entity $(bone_trigger) {transformation: [-0.9907f,0.1363f,-0.0001f,-0.1655f,0.1363f,0.9905f,0.0166f,-0.3987f,0.0024f,0.0164f,-0.9999f,0.4161f,0f,0f,0f,1f],start_interpolation: 0,interpolation_duration: 1}
$data merge entity $(bone_trigger_gaurd) {transformation: [-0.9907f,0.1363f,-0.0001f,-0.1616f,0.1363f,0.9905f,0.0166f,-0.3707f,0.0024f,0.0164f,-0.9999f,0.4491f,0f,0f,0f,1f],start_interpolation: 0,interpolation_duration: 1}
$data merge entity $(bone_right_arm) {transformation: [-0.9907f,-0.0001f,-0.1363f,-0.2031f,0.1363f,0.0166f,-0.9905f,-0.4134f,0.0024f,-0.9999f,-0.0164f,0.0572f,0f,0f,0f,1f],start_interpolation: 0,interpolation_duration: 1}
$data merge entity $(bone_magazine1) {transformation: [0f,0f,0f,-0.2195f,0f,0f,0f,-0.3347f,0f,0f,0f,0.4089f,0f,0f,0f,1f],start_interpolation: 0,interpolation_duration: 1}
$data merge entity $(bone_left_arm) {transformation: [-0.8524f,0.4043f,0.3314f,-0.0255f,-0.3468f,0.037f,-0.9372f,-0.4287f,-0.3912f,-0.9139f,0.1087f,0.0695f,0f,0f,0f,1f],start_interpolation: 0,interpolation_duration: 1}
data modify entity @s data merge value {"cameras":{},"locators":{"barrel1":{"px":-0.1769940823883018,"py":-0.3274845924057285,"pz":0.7462015534182204,"ry":359.9929456360401,"rx":0.9491189845003913}}}