# This file was generated by Animated Java via MC-Build. It is not recommended to edit this file directly.
$data merge entity $(bone_muzzleflash) {transformation: [0f,0f,0f,-0.2031f,0f,0f,0f,-0.7615f,0f,0f,0f,0.4f,0f,0f,0f,1f],start_interpolation: 0,interpolation_duration: 1}
$data merge entity $(bone_slide) {transformation: [-0.9907f,0.1363f,0f,-0.0229f,0.1363f,0.9905f,0.0185f,-0.3059f,0.0026f,0.0183f,-0.9998f,0.5855f,0f,0f,0f,1f],start_interpolation: 0,interpolation_duration: 1}
$data merge entity $(bone_barrel) {transformation: [-0.9907f,0.1363f,0f,0.0744f,0.1363f,0.9905f,0.0185f,-0.401f,0.0026f,0.0183f,-0.9998f,0.5837f,0f,0f,0f,1f],start_interpolation: 0,interpolation_duration: 1}
$data merge entity $(bone_magazine) {transformation: [-0.9907f,0.1363f,0f,-0.0411f,0.1363f,0.9905f,0.0185f,-0.4345f,0.0026f,0.0183f,-0.9998f,0.3861f,0f,0f,0f,1f],start_interpolation: 0,interpolation_duration: 1}
$data merge entity $(bone_grip) {transformation: [-0.9907f,0.1363f,0f,-0.0411f,0.1363f,0.9905f,0.0185f,-0.4345f,0.0026f,0.0183f,-0.9998f,0.3861f,0f,0f,0f,1f],start_interpolation: 0,interpolation_duration: 1}
$data merge entity $(bone_trigger) {transformation: [-0.9907f,0.1363f,0f,-0.0405f,0.1363f,0.9905f,0.0185f,-0.4307f,0.0026f,0.0183f,-0.9998f,0.4168f,0f,0f,0f,1f],start_interpolation: 0,interpolation_duration: 1}
$data merge entity $(bone_trigger_gaurd) {transformation: [-0.9907f,0.1363f,0f,-0.0366f,0.1363f,0.9905f,0.0185f,-0.4027f,0.0026f,0.0183f,-0.9998f,0.4498f,0f,0f,0f,1f],start_interpolation: 0,interpolation_duration: 1}
$data merge entity $(bone_right_arm) {transformation: [-0.9907f,0f,-0.1363f,-0.0781f,0.1363f,0.0185f,-0.9905f,-0.4447f,0.0026f,-0.9998f,-0.0183f,0.0578f,0f,0f,0f,1f],start_interpolation: 0,interpolation_duration: 1}
$data merge entity $(bone_magazine1) {transformation: [0f,0f,0f,-0.0945f,0f,0f,0f,-0.3666f,0f,0f,0f,0.4096f,0f,0f,0f,1f],start_interpolation: 0,interpolation_duration: 1}
$data merge entity $(bone_left_arm) {transformation: [-0.8524f,0.4044f,0.3314f,0.0995f,-0.346f,0.0388f,-0.9374f,-0.46f,-0.392f,-0.9137f,0.1069f,0.0702f,0f,0f,0f,1f],start_interpolation: 0,interpolation_duration: 1}
data modify entity @s data merge value {"cameras":{},"locators":{"barrel1":{"px":-0.05201802366051645,"py":-0.3600993659371881,"pz":0.7469962548154616,"ry":359.99843374749594,"rx":1.06039652795162}}}