# This file was generated by Animated Java via MC-Build. It is not recommended to edit this file directly.
$data merge entity $(bone_muzzleflash) {transformation: [0f,0f,0f,-0.3281f,0f,0f,0f,-0.731f,0f,0f,0f,0.4f,0f,0f,0f,1f],start_interpolation: 0,interpolation_duration: 1}
$data merge entity $(bone_slide) {transformation: [-0.9907f,0.1363f,0.0001f,-0.1479f,0.1363f,0.9905f,0.0204f,-0.2757f,0.0027f,0.0202f,-0.9998f,0.5864f,0f,0f,0f,1f],start_interpolation: 0,interpolation_duration: 1}
$data merge entity $(bone_barrel) {transformation: [-0.9907f,0.1363f,0.0001f,-0.0506f,0.1363f,0.9905f,0.0204f,-0.3708f,0.0027f,0.0202f,-0.9998f,0.5844f,0f,0f,0f,1f],start_interpolation: 0,interpolation_duration: 1}
$data merge entity $(bone_magazine) {transformation: [-0.9907f,0.1363f,0.0001f,-0.1661f,0.1363f,0.9905f,0.0204f,-0.4039f,0.0027f,0.0202f,-0.9998f,0.3867f,0f,0f,0f,1f],start_interpolation: 0,interpolation_duration: 1}
$data merge entity $(bone_grip) {transformation: [-0.9907f,0.1363f,0.0001f,-0.1661f,0.1363f,0.9905f,0.0204f,-0.4039f,0.0027f,0.0202f,-0.9998f,0.3867f,0f,0f,0f,1f],start_interpolation: 0,interpolation_duration: 1}
$data merge entity $(bone_trigger) {transformation: [-0.9907f,0.1363f,0.0001f,-0.1655f,0.1363f,0.9905f,0.0204f,-0.4002f,0.0027f,0.0202f,-0.9998f,0.4174f,0f,0f,0f,1f],start_interpolation: 0,interpolation_duration: 1}
$data merge entity $(bone_trigger_gaurd) {transformation: [-0.9907f,0.1363f,0.0001f,-0.1616f,0.1363f,0.9905f,0.0204f,-0.3722f,0.0027f,0.0202f,-0.9998f,0.4505f,0f,0f,0f,1f],start_interpolation: 0,interpolation_duration: 1}
$data merge entity $(bone_right_arm) {transformation: [-0.9907f,0.0001f,-0.1363f,-0.203f,0.1363f,0.0204f,-0.9905f,-0.4135f,0.0027f,-0.9998f,-0.0202f,0.0584f,0f,0f,0f,1f],start_interpolation: 0,interpolation_duration: 1}
$data merge entity $(bone_magazine1) {transformation: [0f,0f,0f,-0.2195f,0f,0f,0f,-0.3361f,0f,0f,0f,0.4104f,0f,0f,0f,1f],start_interpolation: 0,interpolation_duration: 1}
$data merge entity $(bone_left_arm) {transformation: [-0.8524f,0.4045f,0.3314f,-0.0254f,-0.3453f,0.0406f,-0.9376f,-0.4288f,-0.3927f,-0.9136f,0.1051f,0.0708f,0f,0f,0f,1f],start_interpolation: 0,interpolation_duration: 1}
data modify entity @s data merge value {"cameras":{},"locators":{"barrel1":{"px":-0.1770598797598178,"py":-0.3302090646201575,"pz":0.7477803889668628,"ry":0.0038101016463940596,"rx":1.1703748369674731}}}