# This file was generated by Animated Java via MC-Build. It is not recommended to edit this file directly.
$data merge entity $(bone_muzzleflash) {transformation: [0f,0f,0f,-0.2031f,0f,0f,0f,-0.7001f,0f,0f,0f,0.4f,0f,0f,0f,1f],start_interpolation: 0,interpolation_duration: 1}
$data merge entity $(bone_slide) {transformation: [-0.9907f,0.1363f,0.0001f,-0.0229f,0.1363f,0.9904f,0.0214f,-0.245f,0.0028f,0.0212f,-0.9998f,0.5868f,0f,0f,0f,1f],start_interpolation: 0,interpolation_duration: 1}
$data merge entity $(bone_barrel) {transformation: [-0.9907f,0.1363f,0.0001f,0.0744f,0.1363f,0.9904f,0.0214f,-0.34f,0.0028f,0.0212f,-0.9998f,0.5848f,0f,0f,0f,1f],start_interpolation: 0,interpolation_duration: 1}
$data merge entity $(bone_magazine) {transformation: [-0.9907f,0.1363f,0.0001f,-0.0411f,0.1363f,0.9904f,0.0214f,-0.373f,0.0028f,0.0212f,-0.9998f,0.3871f,0f,0f,0f,1f],start_interpolation: 0,interpolation_duration: 1}
$data merge entity $(bone_grip) {transformation: [-0.9907f,0.1363f,0.0001f,-0.0411f,0.1363f,0.9904f,0.0214f,-0.373f,0.0028f,0.0212f,-0.9998f,0.3871f,0f,0f,0f,1f],start_interpolation: 0,interpolation_duration: 1}
$data merge entity $(bone_trigger) {transformation: [-0.9907f,0.1363f,0.0001f,-0.0405f,0.1363f,0.9904f,0.0214f,-0.3693f,0.0028f,0.0212f,-0.9998f,0.4178f,0f,0f,0f,1f],start_interpolation: 0,interpolation_duration: 1}
$data merge entity $(bone_trigger_gaurd) {transformation: [-0.9907f,0.1363f,0.0001f,-0.0366f,0.1363f,0.9904f,0.0214f,-0.3414f,0.0028f,0.0212f,-0.9998f,0.4508f,0f,0f,0f,1f],start_interpolation: 0,interpolation_duration: 1}
$data merge entity $(bone_right_arm) {transformation: [-0.9907f,0.0001f,-0.1363f,-0.078f,0.1363f,0.0214f,-0.9904f,-0.3823f,0.0028f,-0.9998f,-0.0212f,0.0587f,0f,0f,0f,1f],start_interpolation: 0,interpolation_duration: 1}
$data merge entity $(bone_magazine1) {transformation: [0f,0f,0f,-0.0945f,0f,0f,0f,-0.3052f,0f,0f,0f,0.4108f,0f,0f,0f,1f],start_interpolation: 0,interpolation_duration: 1}
$data merge entity $(bone_left_arm) {transformation: [-0.8523f,0.4046f,0.3314f,0.0996f,-0.3449f,0.0414f,-0.9377f,-0.3976f,-0.3931f,-0.9136f,0.1042f,0.0711f,0f,0f,0f,1f],start_interpolation: 0,interpolation_duration: 1}
data modify entity @s data merge value {"cameras":{},"locators":{"barrel1":{"px":-0.05208742650557488,"py":-0.2996340874965868,"pz":0.7481668286118934,"ry":0.006440141159856694,"rx":1.2246412710590613}}}