# This file was generated by Animated Java via MC-Build. It is not recommended to edit this file directly.
$data merge entity $(bone_muzzleflash) {transformation: [0f,0f,0f,-0.2031f,0f,0f,0f,-0.7008f,0f,0f,0f,0.4f,0f,0f,0f,1f],start_interpolation: 0,interpolation_duration: 1}
$data merge entity $(bone_slide) {transformation: [-0.9907f,0.1362f,0.0002f,-0.023f,0.1362f,0.9904f,0.0232f,-0.246f,0.003f,0.023f,-0.9997f,0.5877f,0f,0f,0f,1f],start_interpolation: 0,interpolation_duration: 1}
$data merge entity $(bone_barrel) {transformation: [-0.9907f,0.1362f,0.0002f,0.0743f,0.1362f,0.9904f,0.0232f,-0.3411f,0.003f,0.023f,-0.9997f,0.5855f,0f,0f,0f,1f],start_interpolation: 0,interpolation_duration: 1}
$data merge entity $(bone_magazine) {transformation: [-0.9907f,0.1362f,0.0002f,-0.0411f,0.1362f,0.9904f,0.0232f,-0.3736f,0.003f,0.023f,-0.9997f,0.3877f,0f,0f,0f,1f],start_interpolation: 0,interpolation_duration: 1}
$data merge entity $(bone_grip) {transformation: [-0.9907f,0.1362f,0.0002f,-0.0411f,0.1362f,0.9904f,0.0232f,-0.3736f,0.003f,0.023f,-0.9997f,0.3877f,0f,0f,0f,1f],start_interpolation: 0,interpolation_duration: 1}
$data merge entity $(bone_trigger) {transformation: [-0.9907f,0.1362f,0.0002f,-0.0406f,0.1362f,0.9904f,0.0232f,-0.37f,0.003f,0.023f,-0.9997f,0.4184f,0f,0f,0f,1f],start_interpolation: 0,interpolation_duration: 1}
$data merge entity $(bone_trigger_gaurd) {transformation: [-0.9907f,0.1362f,0.0002f,-0.0366f,0.1362f,0.9904f,0.0232f,-0.3422f,0.003f,0.023f,-0.9997f,0.4515f,0f,0f,0f,1f],start_interpolation: 0,interpolation_duration: 1}
$data merge entity $(bone_right_arm) {transformation: [-0.9907f,0.0002f,-0.1362f,-0.078f,0.1362f,0.0232f,-0.9904f,-0.3823f,0.003f,-0.9997f,-0.023f,0.0593f,0f,0f,0f,1f],start_interpolation: 0,interpolation_duration: 1}
$data merge entity $(bone_magazine1) {transformation: [0f,0f,0f,-0.0945f,0f,0f,0f,-0.3059f,0f,0f,0f,0.4115f,0f,0f,0f,1f],start_interpolation: 0,interpolation_duration: 1}
$data merge entity $(bone_left_arm) {transformation: [-0.8523f,0.4046f,0.3315f,0.0996f,-0.3443f,0.0432f,-0.9379f,-0.3977f,-0.3938f,-0.9135f,0.1025f,0.0717f,0f,0f,0f,1f],start_interpolation: 0,interpolation_duration: 1}
data modify entity @s data merge value {"cameras":{},"locators":{"barrel1":{"px":-0.05215555998293691,"py":-0.3009686132344148,"pz":0.7489251422822399,"ry":0.011551824767451535,"rx":1.3312576615879514}}}