# This file was generated by Animated Java via MC-Build. It is not recommended to edit this file directly.
$data merge entity $(bone_muzzleflash) {transformation: [0f,0f,0f,-0.3281f,0f,0f,0f,-0.7324f,0f,0f,0f,0.4f,0f,0f,0f,1f],start_interpolation: 0,interpolation_duration: 1}
$data merge entity $(bone_slide) {transformation: [-0.9907f,0.1361f,0.0002f,-0.148f,0.1361f,0.9904f,0.0241f,-0.2778f,0.003f,0.024f,-0.9997f,0.5881f,0f,0f,0f,1f],start_interpolation: 0,interpolation_duration: 1}
$data merge entity $(bone_barrel) {transformation: [-0.9907f,0.1361f,0.0002f,-0.0507f,0.1361f,0.9904f,0.0241f,-0.3728f,0.003f,0.024f,-0.9997f,0.5858f,0f,0f,0f,1f],start_interpolation: 0,interpolation_duration: 1}
$data merge entity $(bone_magazine) {transformation: [-0.9907f,0.1361f,0.0002f,-0.1662f,0.1361f,0.9904f,0.0241f,-0.4052f,0.003f,0.024f,-0.9997f,0.388f,0f,0f,0f,1f],start_interpolation: 0,interpolation_duration: 1}
$data merge entity $(bone_grip) {transformation: [-0.9907f,0.1361f,0.0002f,-0.1662f,0.1361f,0.9904f,0.0241f,-0.4052f,0.003f,0.024f,-0.9997f,0.388f,0f,0f,0f,1f],start_interpolation: 0,interpolation_duration: 1}
$data merge entity $(bone_trigger) {transformation: [-0.9907f,0.1361f,0.0002f,-0.1656f,0.1361f,0.9904f,0.0241f,-0.4016f,0.003f,0.024f,-0.9997f,0.4187f,0f,0f,0f,1f],start_interpolation: 0,interpolation_duration: 1}
$data merge entity $(bone_trigger_gaurd) {transformation: [-0.9907f,0.1361f,0.0002f,-0.1617f,0.1361f,0.9904f,0.0241f,-0.3738f,0.003f,0.024f,-0.9997f,0.4518f,0f,0f,0f,1f],start_interpolation: 0,interpolation_duration: 1}
$data merge entity $(bone_right_arm) {transformation: [-0.9907f,0.0002f,-0.1361f,-0.203f,0.1361f,0.0241f,-0.9904f,-0.4136f,0.003f,-0.9997f,-0.024f,0.0596f,0f,0f,0f,1f],start_interpolation: 0,interpolation_duration: 1}
$data merge entity $(bone_magazine1) {transformation: [0f,0f,0f,-0.2196f,0f,0f,0f,-0.3375f,0f,0f,0f,0.4119f,0f,0f,0f,1f],start_interpolation: 0,interpolation_duration: 1}
$data merge entity $(bone_left_arm) {transformation: [-0.8522f,0.4047f,0.3316f,-0.0254f,-0.344f,0.044f,-0.9379f,-0.4289f,-0.3942f,-0.9134f,0.1017f,0.0719f,0f,0f,0f,1f],start_interpolation: 0,interpolation_duration: 1}
data modify entity @s data merge value {"cameras":{},"locators":{"barrel1":{"px":-0.17719606854071884,"py":-0.33287576261549534,"pz":0.7492956981691581,"ry":0.014020787288700376,"rx":1.3834191928300066}}}