# This file was generated by Animated Java via MC-Build. It is not recommended to edit this file directly.
$data merge entity $(muzzleflash) {transformation: [0f,0f,0f,-0.2031f,0f,0f,0f,-0.7011f,0f,0f,0f,0.4f,0f,0f,0f,1f],start_interpolation: 0,interpolation_duration: 1}
$data merge entity $(slide) {transformation: [-0.9907f,0.1361f,0.0002f,-0.023f,0.1361f,0.9904f,0.0241f,-0.2465f,0.003f,0.024f,-0.9997f,0.5881f,0f,0f,0f,1f],start_interpolation: 0,interpolation_duration: 1}
$data merge entity $(barrel) {transformation: [-0.9907f,0.1361f,0.0002f,0.0743f,0.1361f,0.9904f,0.0241f,-0.3416f,0.003f,0.024f,-0.9997f,0.5858f,0f,0f,0f,1f],start_interpolation: 0,interpolation_duration: 1}
$data merge entity $(magazine) {transformation: [-0.9907f,0.1361f,0.0002f,-0.0412f,0.1361f,0.9904f,0.0241f,-0.374f,0.003f,0.024f,-0.9997f,0.388f,0f,0f,0f,1f],start_interpolation: 0,interpolation_duration: 1}
$data merge entity $(grip) {transformation: [-0.9907f,0.1361f,0.0002f,-0.0412f,0.1361f,0.9904f,0.0241f,-0.374f,0.003f,0.024f,-0.9997f,0.388f,0f,0f,0f,1f],start_interpolation: 0,interpolation_duration: 1}
$data merge entity $(trigger) {transformation: [-0.9907f,0.1361f,0.0002f,-0.0406f,0.1361f,0.9904f,0.0241f,-0.3704f,0.003f,0.024f,-0.9997f,0.4187f,0f,0f,0f,1f],start_interpolation: 0,interpolation_duration: 1}
$data merge entity $(trigger_gaurd) {transformation: [-0.9907f,0.1361f,0.0002f,-0.0367f,0.1361f,0.9904f,0.0241f,-0.3426f,0.003f,0.024f,-0.9997f,0.4518f,0f,0f,0f,1f],start_interpolation: 0,interpolation_duration: 1}
$data merge entity $(right_arm) {transformation: [-0.9907f,0.0002f,-0.1361f,-0.078f,0.1361f,0.0241f,-0.9904f,-0.3824f,0.003f,-0.9997f,-0.024f,0.0596f,0f,0f,0f,1f],start_interpolation: 0,interpolation_duration: 1}
$data merge entity $(magazine1) {transformation: [0f,0f,0f,-0.0946f,0f,0f,0f,-0.3063f,0f,0f,0f,0.4119f,0f,0f,0f,1f],start_interpolation: 0,interpolation_duration: 1}
$data merge entity $(left_arm) {transformation: [-0.8522f,0.4047f,0.3316f,0.0996f,-0.344f,0.044f,-0.9379f,-0.3977f,-0.3942f,-0.9134f,0.1017f,0.0719f,0f,0f,0f,1f],start_interpolation: 0,interpolation_duration: 1}
data modify entity @s data merge value {"cameras":{},"locators":{"barrel1":{"px":-0.052196068540718836,"py":-0.30162576261549534,"pz":0.7492956981691581,"ry":0.014020787288700376,"rx":1.3834191928300066}}}