# This file was generated by Animated Java via MC-Build. It is not recommended to edit this file directly.
$data merge entity $(muzzleflash) {transformation: [0f,0f,0f,-0.2031f,0f,0f,0f,-0.7022f,0f,0f,0f,0.4f,0f,0f,0f,1f],start_interpolation: 0,interpolation_duration: 1}
$data merge entity $(slide) {transformation: [-0.9907f,0.1359f,0.0004f,-0.0232f,0.1358f,0.9904f,0.0268f,-0.248f,0.0033f,0.0266f,-0.9996f,0.5893f,0f,0f,0f,1f],start_interpolation: 0,interpolation_duration: 1}
$data merge entity $(barrel) {transformation: [-0.9907f,0.1359f,0.0004f,0.0742f,0.1358f,0.9904f,0.0268f,-0.343f,0.0033f,0.0266f,-0.9996f,0.5868f,0f,0f,0f,1f],start_interpolation: 0,interpolation_duration: 1}
$data merge entity $(magazine) {transformation: [-0.9907f,0.1359f,0.0004f,-0.0412f,0.1358f,0.9904f,0.0268f,-0.3749f,0.0033f,0.0266f,-0.9996f,0.3889f,0f,0f,0f,1f],start_interpolation: 0,interpolation_duration: 1}
$data merge entity $(grip) {transformation: [-0.9907f,0.1359f,0.0004f,-0.0412f,0.1358f,0.9904f,0.0268f,-0.3749f,0.0033f,0.0266f,-0.9996f,0.3889f,0f,0f,0f,1f],start_interpolation: 0,interpolation_duration: 1}
$data merge entity $(trigger) {transformation: [-0.9907f,0.1359f,0.0004f,-0.0407f,0.1358f,0.9904f,0.0268f,-0.3714f,0.0033f,0.0266f,-0.9996f,0.4196f,0f,0f,0f,1f],start_interpolation: 0,interpolation_duration: 1}
$data merge entity $(trigger_gaurd) {transformation: [-0.9907f,0.1359f,0.0004f,-0.0368f,0.1358f,0.9904f,0.0268f,-0.3437f,0.0033f,0.0266f,-0.9996f,0.4528f,0f,0f,0f,1f],start_interpolation: 0,interpolation_duration: 1}
$data merge entity $(right_arm) {transformation: [-0.9907f,0.0004f,-0.1359f,-0.0781f,0.1358f,0.0268f,-0.9904f,-0.3825f,0.0033f,-0.9996f,-0.0266f,0.0605f,0f,0f,0f,1f],start_interpolation: 0,interpolation_duration: 1}
$data merge entity $(magazine1) {transformation: [0f,0f,0f,-0.0947f,0f,0f,0f,-0.3073f,0f,0f,0f,0.4129f,0f,0f,0f,1f],start_interpolation: 0,interpolation_duration: 1}
$data merge entity $(left_arm) {transformation: [-0.8521f,0.4048f,0.3318f,0.0995f,-0.3432f,0.0465f,-0.9381f,-0.3978f,-0.3952f,-0.9132f,0.0993f,0.0728f,0f,0f,0f,1f],start_interpolation: 0,interpolation_duration: 1}
data modify entity @s data merge value {"cameras":{},"locators":{"barrel1":{"px":-0.05234290067334511,"py":-0.3035425925903683,"pz":0.7503650938208373,"ry":0.021005636957880824,"rx":1.5341864829068197}}}