# This file was generated by Animated Java via MC-Build. It is not recommended to edit this file directly.
$data merge entity $(bone_muzzleflash) {transformation: [0f,0f,0f,-0.2031f,0f,0f,0f,-0.765f,0f,0f,0f,0.4f,0f,0f,0f,1f],start_interpolation: 0,interpolation_duration: 1}
$data merge entity $(bone_slide) {transformation: [-0.9907f,0.1358f,0.0004f,-0.0232f,0.1357f,0.9904f,0.0276f,-0.311f,0.0033f,0.0274f,-0.9996f,0.5897f,0f,0f,0f,1f],start_interpolation: 0,interpolation_duration: 1}
$data merge entity $(bone_barrel) {transformation: [-0.9907f,0.1358f,0.0004f,0.0741f,0.1357f,0.9904f,0.0276f,-0.406f,0.0033f,0.0274f,-0.9996f,0.5871f,0f,0f,0f,1f],start_interpolation: 0,interpolation_duration: 1}
$data merge entity $(bone_magazine) {transformation: [-0.9907f,0.1358f,0.0004f,-0.0413f,0.1357f,0.9904f,0.0276f,-0.4377f,0.0033f,0.0274f,-0.9996f,0.3891f,0f,0f,0f,1f],start_interpolation: 0,interpolation_duration: 1}
$data merge entity $(bone_grip) {transformation: [-0.9907f,0.1358f,0.0004f,-0.0413f,0.1357f,0.9904f,0.0276f,-0.4377f,0.0033f,0.0274f,-0.9996f,0.3891f,0f,0f,0f,1f],start_interpolation: 0,interpolation_duration: 1}
$data merge entity $(bone_trigger) {transformation: [-0.9907f,0.1358f,0.0004f,-0.0407f,0.1357f,0.9904f,0.0276f,-0.4342f,0.0033f,0.0274f,-0.9996f,0.4199f,0f,0f,0f,1f],start_interpolation: 0,interpolation_duration: 1}
$data merge entity $(bone_trigger_gaurd) {transformation: [-0.9907f,0.1358f,0.0004f,-0.0368f,0.1357f,0.9904f,0.0276f,-0.4065f,0.0033f,0.0274f,-0.9996f,0.4531f,0f,0f,0f,1f],start_interpolation: 0,interpolation_duration: 1}
$data merge entity $(bone_right_arm) {transformation: [-0.9907f,0.0004f,-0.1358f,-0.0781f,0.1357f,0.0276f,-0.9904f,-0.445f,0.0033f,-0.9996f,-0.0274f,0.0608f,0f,0f,0f,1f],start_interpolation: 0,interpolation_duration: 1}
$data merge entity $(bone_magazine1) {transformation: [0f,0f,0f,-0.0947f,0f,0f,0f,-0.3701f,0f,0f,0f,0.4133f,0f,0f,0f,1f],start_interpolation: 0,interpolation_duration: 1}
$data merge entity $(bone_left_arm) {transformation: [-0.852f,0.4048f,0.3319f,0.0995f,-0.3429f,0.0473f,-0.9382f,-0.4603f,-0.3955f,-0.9132f,0.0985f,0.0731f,0f,0f,0f,1f],start_interpolation: 0,interpolation_duration: 1}
data modify entity @s data merge value {"cameras":{},"locators":{"barrel1":{"px":-0.052400155165277754,"py":-0.36665938427006006,"pz":0.7507052932521645,"ry":0.023173076090813538,"rx":1.5822223772555644}}}