# This file was generated by Animated Java via MC-Build. It is not recommended to edit this file directly.
$data merge entity $(bone_muzzleflash) {transformation: [0f,0f,0f,-0.2031f,0f,0f,0f,-0.8597f,0f,0f,0f,0.4f,0f,0f,0f,1f],start_interpolation: 0,interpolation_duration: 1}
$data merge entity $(bone_slide) {transformation: [-0.9908f,0.1354f,0.0005f,-0.0234f,0.1353f,0.9903f,0.03f,-0.4061f,0.0036f,0.0298f,-0.9996f,0.5908f,0f,0f,0f,1f],start_interpolation: 0,interpolation_duration: 1}
$data merge entity $(bone_barrel) {transformation: [-0.9908f,0.1354f,0.0005f,0.074f,0.1353f,0.9903f,0.03f,-0.5011f,0.0036f,0.0298f,-0.9996f,0.588f,0f,0f,0f,1f],start_interpolation: 0,interpolation_duration: 1}
$data merge entity $(bone_magazine) {transformation: [-0.9908f,0.1354f,0.0005f,-0.0414f,0.1353f,0.9903f,0.03f,-0.5324f,0.0036f,0.0298f,-0.9996f,0.3899f,0f,0f,0f,1f],start_interpolation: 0,interpolation_duration: 1}
$data merge entity $(bone_grip) {transformation: [-0.9908f,0.1354f,0.0005f,-0.0414f,0.1353f,0.9903f,0.03f,-0.5324f,0.0036f,0.0298f,-0.9996f,0.3899f,0f,0f,0f,1f],start_interpolation: 0,interpolation_duration: 1}
$data merge entity $(bone_trigger) {transformation: [-0.9908f,0.1354f,0.0005f,-0.0408f,0.1353f,0.9903f,0.03f,-0.529f,0.0036f,0.0298f,-0.9996f,0.4207f,0f,0f,0f,1f],start_interpolation: 0,interpolation_duration: 1}
$data merge entity $(bone_trigger_gaurd) {transformation: [-0.9908f,0.1354f,0.0005f,-0.0369f,0.1353f,0.9903f,0.03f,-0.5014f,0.0036f,0.0298f,-0.9996f,0.454f,0f,0f,0f,1f],start_interpolation: 0,interpolation_duration: 1}
$data merge entity $(bone_right_arm) {transformation: [-0.9908f,0.0005f,-0.1354f,-0.0782f,0.1353f,0.03f,-0.9903f,-0.5389f,0.0036f,-0.9996f,-0.0298f,0.0615f,0f,0f,0f,1f],start_interpolation: 0,interpolation_duration: 1}
$data merge entity $(bone_magazine1) {transformation: [0f,0f,0f,-0.0949f,0f,0f,0f,-0.4649f,0f,0f,0f,0.4142f,0f,0f,0f,1f],start_interpolation: 0,interpolation_duration: 1}
$data merge entity $(bone_left_arm) {transformation: [-0.8519f,0.4049f,0.3322f,0.0994f,-0.3423f,0.0497f,-0.9383f,-0.5542f,-0.3964f,-0.913f,0.0963f,0.0738f,0f,0f,0f,1f],start_interpolation: 0,interpolation_duration: 1}
data modify entity @s data merge value {"cameras":{},"locators":{"barrel1":{"px":-0.05259634322672007,"py":-0.4621766864986971,"pz":0.7516680033692288,"ry":0.029111338697560996,"rx":1.718351040744424}}}