# This file was generated by Animated Java via MC-Build. It is not recommended to edit this file directly.
$data merge entity $(bone_muzzleflash) {transformation: [0f,0f,0f,-0.2031f,0f,0f,0f,-0.7038f,0f,0f,0f,0.4f,0f,0f,0f,1f],start_interpolation: 0,interpolation_duration: 1}
$data merge entity $(bone_slide) {transformation: [-0.9908f,0.1352f,0.0005f,-0.0235f,0.1352f,0.9903f,0.0307f,-0.2503f,0.0036f,0.0305f,-0.9995f,0.5911f,0f,0f,0f,1f],start_interpolation: 0,interpolation_duration: 1}
$data merge entity $(bone_barrel) {transformation: [-0.9908f,0.1352f,0.0005f,0.0739f,0.1352f,0.9903f,0.0307f,-0.3452f,0.0036f,0.0305f,-0.9995f,0.5883f,0f,0f,0f,1f],start_interpolation: 0,interpolation_duration: 1}
$data merge entity $(bone_magazine) {transformation: [-0.9908f,0.1352f,0.0005f,-0.0415f,0.1352f,0.9903f,0.0307f,-0.3764f,0.0036f,0.0305f,-0.9995f,0.3902f,0f,0f,0f,1f],start_interpolation: 0,interpolation_duration: 1}
$data merge entity $(bone_grip) {transformation: [-0.9908f,0.1352f,0.0005f,-0.0415f,0.1352f,0.9903f,0.0307f,-0.3764f,0.0036f,0.0305f,-0.9995f,0.3902f,0f,0f,0f,1f],start_interpolation: 0,interpolation_duration: 1}
$data merge entity $(bone_trigger) {transformation: [-0.9908f,0.1352f,0.0005f,-0.0409f,0.1352f,0.9903f,0.0307f,-0.373f,0.0036f,0.0305f,-0.9995f,0.4209f,0f,0f,0f,1f],start_interpolation: 0,interpolation_duration: 1}
$data merge entity $(bone_trigger_gaurd) {transformation: [-0.9908f,0.1352f,0.0005f,-0.037f,0.1352f,0.9903f,0.0307f,-0.3454f,0.0036f,0.0305f,-0.9995f,0.4542f,0f,0f,0f,1f],start_interpolation: 0,interpolation_duration: 1}
$data merge entity $(bone_right_arm) {transformation: [-0.9908f,0.0005f,-0.1352f,-0.0782f,0.1352f,0.0307f,-0.9903f,-0.3827f,0.0036f,-0.9995f,-0.0305f,0.0618f,0f,0f,0f,1f],start_interpolation: 0,interpolation_duration: 1}
$data merge entity $(bone_magazine1) {transformation: [0f,0f,0f,-0.0949f,0f,0f,0f,-0.3089f,0f,0f,0f,0.4145f,0f,0f,0f,1f],start_interpolation: 0,interpolation_duration: 1}
$data merge entity $(bone_left_arm) {transformation: [-0.8518f,0.4049f,0.3324f,0.0994f,-0.3422f,0.0504f,-0.9383f,-0.3979f,-0.3967f,-0.913f,0.0956f,0.074f,0f,0f,0f,1f],start_interpolation: 0,interpolation_duration: 1}
data modify entity @s data merge value {"cameras":{},"locators":{"barrel1":{"px":-0.052669765410477576,"py":-0.3064841303101376,"pz":0.7519674553867592,"ry":0.030884214673847055,"rx":1.7607533914863562}}}