# This file was generated by Animated Java via MC-Build. It is not recommended to edit this file directly.
$data merge entity $(bone_muzzleflash) {transformation: [0f,0f,0f,-0.3281f,0f,0f,0f,-0.7357f,0f,0f,0f,0.4f,0f,0f,0f,1f],start_interpolation: 0,interpolation_duration: 1}
$data merge entity $(bone_slide) {transformation: [-0.9909f,0.1349f,0.0006f,-0.1487f,0.1348f,0.9903f,0.0321f,-0.2824f,0.0037f,0.0319f,-0.9995f,0.5918f,0f,0f,0f,1f],start_interpolation: 0,interpolation_duration: 1}
$data merge entity $(bone_barrel) {transformation: [-0.9909f,0.1349f,0.0006f,-0.0512f,0.1348f,0.9903f,0.0321f,-0.3773f,0.0037f,0.0319f,-0.9995f,0.5888f,0f,0f,0f,1f],start_interpolation: 0,interpolation_duration: 1}
$data merge entity $(bone_magazine) {transformation: [-0.9909f,0.1349f,0.0006f,-0.1666f,0.1348f,0.9903f,0.0321f,-0.4082f,0.0037f,0.0319f,-0.9995f,0.3907f,0f,0f,0f,1f],start_interpolation: 0,interpolation_duration: 1}
$data merge entity $(bone_grip) {transformation: [-0.9909f,0.1349f,0.0006f,-0.1666f,0.1348f,0.9903f,0.0321f,-0.4082f,0.0037f,0.0319f,-0.9995f,0.3907f,0f,0f,0f,1f],start_interpolation: 0,interpolation_duration: 1}
$data merge entity $(bone_trigger) {transformation: [-0.9909f,0.1349f,0.0006f,-0.166f,0.1348f,0.9903f,0.0321f,-0.4049f,0.0037f,0.0319f,-0.9995f,0.4214f,0f,0f,0f,1f],start_interpolation: 0,interpolation_duration: 1}
$data merge entity $(bone_trigger_gaurd) {transformation: [-0.9909f,0.1349f,0.0006f,-0.1621f,0.1348f,0.9903f,0.0321f,-0.3773f,0.0037f,0.0319f,-0.9995f,0.4548f,0f,0f,0f,1f],start_interpolation: 0,interpolation_duration: 1}
$data merge entity $(bone_right_arm) {transformation: [-0.9909f,0.0006f,-0.1349f,-0.2033f,0.1348f,0.0321f,-0.9903f,-0.4141f,0.0037f,-0.9995f,-0.0319f,0.0622f,0f,0f,0f,1f],start_interpolation: 0,interpolation_duration: 1}
$data merge entity $(bone_magazine1) {transformation: [0f,0f,0f,-0.2201f,0f,0f,0f,-0.3408f,0f,0f,0f,0.4151f,0f,0f,0f,1f],start_interpolation: 0,interpolation_duration: 1}
$data merge entity $(bone_left_arm) {transformation: [-0.8517f,0.405f,0.3327f,-0.0257f,-0.3419f,0.0518f,-0.9383f,-0.4293f,-0.3972f,-0.9129f,0.0943f,0.0745f,0f,0f,0f,1f],start_interpolation: 0,interpolation_duration: 1}
data modify entity @s data merge value {"cameras":{},"locators":{"barrel1":{"px":-0.17782845131507233,"py":-0.3387943823683025,"pz":0.7525303143922812,"ry":0.034088418928348574,"rx":1.8405316402422216}}}