# This file was generated by Animated Java via MC-Build. It is not recommended to edit this file directly.
$data merge entity $(bone_muzzleflash) {transformation: [0f,0f,0f,-0.2031f,0f,0f,0f,-0.7047f,0f,0f,0f,0.4f,0f,0f,0f,1f],start_interpolation: 0,interpolation_duration: 1}
$data merge entity $(bone_slide) {transformation: [-0.9909f,0.1347f,0.0006f,-0.0238f,0.1347f,0.9904f,0.0328f,-0.2515f,0.0038f,0.0326f,-0.9995f,0.5921f,0f,0f,0f,1f],start_interpolation: 0,interpolation_duration: 1}
$data merge entity $(bone_barrel) {transformation: [-0.9909f,0.1347f,0.0006f,0.0737f,0.1347f,0.9904f,0.0328f,-0.3464f,0.0038f,0.0326f,-0.9995f,0.589f,0f,0f,0f,1f],start_interpolation: 0,interpolation_duration: 1}
$data merge entity $(bone_magazine) {transformation: [-0.9909f,0.1347f,0.0006f,-0.0416f,0.1347f,0.9904f,0.0328f,-0.3772f,0.0038f,0.0326f,-0.9995f,0.3909f,0f,0f,0f,1f],start_interpolation: 0,interpolation_duration: 1}
$data merge entity $(bone_grip) {transformation: [-0.9909f,0.1347f,0.0006f,-0.0416f,0.1347f,0.9904f,0.0328f,-0.3772f,0.0038f,0.0326f,-0.9995f,0.3909f,0f,0f,0f,1f],start_interpolation: 0,interpolation_duration: 1}
$data merge entity $(bone_trigger) {transformation: [-0.9909f,0.1347f,0.0006f,-0.0411f,0.1347f,0.9904f,0.0328f,-0.3739f,0.0038f,0.0326f,-0.9995f,0.4216f,0f,0f,0f,1f],start_interpolation: 0,interpolation_duration: 1}
$data merge entity $(bone_trigger_gaurd) {transformation: [-0.9909f,0.1347f,0.0006f,-0.0372f,0.1347f,0.9904f,0.0328f,-0.3464f,0.0038f,0.0326f,-0.9995f,0.455f,0f,0f,0f,1f],start_interpolation: 0,interpolation_duration: 1}
$data merge entity $(bone_right_arm) {transformation: [-0.9909f,0.0006f,-0.1347f,-0.0783f,0.1347f,0.0328f,-0.9904f,-0.3829f,0.0038f,-0.9995f,-0.0326f,0.0625f,0f,0f,0f,1f],start_interpolation: 0,interpolation_duration: 1}
$data merge entity $(bone_magazine1) {transformation: [0f,0f,0f,-0.0951f,0f,0f,0f,-0.3098f,0f,0f,0f,0.4153f,0f,0f,0f,1f],start_interpolation: 0,interpolation_duration: 1}
$data merge entity $(bone_left_arm) {transformation: [-0.8516f,0.405f,0.3329f,0.0993f,-0.3418f,0.0525f,-0.9383f,-0.398f,-0.3975f,-0.9128f,0.0937f,0.0747f,0f,0f,0f,1f],start_interpolation: 0,interpolation_duration: 1}
data modify entity @s data merge value {"cameras":{},"locators":{"barrel1":{"px":-0.052913652886535,"py":-0.3080448044373801,"pz":0.7527924350062973,"ry":0.03550977005792788,"rx":1.8777189557410212}}}