# This file was generated by Animated Java via MC-Build. It is not recommended to edit this file directly.
$data merge entity $(muzzleflash) {transformation: [0f,0f,0f,-0.2031f,0f,0f,0f,-0.705f,0f,0f,0f,0.4f,0f,0f,0f,1f],start_interpolation: 0,interpolation_duration: 1}
$data merge entity $(slide) {transformation: [-0.9909f,0.1345f,0.0006f,-0.0239f,0.1345f,0.9904f,0.0334f,-0.2519f,0.0039f,0.0332f,-0.9994f,0.5924f,0f,0f,0f,1f],start_interpolation: 0,interpolation_duration: 1}
$data merge entity $(barrel) {transformation: [-0.9909f,0.1345f,0.0006f,0.0736f,0.1345f,0.9904f,0.0334f,-0.3467f,0.0039f,0.0332f,-0.9994f,0.5893f,0f,0f,0f,1f],start_interpolation: 0,interpolation_duration: 1}
$data merge entity $(magazine) {transformation: [-0.9909f,0.1345f,0.0006f,-0.0417f,0.1345f,0.9904f,0.0334f,-0.3775f,0.0039f,0.0332f,-0.9994f,0.3911f,0f,0f,0f,1f],start_interpolation: 0,interpolation_duration: 1}
$data merge entity $(grip) {transformation: [-0.9909f,0.1345f,0.0006f,-0.0417f,0.1345f,0.9904f,0.0334f,-0.3775f,0.0039f,0.0332f,-0.9994f,0.3911f,0f,0f,0f,1f],start_interpolation: 0,interpolation_duration: 1}
$data merge entity $(trigger) {transformation: [-0.9909f,0.1345f,0.0006f,-0.0411f,0.1345f,0.9904f,0.0334f,-0.3742f,0.0039f,0.0332f,-0.9994f,0.4218f,0f,0f,0f,1f],start_interpolation: 0,interpolation_duration: 1}
$data merge entity $(trigger_gaurd) {transformation: [-0.9909f,0.1345f,0.0006f,-0.0373f,0.1345f,0.9904f,0.0334f,-0.3467f,0.0039f,0.0332f,-0.9994f,0.4552f,0f,0f,0f,1f],start_interpolation: 0,interpolation_duration: 1}
$data merge entity $(right_arm) {transformation: [-0.9909f,0.0006f,-0.1345f,-0.0784f,0.1345f,0.0334f,-0.9904f,-0.3829f,0.0039f,-0.9994f,-0.0332f,0.0627f,0f,0f,0f,1f],start_interpolation: 0,interpolation_duration: 1}
$data merge entity $(magazine1) {transformation: [0f,0f,0f,-0.0952f,0f,0f,0f,-0.3101f,0f,0f,0f,0.4156f,0f,0f,0f,1f],start_interpolation: 0,interpolation_duration: 1}
$data merge entity $(left_arm) {transformation: [-0.8515f,0.405f,0.333f,0.0992f,-0.3417f,0.0531f,-0.9383f,-0.3981f,-0.3977f,-0.9128f,0.0932f,0.0749f,0f,0f,0f,1f],start_interpolation: 0,interpolation_duration: 1}
data modify entity @s data merge value {"cameras":{},"locators":{"barrel1":{"px":-0.0530027207682813,"py":-0.3085238322735313,"pz":0.7530408263908017,"ry":0.03680428347618658,"rx":1.912979326446857}}}