# This file was generated by Animated Java via MC-Build. It is not recommended to edit this file directly.
$data merge entity $(muzzleflash) {transformation: [0f,0f,0f,-0.2031f,0f,0f,0f,-0.7053f,0f,0f,0f,0.4f,0f,0f,0f,1f],start_interpolation: 0,interpolation_duration: 1}
$data merge entity $(slide) {transformation: [-0.9909f,0.1343f,0.0007f,-0.024f,0.1342f,0.9904f,0.034f,-0.2522f,0.0039f,0.0337f,-0.9994f,0.5926f,0f,0f,0f,1f],start_interpolation: 0,interpolation_duration: 1}
$data merge entity $(barrel) {transformation: [-0.9909f,0.1343f,0.0007f,0.0735f,0.1342f,0.9904f,0.034f,-0.3471f,0.0039f,0.0337f,-0.9994f,0.5895f,0f,0f,0f,1f],start_interpolation: 0,interpolation_duration: 1}
$data merge entity $(magazine) {transformation: [-0.9909f,0.1343f,0.0007f,-0.0418f,0.1342f,0.9904f,0.034f,-0.3777f,0.0039f,0.0337f,-0.9994f,0.3913f,0f,0f,0f,1f],start_interpolation: 0,interpolation_duration: 1}
$data merge entity $(grip) {transformation: [-0.9909f,0.1343f,0.0007f,-0.0418f,0.1342f,0.9904f,0.034f,-0.3777f,0.0039f,0.0337f,-0.9994f,0.3913f,0f,0f,0f,1f],start_interpolation: 0,interpolation_duration: 1}
$data merge entity $(trigger) {transformation: [-0.9909f,0.1343f,0.0007f,-0.0412f,0.1342f,0.9904f,0.034f,-0.3744f,0.0039f,0.0337f,-0.9994f,0.422f,0f,0f,0f,1f],start_interpolation: 0,interpolation_duration: 1}
$data merge entity $(trigger_gaurd) {transformation: [-0.9909f,0.1343f,0.0007f,-0.0373f,0.1342f,0.9904f,0.034f,-0.347f,0.0039f,0.0337f,-0.9994f,0.4554f,0f,0f,0f,1f],start_interpolation: 0,interpolation_duration: 1}
$data merge entity $(right_arm) {transformation: [-0.9909f,0.0007f,-0.1343f,-0.0785f,0.1342f,0.034f,-0.9904f,-0.383f,0.0039f,-0.9994f,-0.0337f,0.0628f,0f,0f,0f,1f],start_interpolation: 0,interpolation_duration: 1}
$data merge entity $(magazine1) {transformation: [0f,0f,0f,-0.0953f,0f,0f,0f,-0.3104f,0f,0f,0f,0.4158f,0f,0f,0f,1f],start_interpolation: 0,interpolation_duration: 1}
$data merge entity $(left_arm) {transformation: [-0.8514f,0.405f,0.3332f,0.0992f,-0.3417f,0.0537f,-0.9383f,-0.3981f,-0.3979f,-0.9127f,0.0926f,0.0751f,0f,0f,0f,1f],start_interpolation: 0,interpolation_duration: 1}
data modify entity @s data merge value {"cameras":{},"locators":{"barrel1":{"px":-0.05309562700016415,"py":-0.30898027189234584,"pz":0.7532748464937218,"ry":0.03796745844451266,"rx":1.9462184346499882}}}