# This file was generated by Animated Java via MC-Build. It is not recommended to edit this file directly.
$data merge entity $(bone_muzzleflash) {transformation: [0f,0f,0f,-0.2031f,0f,0f,0f,-0.8618f,0f,0f,0f,0.4f,0f,0f,0f,1f],start_interpolation: 0,interpolation_duration: 1}
$data merge entity $(bone_slide) {transformation: [-0.991f,0.1341f,0.0007f,-0.0241f,0.134f,0.9904f,0.0345f,-0.4088f,0.004f,0.0343f,-0.9994f,0.5929f,0f,0f,0f,1f],start_interpolation: 0,interpolation_duration: 1}
$data merge entity $(bone_barrel) {transformation: [-0.991f,0.1341f,0.0007f,0.0735f,0.134f,0.9904f,0.0345f,-0.5036f,0.004f,0.0343f,-0.9994f,0.5897f,0f,0f,0f,1f],start_interpolation: 0,interpolation_duration: 1}
$data merge entity $(bone_magazine) {transformation: [-0.991f,0.1341f,0.0007f,-0.0418f,0.134f,0.9904f,0.0345f,-0.5342f,0.004f,0.0343f,-0.9994f,0.3915f,0f,0f,0f,1f],start_interpolation: 0,interpolation_duration: 1}
$data merge entity $(bone_grip) {transformation: [-0.991f,0.1341f,0.0007f,-0.0418f,0.134f,0.9904f,0.0345f,-0.5342f,0.004f,0.0343f,-0.9994f,0.3915f,0f,0f,0f,1f],start_interpolation: 0,interpolation_duration: 1}
$data merge entity $(bone_trigger) {transformation: [-0.991f,0.1341f,0.0007f,-0.0413f,0.134f,0.9904f,0.0345f,-0.5309f,0.004f,0.0343f,-0.9994f,0.4222f,0f,0f,0f,1f],start_interpolation: 0,interpolation_duration: 1}
$data merge entity $(bone_trigger_gaurd) {transformation: [-0.991f,0.1341f,0.0007f,-0.0374f,0.134f,0.9904f,0.0345f,-0.5035f,0.004f,0.0343f,-0.9994f,0.4556f,0f,0f,0f,1f],start_interpolation: 0,interpolation_duration: 1}
$data merge entity $(bone_right_arm) {transformation: [-0.991f,0.0007f,-0.1341f,-0.0785f,0.134f,0.0345f,-0.9904f,-0.5393f,0.004f,-0.9994f,-0.0343f,0.063f,0f,0f,0f,1f],start_interpolation: 0,interpolation_duration: 1}
$data merge entity $(bone_magazine1) {transformation: [0f,0f,0f,-0.0954f,0f,0f,0f,-0.4669f,0f,0f,0f,0.416f,0f,0f,0f,1f],start_interpolation: 0,interpolation_duration: 1}
$data merge entity $(bone_left_arm) {transformation: [-0.8513f,0.405f,0.3334f,0.0991f,-0.3416f,0.0543f,-0.9383f,-0.5544f,-0.3981f,-0.9127f,0.0921f,0.0753f,0f,0f,0f,1f],start_interpolation: 0,interpolation_duration: 1}
data modify entity @s data merge value {"cameras":{},"locators":{"barrel1":{"px":-0.05319234501095969,"py":-0.46566292934532455,"pz":0.7534938533624296,"ry":0.038995008883063065,"rx":1.977341951303619}}}