# This file was generated by Animated Java via MC-Build. It is not recommended to edit this file directly.
$data merge entity $(bone_muzzleflash) {transformation: [0f,0f,0f,-0.3281f,0f,0f,0f,-0.7371f,0f,0f,0f,0.4f,0f,0f,0f,1f],start_interpolation: 0,interpolation_duration: 1}
$data merge entity $(bone_slide) {transformation: [-0.991f,0.1338f,0.0007f,-0.1492f,0.1338f,0.9904f,0.035f,-0.2841f,0.004f,0.0348f,-0.9994f,0.5931f,0f,0f,0f,1f],start_interpolation: 0,interpolation_duration: 1}
$data merge entity $(bone_barrel) {transformation: [-0.991f,0.1338f,0.0007f,-0.0516f,0.1338f,0.9904f,0.035f,-0.3789f,0.004f,0.0348f,-0.9994f,0.5899f,0f,0f,0f,1f],start_interpolation: 0,interpolation_duration: 1}
$data merge entity $(bone_magazine) {transformation: [-0.991f,0.1338f,0.0007f,-0.1669f,0.1338f,0.9904f,0.035f,-0.4094f,0.004f,0.0348f,-0.9994f,0.3916f,0f,0f,0f,1f],start_interpolation: 0,interpolation_duration: 1}
$data merge entity $(bone_grip) {transformation: [-0.991f,0.1338f,0.0007f,-0.1669f,0.1338f,0.9904f,0.035f,-0.4094f,0.004f,0.0348f,-0.9994f,0.3916f,0f,0f,0f,1f],start_interpolation: 0,interpolation_duration: 1}
$data merge entity $(bone_trigger) {transformation: [-0.991f,0.1338f,0.0007f,-0.1663f,0.1338f,0.9904f,0.035f,-0.4062f,0.004f,0.0348f,-0.9994f,0.4224f,0f,0f,0f,1f],start_interpolation: 0,interpolation_duration: 1}
$data merge entity $(bone_trigger_gaurd) {transformation: [-0.991f,0.1338f,0.0007f,-0.1625f,0.1338f,0.9904f,0.035f,-0.3787f,0.004f,0.0348f,-0.9994f,0.4558f,0f,0f,0f,1f],start_interpolation: 0,interpolation_duration: 1}
$data merge entity $(bone_right_arm) {transformation: [-0.991f,0.0007f,-0.1338f,-0.2036f,0.1338f,0.035f,-0.9904f,-0.4144f,0.004f,-0.9994f,-0.0348f,0.0632f,0f,0f,0f,1f],start_interpolation: 0,interpolation_duration: 1}
$data merge entity $(bone_magazine1) {transformation: [0f,0f,0f,-0.2205f,0f,0f,0f,-0.3421f,0f,0f,0f,0.4162f,0f,0f,0f,1f],start_interpolation: 0,interpolation_duration: 1}
$data merge entity $(bone_left_arm) {transformation: [-0.8512f,0.405f,0.3337f,-0.026f,-0.3416f,0.0549f,-0.9382f,-0.4294f,-0.3983f,-0.9127f,0.0917f,0.0754f,0f,0f,0f,1f],start_interpolation: 0,interpolation_duration: 1}
data modify entity @s data merge value {"cameras":{},"locators":{"barrel1":{"px":-0.1782928496982499,"py":-0.34107061095530905,"pz":0.7536972049309654,"ry":0.039882874235502186,"rx":2.0062555356413956}}}