# This file was generated by Animated Java via MC-Build. It is not recommended to edit this file directly.
$data merge entity $(bone_muzzleflash) {transformation: [0f,0f,0f,-0.3281f,0f,0f,0f,-0.7376f,0f,0f,0f,0.4f,0f,0f,0f,1f],start_interpolation: 0,interpolation_duration: 1}
$data merge entity $(bone_slide) {transformation: [-0.9911f,0.1333f,0.0007f,-0.1494f,0.1333f,0.9904f,0.0359f,-0.2847f,0.0041f,0.0357f,-0.9994f,0.5935f,0f,0f,0f,1f],start_interpolation: 0,interpolation_duration: 1}
$data merge entity $(bone_barrel) {transformation: [-0.9911f,0.1333f,0.0007f,-0.0518f,0.1333f,0.9904f,0.0359f,-0.3795f,0.0041f,0.0357f,-0.9994f,0.5902f,0f,0f,0f,1f],start_interpolation: 0,interpolation_duration: 1}
$data merge entity $(bone_magazine) {transformation: [-0.9911f,0.1333f,0.0007f,-0.1671f,0.1333f,0.9904f,0.0359f,-0.4099f,0.0041f,0.0357f,-0.9994f,0.3919f,0f,0f,0f,1f],start_interpolation: 0,interpolation_duration: 1}
$data merge entity $(bone_grip) {transformation: [-0.9911f,0.1333f,0.0007f,-0.1671f,0.1333f,0.9904f,0.0359f,-0.4099f,0.0041f,0.0357f,-0.9994f,0.3919f,0f,0f,0f,1f],start_interpolation: 0,interpolation_duration: 1}
$data merge entity $(bone_trigger) {transformation: [-0.9911f,0.1333f,0.0007f,-0.1665f,0.1333f,0.9904f,0.0359f,-0.4066f,0.0041f,0.0357f,-0.9994f,0.4227f,0f,0f,0f,1f],start_interpolation: 0,interpolation_duration: 1}
$data merge entity $(bone_trigger_gaurd) {transformation: [-0.9911f,0.1333f,0.0007f,-0.1627f,0.1333f,0.9904f,0.0359f,-0.3792f,0.0041f,0.0357f,-0.9994f,0.4561f,0f,0f,0f,1f],start_interpolation: 0,interpolation_duration: 1}
$data merge entity $(bone_right_arm) {transformation: [-0.9911f,0.0007f,-0.1333f,-0.2037f,0.1333f,0.0359f,-0.9904f,-0.4145f,0.0041f,-0.9994f,-0.0357f,0.0635f,0f,0f,0f,1f],start_interpolation: 0,interpolation_duration: 1}
$data merge entity $(bone_magazine1) {transformation: [0f,0f,0f,-0.2207f,0f,0f,0f,-0.3426f,0f,0f,0f,0.4166f,0f,0f,0f,1f],start_interpolation: 0,interpolation_duration: 1}
$data merge entity $(bone_left_arm) {transformation: [-0.8511f,0.405f,0.3341f,-0.0261f,-0.3417f,0.0559f,-0.9381f,-0.4295f,-0.3987f,-0.9126f,0.0908f,0.0757f,0f,0f,0f,1f],start_interpolation: 0,interpolation_duration: 1}
data modify entity @s data merge value {"cameras":{},"locators":{"barrel1":{"px":-0.17850512651690018,"py":-0.34180627478155723,"pz":0.7540543719896892,"ry":0.04122450031937319,"rx":2.057075483594781}}}