# This file was generated by Animated Java via MC-Build. It is not recommended to edit this file directly.
$data merge entity $(bone_magazine) {transformation: [-0.9676f,-0.2191f,-0.1254f,-0.191f,-0.1929f,0.9621f,-0.1925f,-0.243f,0.1629f,-0.1621f,-0.9732f,0.3596f,0f,0f,0f,1f],start_interpolation: 0,interpolation_duration: 1}
$data merge entity $(bone_chamber) {transformation: [-0.9676f,-0.2191f,-0.1254f,-0.1761f,-0.1929f,0.9621f,-0.1925f,-0.1694f,0.1629f,-0.1621f,-0.9732f,0.5358f,0f,0f,0f,1f],start_interpolation: 0,interpolation_duration: 1}
$data merge entity $(bone_akm1) {transformation: [-0.9676f,-0.2191f,-0.1254f,-0.1761f,-0.1929f,0.9621f,-0.1925f,-0.1694f,0.1629f,-0.1621f,-0.9732f,0.5358f,0f,0f,0f,1f],start_interpolation: 0,interpolation_duration: 1}
$data merge entity $(bone_magazine2) {transformation: [0f,0f,0f,-0.2017f,0f,0f,0f,-0.2412f,0f,0f,0f,0.298f,0f,0f,0f,1f],start_interpolation: 0,interpolation_duration: 1}
$data merge entity $(bone_right_arm) {transformation: [-0.9676f,-0.1254f,0.2191f,-0.2445f,-0.1929f,-0.1925f,-0.9621f,-0.3664f,0.1629f,-0.9732f,0.1621f,-0.0271f,0f,0f,0f,1f],start_interpolation: 0,interpolation_duration: 1}
$data merge entity $(bone_forearm) {transformation: [-0.8019f,0.4713f,-0.3673f,0.0984f,0.4227f,0.0129f,-0.9062f,-0.3512f,-0.4223f,-0.8819f,-0.2095f,0.057f,0f,0f,0f,1f],start_interpolation: 0,interpolation_duration: 1}
$data merge entity $(bone_magazine1) {transformation: [0f,0f,0f,-0.095f,0f,0f,0f,-0.3268f,0f,0f,0f,0.5925f,0f,0f,0f,1f],start_interpolation: 0,interpolation_duration: 1}
$data merge entity $(bone_chamber1) {transformation: [0f,0f,0f,-0.095f,0f,0f,0f,-0.3268f,0f,0f,0f,0.5925f,0f,0f,0f,1f],start_interpolation: 0,interpolation_duration: 1}
$data merge entity $(bone_akm3) {transformation: [0f,0f,0f,-0.095f,0f,0f,0f,-0.3268f,0f,0f,0f,0.5925f,0f,0f,0f,1f],start_interpolation: 0,interpolation_duration: 1}
data modify entity @s data merge value {"cameras":{},"locators":{"akm":{"px":-0.12429981348201737,"py":-0.04043866214508618,"pz":0.9959787556689491,"ry":352.6563830891566,"rx":-11.101447408763827},"akm2":{"px":-0.0949939839770491,"py":-0.3268023597363434,"pz":0.5924713952587493,"ry":28.119096953467903,"rx":0.7394832753045937}}}