# This file was generated by Animated Java via MC-Build. It is not recommended to edit this file directly.
$data merge entity $(bone_magazine) {transformation: [-0.9903f,-0.0731f,-0.1185f,-0.1612f,-0.0723f,0.9973f,-0.0114f,-0.5373f,0.119f,-0.0027f,-0.9929f,0.7021f,0f,0f,0f,1f],start_interpolation: 0,interpolation_duration: 2}
$data merge entity $(bone_chamber) {transformation: [-0.9903f,-0.0731f,-0.1185f,-0.1419f,-0.0723f,0.9973f,-0.0114f,-0.4962f,0.119f,-0.0027f,-0.9929f,0.8881f,0f,0f,0f,1f],start_interpolation: 0,interpolation_duration: 2}
$data merge entity $(bone_akm1) {transformation: [-0.9903f,-0.0731f,-0.1185f,-0.1419f,-0.0723f,0.9973f,-0.0114f,-0.4962f,0.119f,-0.0027f,-0.9929f,0.8881f,0f,0f,0f,1f],start_interpolation: 0,interpolation_duration: 2}
$data merge entity $(bone_right_arm) {transformation: [-0.9903f,-0.1185f,0.0731f,-0.2186f,-0.0723f,-0.0114f,-0.9973f,-0.587f,0.119f,-0.9929f,0.0027f,0.2997f,0f,0f,0f,1f],start_interpolation: 0,interpolation_duration: 2}
$data merge entity $(bone_magazine2) {transformation: [0f,0f,0f,-0.0945f,0f,0f,0f,-0.5014f,0f,0f,0f,1.1367f,0f,0f,0f,1f],start_interpolation: 0,interpolation_duration: 2}
$data merge entity $(bone_forearm) {transformation: [-0.4211f,0.3301f,-0.8448f,-0.0267f,0.8873f,-0.043f,-0.4592f,-0.5694f,-0.1879f,-0.9429f,-0.2748f,0.8298f,0f,0f,0f,1f],start_interpolation: 0,interpolation_duration: 2}
$data merge entity $(bone_bicep) {transformation: [-0.4211f,0.3301f,-0.8448f,0.1101f,0.8873f,-0.043f,-0.4592f,-0.5924f,-0.1879f,-0.9429f,-0.2748f,0.4479f,0f,0f,0f,1f],start_interpolation: 0,interpolation_duration: 2}
data modify entity @s data merge value {"cameras":{},"locators":{"akm":{"px":-0.08789026740705992,"py":-0.4528057292524278,"pz":1.363811579673003,"ry":353.19656617329196,"rx":-0.6527366250622867}}}