# This file was generated by Animated Java via MC-Build. It is not recommended to edit this file directly.
$data merge entity $(bone_magazine) {transformation: [-0.9203f,-0.3825f,-0.0819f,-0.1865f,-0.3286f,0.8695f,-0.3687f,-0.5447f,0.2123f,-0.3124f,-0.9259f,0.5817f,0f,0f,0f,1f],start_interpolation: 0,interpolation_duration: 2}
$data merge entity $(bone_chamber) {transformation: [-0.9203f,-0.3825f,-0.0819f,-0.1861f,-0.3286f,0.8695f,-0.3687f,-0.4416f,0.2123f,-0.3124f,-0.9259f,0.7431f,0f,0f,0f,1f],start_interpolation: 0,interpolation_duration: 2}
$data merge entity $(bone_akm1) {transformation: [-0.9203f,-0.3825f,-0.0819f,-0.1861f,-0.3286f,0.8695f,-0.3687f,-0.4416f,0.2123f,-0.3124f,-0.9259f,0.7431f,0f,0f,0f,1f],start_interpolation: 0,interpolation_duration: 2}
$data merge entity $(bone_right_arm) {transformation: [-0.9203f,-0.0819f,0.3825f,-0.2144f,-0.3286f,-0.3687f,-0.8695f,-0.7373f,0.2123f,-0.9259f,0.3124f,0.2215f,0f,0f,0f,1f],start_interpolation: 0,interpolation_duration: 2}
$data merge entity $(bone_magazine2) {transformation: [0f,0f,0f,-0.0348f,0f,0f,0f,-0.693f,0f,0f,0f,0.5348f,0f,0f,0f,1f],start_interpolation: 0,interpolation_duration: 2}
$data merge entity $(bone_forearm) {transformation: [-0.8341f,0.4581f,0.3073f,0.1533f,-0.342f,0.0075f,-0.9397f,-0.7347f,-0.4328f,-0.8889f,0.1504f,0.2774f,0f,0f,0f,1f],start_interpolation: 0,interpolation_duration: 2}
$data merge entity $(bone_bicep) {transformation: [-0.8341f,0.4581f,0.3073f,0.3446f,-0.342f,0.0075f,-0.9397f,-0.7296f,-0.4328f,-0.8889f,0.1504f,-0.081f,0f,0f,0f,1f],start_interpolation: 0,interpolation_duration: 2}
data modify entity @s data merge value {"cameras":{},"locators":{"akm":{"px":-0.16142130060878052,"py":-0.23174845732168817,"pz":1.174898485753558,"ry":354.9452288815354,"rx":-21.637312500811053}}}