# This file was generated by Animated Java via MC-Build. It is not recommended to edit this file directly.
$data merge entity $(bone_magazine) {transformation: [-0.9361f,-0.3417f,-0.0838f,-0.2275f,-0.2905f,0.8851f,-0.3636f,-0.0653f,0.1984f,-0.316f,-0.9278f,0.0978f,0f,0f,0f,1f],start_interpolation: 0,interpolation_duration: 2}
$data merge entity $(bone_chamber) {transformation: [-0.9361f,-0.3417f,-0.0838f,-0.2252f,-0.2905f,0.8851f,-0.3636f,0.0374f,0.1984f,-0.316f,-0.9278f,0.2594f,0f,0f,0f,1f],start_interpolation: 0,interpolation_duration: 2}
$data merge entity $(bone_akm1) {transformation: [-0.9361f,-0.3417f,-0.0838f,-0.2252f,-0.2905f,0.8851f,-0.3636f,0.0374f,0.1984f,-0.316f,-0.9278f,0.2594f,0f,0f,0f,1f],start_interpolation: 0,interpolation_duration: 2}
$data merge entity $(bone_magazine2) {transformation: [0f,0f,0f,-0.2375f,0f,0f,0f,-0.075f,0f,0f,0f,0.0368f,0f,0f,0f,1f],start_interpolation: 0,interpolation_duration: 2}
$data merge entity $(bone_right_arm) {transformation: [-0.9361f,-0.0838f,0.3417f,-0.2582f,-0.2905f,-0.3636f,-0.8851f,-0.256f,0.1984f,-0.9278f,0.316f,-0.2632f,0f,0f,0f,1f],start_interpolation: 0,interpolation_duration: 2}
$data merge entity $(bone_forearm) {transformation: [-0.9048f,0.4043f,0.1333f,0.217f,-0.1519f,-0.0142f,-0.9883f,-0.2883f,-0.3977f,-0.9145f,0.0743f,-0.1707f,0f,0f,0f,1f],start_interpolation: 0,interpolation_duration: 2}
$data merge entity $(bone_magazine1) {transformation: [-0.3073f,0.8615f,0.4043f,0.107f,0.9397f,0.3418f,-0.0142f,-0.261f,-0.1504f,0.3756f,-0.9145f,0.1909f,0f,0f,0f,1f],start_interpolation: 0,interpolation_duration: 2}
$data merge entity $(bone_chamber1) {transformation: [-0.3073f,0.8615f,0.4043f,0.0649f,0.9397f,0.3418f,-0.0142f,-0.245f,-0.1504f,0.3756f,-0.9145f,0.3771f,0f,0f,0f,1f],start_interpolation: 0,interpolation_duration: 2}
$data merge entity $(bone_akm3) {transformation: [-0.3073f,0.8615f,0.4043f,0.0649f,0.9397f,0.3418f,-0.0142f,-0.245f,-0.1504f,0.3756f,-0.9145f,0.3771f,0f,0f,0f,1f],start_interpolation: 0,interpolation_duration: 2}
data modify entity @s data merge value {"cameras":{},"locators":{"akm":{"px":-0.1980232153816817,"py":0.24534092862749413,"pz":0.6919888169473248,"ry":354.8380597507426,"rx":-21.318568926777605},"akm2":{"px":-0.09607464776918745,"py":-0.2251344803697182,"pz":0.829578999202176,"ry":23.851846264300576,"rx":-0.8137447822938848}}}