# This file was generated by Animated Java via MC-Build. It is not recommended to edit this file directly.
$data merge entity $(magazine) {transformation: [-0.95f,-0.3002f,-0.0855f,-0.1971f,-0.2519f,0.8991f,-0.358f,-0.0135f,0.1843f,-0.3186f,-0.9298f,0.5279f,0f,0f,0f,1f],start_interpolation: 0,interpolation_duration: 2}
$data merge entity $(chamber) {transformation: [-0.95f,-0.3002f,-0.0855f,-0.1928f,-0.2519f,0.8991f,-0.358f,0.0888f,0.1843f,-0.3186f,-0.9298f,0.6898f,0f,0f,0f,1f],start_interpolation: 0,interpolation_duration: 2}
$data merge entity $(akm1) {transformation: [-0.95f,-0.3002f,-0.0855f,-0.1928f,-0.2519f,0.8991f,-0.358f,0.0888f,0.1843f,-0.3186f,-0.9298f,0.6898f,0f,0f,0f,1f],start_interpolation: 0,interpolation_duration: 2}
$data merge entity $(right_arm) {transformation: [-0.95f,-0.0855f,0.3002f,-0.2304f,-0.2519f,-0.358f,-0.8991f,-0.2021f,0.1843f,-0.9298f,0.3186f,0.166f,0f,0f,0f,1f],start_interpolation: 0,interpolation_duration: 2}
$data merge entity $(magazine2) {transformation: [0f,0f,0f,0.2672f,0f,0f,0f,-0.1549f,0f,0f,0f,0.5871f,0f,0f,0f,1f],start_interpolation: 0,interpolation_duration: 2}
$data merge entity $(forearm) {transformation: [-0.9817f,0.1753f,-0.0741f,0.3487f,0.0572f,-0.0995f,-0.9934f,-0.2459f,-0.1815f,-0.9795f,0.0877f,0.2897f,0f,0f,0f,1f],start_interpolation: 0,interpolation_duration: 2}
data modify entity @s data merge value {"cameras":{},"locators":{"akm":{"px":-0.16323754982381272,"py":0.29456455534682663,"pz":1.1232256175160882,"ry":354.7468090225117,"rx":-20.978743485700573}}}