# This file was generated by Animated Java via MC-Build. It is not recommended to edit this file directly.
$data merge entity $(bone_magazine) {transformation: [-0.95f,-0.3002f,-0.0855f,-0.1971f,-0.2519f,0.8991f,-0.358f,-0.4822f,0.1843f,-0.3186f,-0.9298f,0.5592f,0f,0f,0f,1f],start_interpolation: 0,interpolation_duration: 2}
$data merge entity $(bone_chamber) {transformation: [-0.95f,-0.3002f,-0.0855f,-0.1928f,-0.2519f,0.8991f,-0.358f,-0.38f,0.1843f,-0.3186f,-0.9298f,0.7211f,0f,0f,0f,1f],start_interpolation: 0,interpolation_duration: 2}
$data merge entity $(bone_akm1) {transformation: [-0.95f,-0.3002f,-0.0855f,-0.1928f,-0.2519f,0.8991f,-0.358f,-0.38f,0.1843f,-0.3186f,-0.9298f,0.7211f,0f,0f,0f,1f],start_interpolation: 0,interpolation_duration: 2}
$data merge entity $(bone_right_arm) {transformation: [-0.95f,-0.0855f,0.3002f,-0.2304f,-0.2519f,-0.358f,-0.8991f,-0.6708f,0.1843f,-0.9298f,0.3186f,0.1973f,0f,0f,0f,1f],start_interpolation: 0,interpolation_duration: 2}
$data merge entity $(bone_magazine2) {transformation: [0f,0f,0f,0.2672f,0f,0f,0f,-0.6236f,0f,0f,0f,0.6184f,0f,0f,0f,1f],start_interpolation: 0,interpolation_duration: 2}
$data merge entity $(bone_forearm) {transformation: [-0.9817f,0.1753f,-0.0741f,0.3487f,0.0572f,-0.0995f,-0.9934f,-0.7147f,-0.1815f,-0.9795f,0.0877f,0.321f,0f,0f,0f,1f],start_interpolation: 0,interpolation_duration: 2}
$data merge entity $(bone_bicep) {transformation: [-0.9817f,0.1753f,-0.0741f,0.4261f,0.0572f,-0.0995f,-0.9934f,-0.7554f,-0.1815f,-0.9795f,0.0877f,-0.0758f,0f,0f,0f,1f],start_interpolation: 0,interpolation_duration: 2}
data modify entity @s data merge value {"cameras":{},"locators":{"akm":{"px":-0.16323754982381275,"py":-0.17418544465317326,"pz":1.1544756175160882,"ry":354.7468090225117,"rx":-20.978743485700573}}}