# This file was generated by Animated Java via MC-Build. It is not recommended to edit this file directly.
$data merge entity $(bone_magazine) {transformation: [-0.9622f,-0.2585f,-0.0854f,-0.1939f,-0.2127f,0.9095f,-0.3573f,-0.4742f,0.1701f,-0.3256f,-0.9301f,0.5561f,0f,0f,0f,1f],start_interpolation: 0,interpolation_duration: 2}
$data merge entity $(bone_chamber) {transformation: [-0.9622f,-0.2585f,-0.0854f,-0.188f,-0.2127f,0.9095f,-0.3573f,-0.3717f,0.1701f,-0.3256f,-0.9301f,0.7178f,0f,0f,0f,1f],start_interpolation: 0,interpolation_duration: 2}
$data merge entity $(bone_akm1) {transformation: [-0.9622f,-0.2585f,-0.0854f,-0.188f,-0.2127f,0.9095f,-0.3573f,-0.3717f,0.1701f,-0.3256f,-0.9301f,0.7178f,0f,0f,0f,1f],start_interpolation: 0,interpolation_duration: 2}
$data merge entity $(bone_right_arm) {transformation: [-0.9622f,-0.0854f,0.2585f,-0.2293f,-0.2127f,-0.3573f,-0.9095f,-0.6625f,0.1701f,-0.9301f,0.3256f,0.1943f,0f,0f,0f,1f],start_interpolation: 0,interpolation_duration: 2}
$data merge entity $(bone_magazine2) {transformation: [0f,0f,0f,0.6763f,0f,0f,0f,-0.5314f,0f,0f,0f,0.518f,0f,0f,0f,1f],start_interpolation: 0,interpolation_duration: 2}
$data merge entity $(bone_forearm) {transformation: [-0.7051f,-0.7018f,-0.1016f,0.4716f,0.4486f,-0.3305f,-0.8304f,-0.6979f,0.5491f,-0.6311f,0.5479f,0.3342f,0f,0f,0f,1f],start_interpolation: 0,interpolation_duration: 2}
$data merge entity $(bone_bicep) {transformation: [-0.7051f,-0.7018f,-0.1016f,0.1909f,0.4486f,-0.3305f,-0.8304f,-0.8349f,0.5491f,-0.6311f,0.5479f,0.0744f,0f,0f,0f,1f],start_interpolation: 0,interpolation_duration: 2}
data modify entity @s data merge value {"cameras":{},"locators":{"akm":{"px":-0.15691705100674105,"py":-0.1658482093690609,"pz":1.1510693391465239,"ry":354.7527387581097,"rx":-20.93406531909439}}}