# This file was generated by Animated Java via MC-Build. It is not recommended to edit this file directly.
$data merge entity $(bone_magazine) {transformation: [-0.9726f,-0.2174f,-0.083f,-0.2214f,-0.173f,0.9141f,-0.3667f,-0.0945f,0.1556f,-0.3423f,-0.9266f,0.2725f,0f,0f,0f,1f],start_interpolation: 0,interpolation_duration: 1}
$data merge entity $(bone_chamber) {transformation: [-0.9726f,-0.2174f,-0.083f,-0.2143f,-0.173f,0.9141f,-0.3667f,0.0099f,0.1556f,-0.3423f,-0.9266f,0.4329f,0f,0f,0f,1f],start_interpolation: 0,interpolation_duration: 1}
$data merge entity $(bone_akm1) {transformation: [-0.9726f,-0.2174f,-0.083f,-0.2143f,-0.173f,0.9141f,-0.3667f,0.0099f,0.1556f,-0.3423f,-0.9266f,0.4329f,0f,0f,0f,1f],start_interpolation: 0,interpolation_duration: 1}
$data merge entity $(bone_magazine2) {transformation: [0f,0f,0f,-0.2295f,0f,0f,0f,-0.104f,0f,0f,0f,0.2112f,0f,0f,0f,1f],start_interpolation: 0,interpolation_duration: 1}
$data merge entity $(bone_right_arm) {transformation: [-0.9726f,-0.083f,0.2174f,-0.2577f,-0.173f,-0.3667f,-0.9141f,-0.2863f,0.1556f,-0.9266f,0.3423f,-0.0874f,0f,0f,0f,1f],start_interpolation: 0,interpolation_duration: 1}
$data merge entity $(bone_forearm) {transformation: [-0.7878f,-0.5045f,-0.3533f,0.2049f,0.5418f,-0.2949f,-0.7871f,-0.3186f,0.2929f,-0.8115f,0.5056f,0.2663f,0f,0f,0f,1f],start_interpolation: 0,interpolation_duration: 1}
$data merge entity $(bone_magazine1) {transformation: [0f,0f,0f,0.5592f,0f,0f,0f,-0.1357f,0f,0f,0f,0.6734f,0f,0f,0f,1f],start_interpolation: 0,interpolation_duration: 1}
$data merge entity $(bone_chamber1) {transformation: [0f,0f,0f,0.5592f,0f,0f,0f,-0.1357f,0f,0f,0f,0.6734f,0f,0f,0f,1f],start_interpolation: 0,interpolation_duration: 1}
$data merge entity $(bone_akm3) {transformation: [0f,0f,0f,0.5592f,0f,0f,0f,-0.1357f,0f,0f,0f,0.6734f,0f,0f,0f,1f],start_interpolation: 0,interpolation_duration: 1}
data modify entity @s data merge value {"cameras":{},"locators":{"akm":{"px":-0.18280875455488127,"py":0.22047101184380188,"pz":0.8638528973754636,"ry":354.8785648288463,"rx":-21.512521616051803},"akm2":{"px":0.5592082081436841,"py":-0.13565716876299835,"pz":0.6734190128096434,"ry":328.13367013419486,"rx":-17.15099918458896}}}