# This file was generated by Animated Java via MC-Build. It is not recommended to edit this file directly.
$data merge entity $(magazine) {transformation: [-0.9726f,-0.2174f,-0.083f,-0.1902f,-0.173f,0.9141f,-0.3667f,-0.0008f,0.1556f,-0.3423f,-0.9266f,0.5225f,0f,0f,0f,1f],start_interpolation: 0,interpolation_duration: 2}
$data merge entity $(chamber) {transformation: [-0.9726f,-0.2174f,-0.083f,-0.1831f,-0.173f,0.9141f,-0.3667f,0.1037f,0.1556f,-0.3423f,-0.9266f,0.6829f,0f,0f,0f,1f],start_interpolation: 0,interpolation_duration: 2}
$data merge entity $(akm1) {transformation: [-0.9726f,-0.2174f,-0.083f,-0.1831f,-0.173f,0.9141f,-0.3667f,0.1037f,0.1556f,-0.3423f,-0.9266f,0.6829f,0f,0f,0f,1f],start_interpolation: 0,interpolation_duration: 2}
$data merge entity $(right_arm) {transformation: [-0.9726f,-0.083f,0.2174f,-0.2265f,-0.173f,-0.3667f,-0.9141f,-0.1926f,0.1556f,-0.9266f,0.3423f,0.1626f,0f,0f,0f,1f],start_interpolation: 0,interpolation_duration: 2}
$data merge entity $(magazine2) {transformation: [0f,0f,0f,0.3909f,0f,0f,0f,-0.0693f,0f,0f,0f,0.7513f,0f,0f,0f,1f],start_interpolation: 0,interpolation_duration: 2}
$data merge entity $(forearm) {transformation: [-0.7878f,-0.5045f,-0.3533f,0.2362f,0.5418f,-0.2949f,-0.7871f,-0.2249f,0.2929f,-0.8115f,0.5056f,0.5163f,0f,0f,0f,1f],start_interpolation: 0,interpolation_duration: 2}
data modify entity @s data merge value {"cameras":{},"locators":{"akm":{"px":-0.15155875455488127,"py":0.31422101184380186,"pz":1.1138528973754638,"ry":354.8785648288463,"rx":-21.512521616051803}}}