# This file was generated by Animated Java via MC-Build. It is not recommended to edit this file directly.
$data merge entity $(bone_magazine) {transformation: [-0.9857f,-0.1209f,-0.1178f,-0.1968f,-0.106f,0.9865f,-0.1249f,-0.2122f,0.1313f,-0.1106f,-0.9852f,0.2321f,0f,0f,0f,1f],start_interpolation: 0,interpolation_duration: 2}
$data merge entity $(bone_chamber) {transformation: [-0.9857f,-0.1209f,-0.1178f,-0.1794f,-0.106f,0.9865f,-0.1249f,-0.1503f,0.1313f,-0.1106f,-0.9852f,0.4125f,0f,0f,0f,1f],start_interpolation: 0,interpolation_duration: 2}
$data merge entity $(bone_akm1) {transformation: [-0.9857f,-0.1209f,-0.1178f,-0.1794f,-0.106f,0.9865f,-0.1249f,-0.1503f,0.1313f,-0.1106f,-0.9852f,0.4125f,0f,0f,0f,1f],start_interpolation: 0,interpolation_duration: 2}
$data merge entity $(bone_magazine2) {transformation: [0f,0f,0f,-0.2057f,0f,0f,0f,-0.206f,0f,0f,0f,0.1705f,0f,0f,0f,1f],start_interpolation: 0,interpolation_duration: 2}
$data merge entity $(bone_right_arm) {transformation: [-0.9857f,-0.1178f,0.1209f,-0.2517f,-0.106f,-0.1249f,-0.9865f,-0.308f,0.1313f,-0.9852f,0.1106f,-0.1622f,0f,0f,0f,1f],start_interpolation: 0,interpolation_duration: 2}
$data merge entity $(bone_forearm) {transformation: [-0.648f,-0.0168f,-0.7615f,-0.0194f,0.7531f,-0.1634f,-0.6373f,-0.3171f,-0.1137f,-0.9864f,0.1186f,0.3675f,0f,0f,0f,1f],start_interpolation: 0,interpolation_duration: 2}
$data merge entity $(bone_magazine1) {transformation: [0f,0f,0f,0.0714f,0f,0f,0f,-0.1988f,0f,0f,0f,0.9172f,0f,0f,0f,1f],start_interpolation: 0,interpolation_duration: 2}
$data merge entity $(bone_chamber1) {transformation: [0f,0f,0f,0.0714f,0f,0f,0f,-0.1988f,0f,0f,0f,0.9172f,0f,0f,0f,1f],start_interpolation: 0,interpolation_duration: 2}
$data merge entity $(bone_akm3) {transformation: [0f,0f,0f,0.0714f,0f,0f,0f,-0.1988f,0f,0f,0f,0.9172f,0f,0f,0f,1f],start_interpolation: 0,interpolation_duration: 2}
data modify entity @s data merge value {"cameras":{},"locators":{"akm":{"px":-0.12759895702620772,"py":-0.052831984138925994,"pz":0.8803386158957824,"ry":353.1839380722475,"rx":-7.17559165439567},"akm2":{"px":0.0714247552211586,"py":-0.19883700087123166,"pz":0.9172464970786356,"ry":359.0231374802754,"rx":-9.40621121386149}}}