# This file was generated by Animated Java via MC-Build. It is not recommended to edit this file directly.
$data merge entity $(bone_magazine) {transformation: [-0.9894f,-0.081f,-0.1202f,-0.1923f,-0.0791f,0.9967f,-0.0206f,-0.2777f,0.1214f,-0.0109f,-0.9925f,0.2591f,0f,0f,0f,1f],start_interpolation: 0,interpolation_duration: 2}
$data merge entity $(bone_chamber) {transformation: [-0.9894f,-0.081f,-0.1202f,-0.1729f,-0.0791f,0.9967f,-0.0206f,-0.2349f,0.1214f,-0.0109f,-0.9925f,0.4448f,0f,0f,0f,1f],start_interpolation: 0,interpolation_duration: 2}
$data merge entity $(bone_akm1) {transformation: [-0.9894f,-0.081f,-0.1202f,-0.1729f,-0.0791f,0.9967f,-0.0206f,-0.2349f,0.1214f,-0.0109f,-0.9925f,0.4448f,0f,0f,0f,1f],start_interpolation: 0,interpolation_duration: 2}
$data merge entity $(bone_magazine2) {transformation: [0f,0f,0f,-0.2007f,0f,0f,0f,-0.265f,0f,0f,0f,0.1985f,0f,0f,0f,1f],start_interpolation: 0,interpolation_duration: 2}
$data merge entity $(bone_right_arm) {transformation: [-0.9894f,-0.1202f,0.081f,-0.25f,-0.0791f,-0.0206f,-0.9967f,-0.3312f,0.1214f,-0.9925f,0.0109f,-0.1427f,0f,0f,0f,1f],start_interpolation: 0,interpolation_duration: 2}
$data merge entity $(bone_forearm) {transformation: [-0.4811f,0.2381f,-0.8437f,-0.0526f,0.8566f,-0.0772f,-0.5102f,-0.3186f,-0.1866f,-0.9682f,-0.1668f,0.3905f,0f,0f,0f,1f],start_interpolation: 0,interpolation_duration: 2}
$data merge entity $(bone_magazine1) {transformation: [0f,0f,0f,-0.1088f,0f,0f,0f,-0.2468f,0f,0f,0f,0.9526f,0f,0f,0f,1f],start_interpolation: 0,interpolation_duration: 2}
$data merge entity $(bone_chamber1) {transformation: [0f,0f,0f,-0.1088f,0f,0f,0f,-0.2468f,0f,0f,0f,0.9526f,0f,0f,0f,1f],start_interpolation: 0,interpolation_duration: 2}
$data merge entity $(bone_akm3) {transformation: [0f,0f,0f,-0.1088f,0f,0f,0f,-0.2468f,0f,0f,0f,0.9526f,0f,0f,0f,1f],start_interpolation: 0,interpolation_duration: 2}
data modify entity @s data merge value {"cameras":{},"locators":{"akm":{"px":-0.11841651832328981,"py":-0.18711787699524876,"pz":0.9200253847580331,"ry":353.09674005285717,"rx":-1.1798504507287622},"akm2":{"px":-0.10882061091339738,"py":-0.24683540596887396,"pz":0.952582323473857,"ry":13.814229490914471,"rx":-4.42573431294272}}}