# This file was generated by Animated Java via MC-Build. It is not recommended to edit this file directly.
$data merge entity $(bone_magazine) {transformation: [-0.5989f,0.3401f,-0.725f,0.0492f,-0.1162f,0.8589f,0.4988f,-0.5717f,0.7924f,0.383f,-0.4749f,0.3136f,0f,0f,0f,1f],start_interpolation: 0,interpolation_duration: 1}
$data merge entity $(bone_chamber) {transformation: [-0.5989f,0.3401f,-0.725f,0.1984f,-0.1162f,0.8589f,0.4988f,-0.6317f,0.7924f,0.383f,-0.4749f,0.4176f,0f,0f,0f,1f],start_interpolation: 0,interpolation_duration: 1}
$data merge entity $(bone_akm1) {transformation: [-0.5989f,0.3401f,-0.725f,0.1984f,-0.1162f,0.8589f,0.4988f,-0.6317f,0.7924f,0.383f,-0.4749f,0.4176f,0f,0f,0f,1f],start_interpolation: 0,interpolation_duration: 1}
$data merge entity $(bone_magazine2) {transformation: [0f,0f,0f,0.0098f,0f,0f,0f,-0.5292f,0f,0f,0f,0.2901f,0f,0f,0f,1f],start_interpolation: 0,interpolation_duration: 1}
$data merge entity $(bone_right_arm) {transformation: [-0.5989f,-0.725f,-0.3401f,-0.2683f,-0.1162f,0.4988f,-0.8589f,-0.4082f,0.7924f,-0.4749f,-0.383f,0.1134f,0f,0f,0f,1f],start_interpolation: 0,interpolation_duration: 1}
$data merge entity $(bone_forearm) {transformation: [-0.1069f,-0.2396f,-0.965f,0.1884f,0.9891f,-0.1249f,-0.0786f,-0.7602f,-0.1017f,-0.9628f,0.2504f,0.1729f,0f,0f,0f,1f],start_interpolation: 0,interpolation_duration: 1}
$data merge entity $(bone_magazine1) {transformation: [0f,0f,0f,0.4297f,0f,0f,0f,-0.8922f,0f,0f,0f,0.7287f,0f,0f,0f,1f],start_interpolation: 0,interpolation_duration: 1}
$data merge entity $(bone_chamber1) {transformation: [0f,0f,0f,0.4297f,0f,0f,0f,-0.8922f,0f,0f,0f,0.7287f,0f,0f,0f,1f],start_interpolation: 0,interpolation_duration: 1}
$data merge entity $(bone_akm3) {transformation: [0f,0f,0f,0.4297f,0f,0f,0f,-0.8922f,0f,0f,0f,0.7287f,0f,0f,0f,1f],start_interpolation: 0,interpolation_duration: 1}
data modify entity @s data merge value {"cameras":{},"locators":{"akm":{"px":0.5588299955509343,"py":-0.8380275590733252,"pz":0.659755096607872,"ry":303.2229914127036,"rx":29.922511475002853},"akm2":{"px":0.4297013474817472,"py":-0.892195951888106,"pz":0.7287175342780312,"ry":343.0827636424537,"rx":27.71016780116307}}}