# This file was generated by Animated Java via MC-Build. It is not recommended to edit this file directly.
$data merge entity $(bone_magazine) {transformation: [-0.5303f,0.3329f,-0.7797f,0.0991f,-0.1217f,0.8803f,0.4585f,-0.5159f,0.839f,0.338f,-0.4263f,0.3039f,0f,0f,0f,1f],start_interpolation: 0,interpolation_duration: 0}
$data merge entity $(bone_chamber) {transformation: [-0.5303f,0.3329f,-0.7797f,0.2583f,-0.1217f,0.8803f,0.4585f,-0.5675f,0.839f,0.338f,-0.4263f,0.397f,0f,0f,0f,1f],start_interpolation: 0,interpolation_duration: 0}
$data merge entity $(bone_akm1) {transformation: [-0.5303f,0.3329f,-0.7797f,0.2583f,-0.1217f,0.8803f,0.4585f,-0.5675f,0.839f,0.338f,-0.4263f,0.397f,0f,0f,0f,1f],start_interpolation: 0,interpolation_duration: 0}
$data merge entity $(bone_magazine2) {transformation: [0f,0f,0f,0.0562f,0f,0f,0f,-0.4756f,0f,0f,0f,0.2827f,0f,0f,0f,1f],start_interpolation: 0,interpolation_duration: 0}
$data merge entity $(bone_right_arm) {transformation: [-0.5303f,-0.7797f,-0.3329f,-0.2395f,-0.1217f,0.4585f,-0.8803f,-0.3699f,0.839f,-0.4263f,-0.338f,0.126f,0f,0f,0f,1f],start_interpolation: 0,interpolation_duration: 0}
$data merge entity $(bone_forearm) {transformation: [-0.1554f,-0.3082f,-0.9385f,0.2346f,0.9814f,-0.1564f,-0.1112f,-0.7019f,-0.1125f,-0.9384f,0.3268f,0.1564f,0f,0f,0f,1f],start_interpolation: 0,interpolation_duration: 0}
$data merge entity $(bone_magazine1) {transformation: [0f,0f,0f,0.5236f,0f,0f,0f,-0.8114f,0f,0f,0f,0.6941f,0f,0f,0f,1f],start_interpolation: 0,interpolation_duration: 0}
$data merge entity $(bone_chamber1) {transformation: [0f,0f,0f,0.5236f,0f,0f,0f,-0.8114f,0f,0f,0f,0.6941f,0f,0f,0f,1f],start_interpolation: 0,interpolation_duration: 0}
$data merge entity $(bone_akm3) {transformation: [0f,0f,0f,0.5236f,0f,0f,0f,-0.8114f,0f,0f,0f,0.6941f,0f,0f,0f,1f],start_interpolation: 0,interpolation_duration: 0}
data modify entity @s data merge value {"cameras":{},"locators":{"akm":{"px":0.6445989466568969,"py":-0.7537367477371453,"pz":0.6141706789902112,"ry":298.66651899052533,"rx":27.292969376051737},"akm2":{"px":0.5235666628460005,"py":-0.8114034799302927,"pz":0.6941079957790888,"ry":337.7072466323784,"rx":25.772829700854835}}}