# This file was generated by Animated Java via MC-Build. It is not recommended to edit this file directly.
$data merge entity $(bone_magazine) {transformation: [-0.5282f,0.3688f,-0.7648f,0.1253f,-0.1258f,0.8568f,0.5001f,-0.5321f,0.8397f,0.3603f,-0.4062f,0.2979f,0f,0f,0f,1f],start_interpolation: 0,interpolation_duration: 1}
$data merge entity $(bone_chamber) {transformation: [-0.5282f,0.3688f,-0.7648f,0.2831f,-0.1258f,0.8568f,0.5001f,-0.5924f,0.8397f,0.3603f,-0.4062f,0.3881f,0f,0f,0f,1f],start_interpolation: 0,interpolation_duration: 1}
$data merge entity $(bone_akm1) {transformation: [-0.5282f,0.3688f,-0.7648f,0.2831f,-0.1258f,0.8568f,0.5001f,-0.5924f,0.8397f,0.3603f,-0.4062f,0.3881f,0f,0f,0f,1f],start_interpolation: 0,interpolation_duration: 1}
$data merge entity $(bone_magazine2) {transformation: [0f,0f,0f,0.0839f,0f,0f,0f,-0.4896f,0f,0f,0f,0.2782f,0f,0f,0f,1f],start_interpolation: 0,interpolation_duration: 1}
$data merge entity $(bone_right_arm) {transformation: [-0.5282f,-0.7648f,-0.3688f,-0.2088f,-0.1258f,0.5001f,-0.8568f,-0.3682f,0.8397f,-0.4062f,-0.3603f,0.1272f,0f,0f,0f,1f],start_interpolation: 0,interpolation_duration: 1}
$data merge entity $(bone_forearm) {transformation: [-0.1186f,-0.321f,-0.9396f,0.2526f,0.9895f,-0.1172f,-0.0848f,-0.7187f,-0.0829f,-0.9398f,0.3315f,0.144f,0f,0f,0f,1f],start_interpolation: 0,interpolation_duration: 1}
$data merge entity $(bone_magazine1) {transformation: [0f,0f,0f,0.5411f,0f,0f,0f,-0.8548f,0f,0f,0f,0.6758f,0f,0f,0f,1f],start_interpolation: 0,interpolation_duration: 1}
$data merge entity $(bone_chamber1) {transformation: [0f,0f,0f,0.5411f,0f,0f,0f,-0.8548f,0f,0f,0f,0.6758f,0f,0f,0f,1f],start_interpolation: 0,interpolation_duration: 1}
$data merge entity $(bone_akm3) {transformation: [0f,0f,0f,0.5411f,0f,0f,0f,-0.8548f,0f,0f,0f,0.6758f,0f,0f,0f,1f],start_interpolation: 0,interpolation_duration: 1}
data modify entity @s data merge value {"cameras":{},"locators":{"akm":{"px":0.6636852257365815,"py":-0.7994397761232128,"pz":0.5965021720976129,"ry":297.97151036276614,"rx":30.004582233229964},"akm2":{"px":0.5411411528544386,"py":-0.854763703414721,"pz":0.6757893312863673,"ry":337.95487979200595,"rx":28.134190220236476}}}