# This file was generated by Animated Java via MC-Build. It is not recommended to edit this file directly.
$data merge entity $(bone_magazine) {transformation: [-0.6787f,0.2777f,-0.6799f,0.0844f,-0.0972f,0.8836f,0.458f,-0.548f,0.728f,0.3769f,-0.5727f,0.3349f,0f,0f,0f,1f],start_interpolation: 0,interpolation_duration: 0}
$data merge entity $(bone_chamber) {transformation: [-0.6787f,0.2777f,-0.6799f,0.2227f,-0.0972f,0.8836f,0.458f,-0.5994f,0.728f,0.3769f,-0.5727f,0.457f,0f,0f,0f,1f],start_interpolation: 0,interpolation_duration: 0}
$data merge entity $(bone_akm1) {transformation: [-0.6787f,0.2777f,-0.6799f,0.2227f,-0.0972f,0.8836f,0.458f,-0.5994f,0.728f,0.3769f,-0.5727f,0.457f,0f,0f,0f,1f],start_interpolation: 0,interpolation_duration: 0}
$data merge entity $(bone_magazine2) {transformation: [0f,0f,0f,0.0469f,0f,0f,0f,-0.5077f,0f,0f,0f,0.3053f,0f,0f,0f,1f],start_interpolation: 0,interpolation_duration: 0}
$data merge entity $(bone_right_arm) {transformation: [-0.6787f,-0.6799f,-0.2777f,-0.213f,-0.0972f,0.458f,-0.8836f,-0.402f,0.728f,-0.5727f,-0.3769f,0.0943f,0f,0f,0f,1f],start_interpolation: 0,interpolation_duration: 0}
$data merge entity $(bone_forearm) {transformation: [-0.1168f,-0.131f,-0.9845f,0.2421f,0.9804f,-0.1734f,-0.0933f,-0.7387f,-0.1585f,-0.9761f,0.1486f,0.2189f,0f,0f,0f,1f],start_interpolation: 0,interpolation_duration: 0}
$data merge entity $(bone_magazine1) {transformation: [0f,0f,0f,0.4245f,0f,0f,0f,-0.8397f,0f,0f,0f,0.8029f,0f,0f,0f,1f],start_interpolation: 0,interpolation_duration: 0}
$data merge entity $(bone_chamber1) {transformation: [0f,0f,0f,0.4245f,0f,0f,0f,-0.8397f,0f,0f,0f,0.8029f,0f,0f,0f,1f],start_interpolation: 0,interpolation_duration: 0}
$data merge entity $(bone_akm3) {transformation: [0f,0f,0f,0.4245f,0f,0f,0f,-0.8397f,0f,0f,0f,0.8029f,0f,0f,0f,1f],start_interpolation: 0,interpolation_duration: 0}
data modify entity @s data merge value {"cameras":{},"locators":{"akm":{"px":0.5591105088283923,"py":-0.7851549306473983,"pz":0.7457914953314455,"ry":310.1066344294099,"rx":27.25586105510262},"akm2":{"px":0.4244729485034183,"py":-0.8396725013104067,"pz":0.802929942811805,"ry":348.92751699096243,"rx":24.855150123418593}}}