# This file was generated by Animated Java via MC-Build. It is not recommended to edit this file directly.
$data merge entity $(muzzleflash) {transformation: [-0.999f,-0.0436f,0f,-0.1031f,-0.0436f,0.999f,0f,-0.2891f,0f,0f,-1f,0.525f,0f,0f,0f,1f],start_interpolation: 0,interpolation_duration: 1}
$data merge entity $(slide) {transformation: [-0.9945f,0.1007f,-0.028f,-0.0688f,0.1021f,0.8789f,-0.4659f,-0.0472f,-0.0223f,-0.4662f,-0.8844f,0.3616f,0f,0f,0f,1f],start_interpolation: 0,interpolation_duration: 1}
$data merge entity $(barrel) {transformation: [-0.9945f,0.1007f,-0.028f,0.0334f,0.1021f,0.8789f,-0.4659f,-0.1032f,-0.0223f,-0.4662f,-0.8844f,0.4515f,0f,0f,0f,1f],start_interpolation: 0,interpolation_duration: 1}
$data merge entity $(magazine) {transformation: [-0.9945f,0.1007f,-0.028f,-0.0862f,0.1021f,0.8789f,-0.4659f,-0.23f,-0.0223f,-0.4662f,-0.8844f,0.2994f,0f,0f,0f,1f],start_interpolation: 0,interpolation_duration: 1}
$data merge entity $(grip) {transformation: [-0.9945f,0.1007f,-0.028f,-0.0862f,0.1021f,0.8789f,-0.4659f,-0.23f,-0.0223f,-0.4662f,-0.8844f,0.2994f,0f,0f,0f,1f],start_interpolation: 0,interpolation_duration: 1}
$data merge entity $(trigger) {transformation: [-0.9945f,0.1007f,-0.028f,-0.0849f,0.1021f,0.8789f,-0.4659f,-0.2119f,-0.0223f,-0.4662f,-0.8844f,0.3244f,0f,0f,0f,1f],start_interpolation: 0,interpolation_duration: 1}
$data merge entity $(trigger_gaurd) {transformation: [-0.9945f,0.1007f,-0.028f,-0.0811f,0.1021f,0.8789f,-0.4659f,-0.1714f,-0.0223f,-0.4662f,-0.8844f,0.3397f,0f,0f,0f,1f],start_interpolation: 0,interpolation_duration: 1}
$data merge entity $(right_arm) {transformation: [-0.9945f,-0.0056f,-0.1043f,-0.1242f,0.1021f,-0.2646f,-0.9589f,-0.3355f,-0.0223f,-0.9643f,0.2637f,-0.0298f,0f,0f,0f,1f],start_interpolation: 0,interpolation_duration: 1}
$data merge entity $(magazine1) {transformation: [0f,0f,0f,-0.1414f,0f,0f,0f,-0.1618f,0f,0f,0f,0.2859f,0f,0f,0f,1f],start_interpolation: 0,interpolation_duration: 1}
$data merge entity $(left_arm) {transformation: [-0.8427f,0.3985f,0.3621f,0.0538f,-0.4677f,-0.2089f,-0.8588f,-0.3415f,-0.2666f,-0.8931f,0.3624f,-0.0161f,0f,0f,0f,1f],start_interpolation: 0,interpolation_duration: 1}
$execute on vehicle unless entity @s[tag=aj.transforms_only] as $(barrel1) positioned ^-0.089956307 ^0.0089272484 ^0.5800863748 rotated ~358.1863586716 ~-27.7678823659 run function animated_java:glock/animations/shoot/zzz/frames/0_locator_barrel1
data modify entity @s data merge value {"cameras":{},"locators":{"barrel1":{"px":-0.08995630702167305,"py":0.008927248360802359,"pz":0.5800863748310284,"ry":358.1863586715859,"rx":-27.7678823659039}}}
execute on vehicle unless entity @s[tag=aj.transforms_only] at @s run function animated_java:glock/animations/shoot/zzz/frames/0_root_function