# This file was generated by Animated Java via MC-Build. It is not recommended to edit this file directly.
$data merge entity $(bone_slide) {transformation: [-0.9962f,0.0876f,-0.0009f,-0.0455f,0.0847f,0.9606f,-0.2647f,-0.2689f,-0.0223f,-0.2637f,-0.9643f,0.635f,0f,0f,0f,1f],start_interpolation: 0,interpolation_duration: 1}
$data merge entity $(bone_barrel) {transformation: [-0.9962f,0.0876f,-0.0009f,0.0564f,0.0847f,0.9606f,-0.2647f,-0.341f,-0.0223f,-0.2637f,-0.9643f,0.713f,0f,0f,0f,1f],start_interpolation: 0,interpolation_duration: 1}
$data merge entity $(bone_magazine) {transformation: [-0.9962f,0.0876f,-0.0009f,-0.0573f,0.0847f,0.9606f,-0.2647f,-0.4343f,-0.0223f,-0.2637f,-0.9643f,0.5345f,0f,0f,0f,1f],start_interpolation: 0,interpolation_duration: 1}
$data merge entity $(bone_grip) {transformation: [-0.9962f,0.0876f,-0.0009f,-0.0573f,0.0847f,0.9606f,-0.2647f,-0.4343f,-0.0223f,-0.2637f,-0.9643f,0.5345f,0f,0f,0f,1f],start_interpolation: 0,interpolation_duration: 1}
$data merge entity $(bone_trigger) {transformation: [-0.9962f,0.0876f,-0.0009f,-0.0569f,0.0847f,0.9606f,-0.2647f,-0.422f,-0.0223f,-0.2637f,-0.9643f,0.5629f,0f,0f,0f,1f],start_interpolation: 0,interpolation_duration: 1}
$data merge entity $(bone_trigger_gaurd) {transformation: [-0.9962f,0.0876f,-0.0009f,-0.0544f,0.0847f,0.9606f,-0.2647f,-0.3857f,-0.0223f,-0.2637f,-0.9643f,0.5866f,0f,0f,0f,1f],start_interpolation: 0,interpolation_duration: 1}
$data merge entity $(bone_right_arm) {transformation: [-0.9962f,-0.0009f,-0.0876f,-0.0938f,0.0847f,-0.2647f,-0.9606f,-0.5386f,-0.0223f,-0.9643f,0.2637f,0.223f,0f,0f,0f,1f],start_interpolation: 0,interpolation_duration: 1}
$data merge entity $(bone_magazine1) {transformation: [0f,0f,0f,-0.114f,0f,0f,0f,-0.3652f,0f,0f,0f,0.5387f,0f,0f,0f,1f],start_interpolation: 0,interpolation_duration: 1}
$data merge entity $(bone_left_arm) {transformation: [-0.8344f,0.402f,0.377f,0.0844f,-0.4824f,-0.2019f,-0.8524f,-0.5414f,-0.2666f,-0.8931f,0.3624f,0.2367f,0f,0f,0f,1f],start_interpolation: 0,interpolation_duration: 1}
execute on vehicle unless entity @s[tag=aj.transforms_only] positioned ^-0.0719846745 ^-0.2864535547 ^0.7694912501 rotated ~359.9444258834 ~-15.3472004217 run function animated_java:glock/animations/shoot/zzz/frames/0_locator_barrel1
data modify entity @s data merge value {"cameras":{},"locators":{"barrel1":{"px":-0.07198467446907372,"py":-0.28645355473816936,"pz":0.7694912501010434,"ry":359.9444258833905,"rx":-15.347200421729571}}}
execute on vehicle unless entity @s[tag=aj.transforms_only] at @s run function animated_java:glock/animations/shoot/zzz/frames/0_root_function