# This file was generated by Animated Java via MC-Build. It is not recommended to edit this file directly.
$data merge entity $(bone_shotgun_shell) {transformation: [0f,0f,0f,0.2401f,0f,0f,0f,-1.085f,0f,0f,0f,0.5583f,0f,0f,0f,1f],start_interpolation: 0,interpolation_duration: 1}
$data merge entity $(bone_clock) {transformation: [-0.5732f,0.8194f,-0.0009f,0.1752f,0.8194f,0.5732f,-0.0061f,-1.1854f,-0.0044f,-0.0042f,-1f,0.9683f,0f,0f,0f,1f],start_interpolation: 0,interpolation_duration: 1}
$data merge entity $(bone_barrel1) {transformation: [-0.5732f,0.8194f,-0.0009f,0.2006f,0.8194f,0.5732f,-0.0061f,-1.1689f,-0.0044f,-0.0042f,-1f,0.7338f,0f,0f,0f,1f],start_interpolation: 0,interpolation_duration: 1}
$data merge entity $(bone_trigger) {transformation: [-0.5732f,0.8194f,-0.0009f,0.1689f,0.8194f,0.5732f,-0.0061f,-1.1539f,-0.0044f,-0.0042f,-1f,0.558f,0f,0f,0f,1f],start_interpolation: 0,interpolation_duration: 1}
$data merge entity $(bone_trigger_part) {transformation: [-0.5732f,0.8194f,-0.0009f,0.162f,0.8194f,0.5732f,-0.0061f,-1.1586f,-0.0044f,-0.0042f,-1f,0.5775f,0f,0f,0f,1f],start_interpolation: 0,interpolation_duration: 1}
$data merge entity $(bone_chrome_shotgun) {transformation: [-0.5732f,0.8194f,-0.0009f,0.2043f,0.8194f,0.5732f,-0.0061f,-1.148f,-0.0044f,-0.0042f,-1f,0.5931f,0f,0f,0f,1f],start_interpolation: 0,interpolation_duration: 1}
$data merge entity $(bone_shotgun_shell1) {transformation: [0f,0f,0f,0.2141f,0f,0f,0f,-1.1571f,0f,0f,0f,0.5164f,0f,0f,0f,1f],start_interpolation: 0,interpolation_duration: 1}
$data merge entity $(bone_right_arm) {transformation: [-0.5682f,-0.0757f,-0.8194f,0.1246f,0.8132f,0.1009f,-0.5732f,-1.0916f,0.1261f,-0.992f,0.0042f,0.1865f,0f,0f,0f,1f],start_interpolation: 0,interpolation_duration: 1}
$data merge entity $(bone_left_arm) {transformation: [-0.2359f,0.3561f,-0.9042f,0.2775f,0.8564f,-0.3635f,-0.3666f,-1.3052f,-0.4592f,-0.8608f,-0.2193f,0.8439f,0f,0f,0f,1f],start_interpolation: 0,interpolation_duration: 1}
data modify entity @s data merge value {"cameras":{},"locators":{"barrel":{"px":0.2241273550016295,"py":-1.1115327606071357,"pz":1.2490794906755567,"ry":359.94640668889656,"rx":-0.3472071488750923}}}
execute on vehicle unless entity @s[tag=aj.transforms_only] at @s run function animated_java:chrome_shotgun/animations/equip/zzz/frames/0_root_function