# This file was generated by Animated Java via MC-Build. It is not recommended to edit this file directly.
$data merge entity $(bone_shotgun_shell) {transformation: [0f,0f,0f,-0.0317f,0f,0f,0f,-0.8161f,0f,0f,0f,0.3712f,0f,0f,0f,1f],start_interpolation: 0,interpolation_duration: 1}
$data merge entity $(bone_clock) {transformation: [-0.8216f,0.5701f,0.0008f,-0.0577f,0.5701f,0.8216f,-0.0038f,-0.9337f,-0.0028f,-0.0027f,-1f,0.781f,0f,0f,0f,1f],start_interpolation: 0,interpolation_duration: 1}
$data merge entity $(bone_barrel1) {transformation: [-0.8216f,0.5701f,0.0008f,-0.0397f,0.5701f,0.8216f,-0.0038f,-0.9089f,-0.0028f,-0.0027f,-1f,0.5465f,0f,0f,0f,1f],start_interpolation: 0,interpolation_duration: 1}
$data merge entity $(bone_trigger) {transformation: [-0.8216f,0.5701f,0.0008f,-0.0747f,0.5701f,0.8216f,-0.0038f,-0.9053f,-0.0028f,-0.0027f,-1f,0.3707f,0f,0f,0f,1f],start_interpolation: 0,interpolation_duration: 1}
$data merge entity $(bone_trigger_part) {transformation: [-0.8216f,0.5701f,0.0008f,-0.0795f,0.5701f,0.8216f,-0.0038f,-0.9122f,-0.0028f,-0.0027f,-1f,0.3903f,0f,0f,0f,1f],start_interpolation: 0,interpolation_duration: 1}
$data merge entity $(bone_chrome_shotgun) {transformation: [-0.8216f,0.5701f,0.0008f,-0.0435f,0.5701f,0.8216f,-0.0038f,-0.8877f,-0.0028f,-0.0027f,-1f,0.4058f,0f,0f,0f,1f],start_interpolation: 0,interpolation_duration: 1}
$data merge entity $(bone_shotgun_shell1) {transformation: [0f,0f,0f,-0.0312f,0f,0f,0f,-0.8926f,0f,0f,0f,0.3291f,0f,0f,0f,1f],start_interpolation: 0,interpolation_duration: 1}
$data merge entity $(bone_right_arm) {transformation: [-0.8146f,-0.1065f,-0.5701f,-0.138f,0.5657f,0.0707f,-0.8216f,-0.8614f,0.1278f,-0.9918f,0.0027f,-0.0006f,0f,0f,0f,1f],start_interpolation: 0,interpolation_duration: 1}
$data merge entity $(bone_left_arm) {transformation: [-0.5182f,0.4596f,-0.7213f,0.0797f,0.7227f,-0.2157f,-0.6566f,-1.0105f,-0.4574f,-0.8615f,-0.2204f,0.6272f,0f,0f,0f,1f],start_interpolation: 0,interpolation_duration: 1}
data modify entity @s data merge value {"cameras":{},"locators":{"barrel":{"px":-0.03724787406862288,"py":-0.8480409987481357,"pz":1.0619230348003565,"ry":0.044213125743056025,"rx":-0.2174748940678311}}}