# This file was generated by Animated Java via MC-Build. It is not recommended to edit this file directly.
$data merge entity $(bone_shotgun_shell) {transformation: [0f,0f,0f,-0.0863f,0f,0f,0f,-0.6697f,0f,0f,0f,0.5589f,0f,0f,0f,1f],start_interpolation: 0,interpolation_duration: 1}
$data merge entity $(bone_clock) {transformation: [-0.9227f,0.3855f,0.001f,-0.0869f,0.3854f,0.9227f,-0.0023f,-0.7906f,-0.0018f,-0.0017f,-1f,0.9686f,0f,0f,0f,1f],start_interpolation: 0,interpolation_duration: 1}
$data merge entity $(bone_barrel1) {transformation: [-0.9227f,0.3855f,0.001f,-0.0746f,0.3854f,0.9227f,-0.0023f,-0.7623f,-0.0018f,-0.0017f,-1f,0.7341f,0f,0f,0f,1f],start_interpolation: 0,interpolation_duration: 1}
$data merge entity $(bone_trigger) {transformation: [-0.9227f,0.3855f,0.001f,-0.1096f,0.3854f,0.9227f,-0.0023f,-0.766f,-0.0018f,-0.0017f,-1f,0.5584f,0f,0f,0f,1f],start_interpolation: 0,interpolation_duration: 1}
$data merge entity $(bone_trigger_part) {transformation: [-0.9227f,0.3855f,0.001f,-0.1129f,0.3854f,0.9227f,-0.0023f,-0.7737f,-0.0018f,-0.0017f,-1f,0.5779f,0f,0f,0f,1f],start_interpolation: 0,interpolation_duration: 1}
$data merge entity $(bone_chrome_shotgun) {transformation: [-0.9227f,0.3855f,0.001f,-0.0828f,0.3854f,0.9227f,-0.0023f,-0.7422f,-0.0018f,-0.0017f,-1f,0.5935f,0f,0f,0f,1f],start_interpolation: 0,interpolation_duration: 1}
$data merge entity $(bone_shotgun_shell1) {transformation: [0f,0f,0f,-0.0699f,0f,0f,0f,-0.7444f,0f,0f,0f,0.5168f,0f,0f,0f,1f],start_interpolation: 0,interpolation_duration: 1}
$data merge entity $(bone_right_arm) {transformation: [-0.915f,-0.1194f,-0.3855f,-0.181f,0.3825f,0.048f,-0.9227f,-0.7358f,0.1287f,-0.9917f,0.0017f,0.1871f,0f,0f,0f,1f],start_interpolation: 0,interpolation_duration: 1}
$data merge entity $(bone_left_arm) {transformation: [-0.6583f,0.4941f,-0.5679f,0.0635f,0.5987f,-0.1136f,-0.7928f,-0.8368f,-0.4563f,-0.8619f,-0.2211f,0.8145f,0f,0f,0f,1f],start_interpolation: 0,interpolation_duration: 1}
data modify entity @s data merge value {"cameras":{},"locators":{"barrel":{"px":-0.08467204214746019,"py":-0.7029377486270277,"pz":1.2496254151101258,"ry":0.057901690836843045,"rx":-0.1326702042023126}}}