# This file was generated by Animated Java via MC-Build. It is not recommended to edit this file directly.
$data merge entity $(bone_shotgun_shell) {transformation: [0f,0f,0f,0.2407f,0f,0f,0f,-0.7668f,0f,0f,0f,0.5228f,0f,0f,0f,1f],start_interpolation: 0,interpolation_duration: 1}
$data merge entity $(bone_clock) {transformation: [-0.5732f,0.8194f,-0.0009f,0.1106f,0.8194f,0.5732f,-0.0061f,-0.9689f,-0.0044f,-0.0042f,-1f,1.132f,0f,0f,0f,1f],start_interpolation: 0,interpolation_duration: 1}
$data merge entity $(bone_barrel) {transformation: [-0.5732f,0.8194f,-0.0009f,0.1616f,0.8194f,0.5732f,-0.0061f,-0.9346f,-0.0044f,-0.0042f,-1f,0.8739f,0f,0f,0f,1f],start_interpolation: 0,interpolation_duration: 1}
$data merge entity $(bone_trigger) {transformation: [-0.5732f,0.8194f,-0.0009f,0.0983f,0.8194f,0.5732f,-0.0061f,-0.9045f,-0.0044f,-0.0042f,-1f,0.5223f,0f,0f,0f,1f],start_interpolation: 0,interpolation_duration: 1}
$data merge entity $(bone_trigger_part) {transformation: [-0.5732f,0.8194f,-0.0009f,0.0845f,0.8194f,0.5732f,-0.0061f,-0.914f,-0.0044f,-0.0042f,-1f,0.5613f,0f,0f,0f,1f],start_interpolation: 0,interpolation_duration: 1}
$data merge entity $(bone_chrome_shotgun) {transformation: [-0.5872f,0.8393f,-0.001f,0.169f,0.8393f,0.5872f,-0.0062f,-0.8928f,-0.0045f,-0.0043f,-1.0243f,0.5924f,0f,0f,0f,1f],start_interpolation: 0,interpolation_duration: 1}
$data merge entity $(bone_right_arm) {transformation: [-0.5682f,-0.0757f,-0.8194f,0.0096f,0.8132f,0.1009f,-0.5732f,-0.7799f,0.1261f,-0.992f,0.0042f,-0.2207f,0f,0f,0f,1f],start_interpolation: 0,interpolation_duration: 1}
$data merge entity $(bone_left_arm) {transformation: [-0.2359f,0.3561f,-0.9042f,0.3509f,0.8564f,-0.3635f,-0.3666f,-1.2604f,-0.4592f,-0.8608f,-0.2193f,0.7747f,0f,0f,0f,1f],start_interpolation: 0,interpolation_duration: 1}