# This file was generated by Animated Java via MC-Build. It is not recommended to edit this file directly.
$data merge entity $(bone_shotgun_shell) {transformation: [0f,0f,0f,-0.1352f,0f,0f,0f,-0.7165f,0f,0f,0f,0.4967f,0f,0f,0f,1f],start_interpolation: 0,interpolation_duration: 1}
$data merge entity $(bone_clock) {transformation: [-0.9818f,0.1901f,0.0007f,-0.1109f,0.1901f,0.9818f,-0.001f,-0.8354f,-0.0009f,-0.0008f,-1f,0.9062f,0f,0f,0f,1f],start_interpolation: 0,interpolation_duration: 1}
$data merge entity $(bone_barrel1) {transformation: [-0.9818f,0.1901f,0.0007f,-0.1048f,0.1901f,0.9818f,-0.001f,-0.805f,-0.0009f,-0.0008f,-1f,0.6718f,0f,0f,0f,1f],start_interpolation: 0,interpolation_duration: 1}
$data merge entity $(bone_trigger) {transformation: [-0.9818f,0.1901f,0.0007f,-0.1385f,0.1901f,0.9818f,-0.001f,-0.8155f,-0.0009f,-0.0008f,-1f,0.496f,0f,0f,0f,1f],start_interpolation: 0,interpolation_duration: 1}
$data merge entity $(bone_trigger_part) {transformation: [-0.9818f,0.1901f,0.0007f,-0.1401f,0.1901f,0.9818f,-0.001f,-0.8237f,-0.0009f,-0.0008f,-1f,0.5155f,0f,0f,0f,1f],start_interpolation: 0,interpolation_duration: 1}
$data merge entity $(bone_chrome_shotgun) {transformation: [-0.9818f,0.1901f,0.0007f,-0.117f,0.1901f,0.9818f,-0.001f,-0.7868f,-0.0009f,-0.0008f,-1f,0.5311f,0f,0f,0f,1f],start_interpolation: 0,interpolation_duration: 1}
$data merge entity $(bone_shotgun_shell1) {transformation: [0f,0f,0f,-0.104f,0f,0f,0f,-0.7862f,0f,0f,0f,0.4544f,0f,0f,0f,1f],start_interpolation: 0,interpolation_duration: 1}
$data merge entity $(bone_right_arm) {transformation: [-0.9735f,-0.1274f,-0.1901f,-0.2147f,0.1886f,0.0238f,-0.9818f,-0.8001f,0.1297f,-0.9916f,0.0008f,0.1248f,0f,0f,0f,1f],start_interpolation: 0,interpolation_duration: 1}
$data merge entity $(bone_left_arm) {transformation: [-0.7665f,0.5062f,-0.3953f,0.0456f,0.4531f,-0.01f,-0.8914f,-0.8499f,-0.4552f,-0.8623f,-0.2217f,0.7518f,0f,0f,0f,1f],start_interpolation: 0,interpolation_duration: 1}
data modify entity @s data merge value {"cameras":{},"locators":{"barrel":{"px":-0.1263163240404023,"py":-0.7494412203265703,"pz":1.1873197991872522,"ry":0.04041716006784668,"rx":-0.05709718835541846}}}