# This file was generated by Animated Java via MC-Build. It is not recommended to edit this file directly.
$data merge entity $(bone_shotgun_shell) {transformation: [0f,0f,0f,-0.0102f,0f,0f,0f,-0.4665f,0f,0f,0f,0.2154f,0f,0f,0f,1f],start_interpolation: 0,interpolation_duration: 1}
$data merge entity $(bone_clock) {transformation: [-0.9818f,0.1901f,0.0007f,0.0141f,0.1901f,0.9818f,-0.001f,-0.5854f,-0.0009f,-0.0008f,-1f,0.6249f,0f,0f,0f,1f],start_interpolation: 0,interpolation_duration: 1}
$data merge entity $(bone_barrel1) {transformation: [-0.9818f,0.1901f,0.0007f,0.0202f,0.1901f,0.9818f,-0.001f,-0.555f,-0.0009f,-0.0008f,-1f,0.3905f,0f,0f,0f,1f],start_interpolation: 0,interpolation_duration: 1}
$data merge entity $(bone_trigger) {transformation: [-0.9818f,0.1901f,0.0007f,-0.0135f,0.1901f,0.9818f,-0.001f,-0.5655f,-0.0009f,-0.0008f,-1f,0.2148f,0f,0f,0f,1f],start_interpolation: 0,interpolation_duration: 1}
$data merge entity $(bone_trigger_part) {transformation: [-0.9818f,0.1901f,0.0007f,-0.0151f,0.1901f,0.9818f,-0.001f,-0.5737f,-0.0009f,-0.0008f,-1f,0.2343f,0f,0f,0f,1f],start_interpolation: 0,interpolation_duration: 1}
$data merge entity $(bone_chrome_shotgun) {transformation: [-0.9818f,0.1901f,0.0007f,0.008f,0.1901f,0.9818f,-0.001f,-0.5368f,-0.0009f,-0.0008f,-1f,0.2499f,0f,0f,0f,1f],start_interpolation: 0,interpolation_duration: 1}
$data merge entity $(bone_shotgun_shell1) {transformation: [0f,0f,0f,0.021f,0f,0f,0f,-0.5362f,0f,0f,0f,0.1732f,0f,0f,0f,1f],start_interpolation: 0,interpolation_duration: 1}
$data merge entity $(bone_right_arm) {transformation: [-0.9735f,-0.1274f,-0.1901f,-0.0897f,0.1886f,0.0238f,-0.9818f,-0.5501f,0.1297f,-0.9916f,0.0008f,-0.1564f,0f,0f,0f,1f],start_interpolation: 0,interpolation_duration: 1}
$data merge entity $(bone_left_arm) {transformation: [-0.7665f,0.3573f,-0.5337f,0.1427f,0.4531f,-0.2882f,-0.8436f,-0.6988f,-0.4552f,-0.8884f,0.059f,0.4706f,0f,0f,0f,1f],start_interpolation: 0,interpolation_duration: 1}
data modify entity @s data merge value {"cameras":{},"locators":{"barrel":{"px":-0.0013163240404022603,"py":-0.4994412203265703,"pz":0.9060697991872522,"ry":0.04041716006784668,"rx":-0.05709718835541846}}}