# This file was generated by Animated Java via MC-Build. It is not recommended to edit this file directly.
$data merge entity $(bone_shotgun_shell) {transformation: [0f,0f,0f,-0.2062f,0f,0f,0f,-0.4595f,0f,0f,0f,0.5595f,0f,0f,0f,1f],start_interpolation: 0,interpolation_duration: 1}
$data merge entity $(bone_clock) {transformation: [-0.9955f,-0.0949f,-0.0005f,-0.1487f,-0.0949f,0.9955f,0.0004f,-0.5672f,0.0004f,0.0004f,-1f,0.9688f,0f,0f,0f,1f],start_interpolation: 0,interpolation_duration: 1}
$data merge entity $(bone_barrel1) {transformation: [-0.9955f,-0.0949f,-0.0005f,-0.1518f,-0.0949f,0.9955f,0.0004f,-0.536f,0.0004f,0.0004f,-1f,0.7344f,0f,0f,0f,1f],start_interpolation: 0,interpolation_duration: 1}
$data merge entity $(bone_trigger) {transformation: [-0.9955f,-0.0949f,-0.0005f,-0.1814f,-0.0949f,0.9955f,0.0004f,-0.5554f,0.0004f,0.0004f,-1f,0.5587f,0f,0f,0f,1f],start_interpolation: 0,interpolation_duration: 1}
$data merge entity $(bone_trigger_part) {transformation: [-0.9955f,-0.0949f,-0.0005f,-0.1806f,-0.0949f,0.9955f,0.0004f,-0.5638f,0.0004f,0.0004f,-1f,0.5782f,0f,0f,0f,1f],start_interpolation: 0,interpolation_duration: 1}
$data merge entity $(bone_chrome_shotgun) {transformation: [-0.9955f,-0.0949f,-0.0005f,-0.1689f,-0.0949f,0.9955f,0.0004f,-0.5219f,0.0004f,0.0004f,-1f,0.5938f,0f,0f,0f,1f],start_interpolation: 0,interpolation_duration: 1}
$data merge entity $(bone_shotgun_shell1) {transformation: [0f,0f,0f,-0.1566f,0f,0f,0f,-0.5175f,0f,0f,0f,0.5171f,0f,0f,0f,1f],start_interpolation: 0,interpolation_duration: 1}
$data merge entity $(bone_right_arm) {transformation: [-0.9869f,-0.1304f,0.0949f,-0.2594f,-0.0942f,-0.012f,-0.9955f,-0.5617f,0.131f,-0.9914f,-0.0004f,0.1876f,0f,0f,0f,1f],start_interpolation: 0,interpolation_duration: 1}
$data merge entity $(bone_left_arm) {transformation: [-0.8639f,0.4872f,-0.1278f,0.0053f,0.2187f,0.1344f,-0.9665f,-0.5367f,-0.4537f,-0.8629f,-0.2226f,0.8139f,0f,0f,0f,1f],start_interpolation: 0,interpolation_duration: 1}
data modify entity @s data merge value {"cameras":{},"locators":{"barrel":{"px":-0.1873947862382263,"py":-0.4893662085974284,"pz":1.2500890138947387,"ry":359.97270866311777,"rx":0.02155600842758854}}}