# This file was generated by Animated Java via MC-Build. It is not recommended to edit this file directly.
$data merge entity $(bone_shotgun_shell) {transformation: [0f,0f,0f,-0.2062f,0f,0f,0f,-0.4282f,0f,0f,0f,0.2157f,0f,0f,0f,1f],start_interpolation: 0,interpolation_duration: 1}
$data merge entity $(bone_clock) {transformation: [-0.9955f,-0.0949f,-0.0005f,-0.1487f,-0.0949f,0.9955f,0.0004f,-0.5359f,0.0004f,0.0004f,-1f,0.625f,0f,0f,0f,1f],start_interpolation: 0,interpolation_duration: 1}
$data merge entity $(bone_barrel1) {transformation: [-0.9955f,-0.0949f,-0.0005f,-0.1518f,-0.0949f,0.9955f,0.0004f,-0.5047f,0.0004f,0.0004f,-1f,0.3907f,0f,0f,0f,1f],start_interpolation: 0,interpolation_duration: 1}
$data merge entity $(bone_trigger) {transformation: [-0.9955f,-0.0949f,-0.0005f,-0.1814f,-0.0949f,0.9955f,0.0004f,-0.5241f,0.0004f,0.0004f,-1f,0.2149f,0f,0f,0f,1f],start_interpolation: 0,interpolation_duration: 1}
$data merge entity $(bone_trigger_part) {transformation: [-0.9955f,-0.0949f,-0.0005f,-0.1806f,-0.0949f,0.9955f,0.0004f,-0.5325f,0.0004f,0.0004f,-1f,0.2344f,0f,0f,0f,1f],start_interpolation: 0,interpolation_duration: 1}
$data merge entity $(bone_chrome_shotgun) {transformation: [-0.9955f,-0.0949f,-0.0005f,-0.1689f,-0.0949f,0.9955f,0.0004f,-0.4906f,0.0004f,0.0004f,-1f,0.2501f,0f,0f,0f,1f],start_interpolation: 0,interpolation_duration: 1}
$data merge entity $(bone_shotgun_shell1) {transformation: [0f,0f,0f,-0.1566f,0f,0f,0f,-0.4863f,0f,0f,0f,0.1734f,0f,0f,0f,1f],start_interpolation: 0,interpolation_duration: 1}
$data merge entity $(bone_right_arm) {transformation: [-0.9869f,-0.1304f,0.0949f,-0.2594f,-0.0942f,-0.012f,-0.9955f,-0.5305f,0.131f,-0.9914f,-0.0004f,-0.1562f,0f,0f,0f,1f],start_interpolation: 0,interpolation_duration: 1}
$data merge entity $(bone_left_arm) {transformation: [-0.8639f,0.4872f,-0.1278f,0.0053f,0.2187f,0.1344f,-0.9665f,-0.5055f,-0.4537f,-0.8629f,-0.2226f,0.4701f,0f,0f,0f,1f],start_interpolation: 0,interpolation_duration: 1}
data modify entity @s data merge value {"cameras":{},"locators":{"barrel":{"px":-0.1873947862382263,"py":-0.4581162085974284,"pz":0.9063390138947387,"ry":359.97270866311777,"rx":0.02155600842758854}}}