# This file was generated by Animated Java via MC-Build. It is not recommended to edit this file directly.
$data merge entity $(bone_shotgun_shell) {transformation: [0f,0f,0f,0.1408f,0f,0f,0f,-0.6044f,0f,0f,0f,0.5229f,0f,0f,0f,1f],start_interpolation: 0,interpolation_duration: 1}
$data merge entity $(bone_clock) {transformation: [-0.6091f,0.7931f,-0.0006f,0.02f,0.7931f,0.6091f,-0.0058f,-0.811f,-0.0042f,-0.004f,-1f,1.3429f,0f,0f,0f,1f],start_interpolation: 0,interpolation_duration: 1}
$data merge entity $(bone_barrel) {transformation: [-0.6091f,0.7931f,-0.0006f,0.0693f,0.7931f,0.6091f,-0.0058f,-0.7757f,-0.0042f,-0.004f,-1f,0.8739f,0f,0f,0f,1f],start_interpolation: 0,interpolation_duration: 1}
$data merge entity $(bone_trigger) {transformation: [-0.6091f,0.7931f,-0.0006f,0.0047f,0.7931f,0.6091f,-0.0058f,-0.7483f,-0.0042f,-0.004f,-1f,0.5223f,0f,0f,0f,1f],start_interpolation: 0,interpolation_duration: 1}
$data merge entity $(bone_trigger_part) {transformation: [-0.6091f,0.7931f,-0.0006f,-0.0086f,0.7931f,0.6091f,-0.0058f,-0.7584f,-0.0042f,-0.004f,-1f,0.5614f,0f,0f,0f,1f],start_interpolation: 0,interpolation_duration: 1}
$data merge entity $(bone_chrome_shotgun) {transformation: [-0.6239f,0.8124f,-0.0006f,0.0749f,0.8124f,0.6239f,-0.006f,-0.7335f,-0.0043f,-0.0041f,-1.0243f,0.5924f,0f,0f,0f,1f],start_interpolation: 0,interpolation_duration: 1}
$data merge entity $(bone_right_arm) {transformation: [-0.6038f,-0.0801f,-0.7931f,-0.0894f,0.7871f,0.0978f,-0.6091f,-0.6276f,0.1263f,-0.992f,0.004f,-0.2206f,0f,0f,0f,1f],start_interpolation: 0,interpolation_duration: 1}
$data merge entity $(bone_left_arm) {transformation: [-0.2738f,0.372f,-0.887f,0.273f,0.8452f,-0.347f,-0.4064f,-1.0917f,-0.459f,-0.8609f,-0.2194f,0.9444f,0f,0f,0f,1f],start_interpolation: 0,interpolation_duration: 1}