# This file was generated by Animated Java via MC-Build. It is not recommended to edit this file directly.
$data merge entity $(bone_shotgun_shell) {transformation: [0f,0f,0f,-0.2315f,0f,0f,0f,-0.366f,0f,0f,0f,0.2783f,0f,0f,0f,1f],start_interpolation: 0,interpolation_duration: 1}
$data merge entity $(bone_clock) {transformation: [-0.9881f,-0.1535f,-0.0008f,-0.1676f,-0.1535f,0.9881f,0.0006f,-0.4702f,0.0007f,0.0007f,-1f,0.6876f,0f,0f,0f,1f],start_interpolation: 0,interpolation_duration: 1}
$data merge entity $(bone_barrel1) {transformation: [-0.9881f,-0.1535f,-0.0008f,-0.1726f,-0.1535f,0.9881f,0.0006f,-0.4391f,0.0007f,0.0007f,-1f,0.4532f,0f,0f,0f,1f],start_interpolation: 0,interpolation_duration: 1}
$data merge entity $(bone_trigger) {transformation: [-0.9881f,-0.1535f,-0.0008f,-0.201f,-0.1535f,0.9881f,0.0006f,-0.4602f,0.0007f,0.0007f,-1f,0.2775f,0f,0f,0f,1f],start_interpolation: 0,interpolation_duration: 1}
$data merge entity $(bone_trigger_part) {transformation: [-0.9881f,-0.1535f,-0.0008f,-0.1997f,-0.1535f,0.9881f,0.0006f,-0.4686f,0.0007f,0.0007f,-1f,0.297f,0f,0f,0f,1f],start_interpolation: 0,interpolation_duration: 1}
$data merge entity $(bone_chrome_shotgun) {transformation: [-0.9881f,-0.1535f,-0.0008f,-0.1905f,-0.1535f,0.9881f,0.0006f,-0.426f,0.0007f,0.0007f,-1f,0.3126f,0f,0f,0f,1f],start_interpolation: 0,interpolation_duration: 1}
$data merge entity $(bone_shotgun_shell1) {transformation: [0f,0f,0f,-0.1785f,0f,0f,0f,-0.4209f,0f,0f,0f,0.2359f,0f,0f,0f,1f],start_interpolation: 0,interpolation_duration: 1}
$data merge entity $(bone_right_arm) {transformation: [-0.9796f,-0.1298f,0.1535f,-0.2787f,-0.1523f,-0.0195f,-0.9881f,-0.4711f,0.1312f,-0.9914f,-0.0007f,-0.0936f,0f,0f,0f,1f],start_interpolation: 0,interpolation_duration: 1}
$data merge entity $(bone_left_arm) {transformation: [-0.8754f,0.4782f,-0.0705f,-0.0157f,0.1674f,0.1631f,-0.9723f,-0.4306f,-0.4534f,-0.863f,-0.2228f,0.5325f,0f,0f,0f,1f],start_interpolation: 0,interpolation_duration: 1}
data modify entity @s data merge value {"cameras":{},"locators":{"barrel":{"px":-0.21070112049274264,"py":-0.39482508501544344,"pz":0.9688941406008453,"ry":359.9537617765558,"rx":0.03227827821926651}}}