# This file was generated by Animated Java via MC-Build. It is not recommended to edit this file directly.
$data merge entity $(bone_shotgun_shell) {transformation: [0f,0f,0f,-0.1696f,0f,0f,0f,-0.4924f,0f,0f,0f,0.2158f,0f,0f,0f,1f],start_interpolation: 0,interpolation_duration: 1}
$data merge entity $(bone_clock) {transformation: [-0.9868f,-0.1621f,-0.0009f,-0.1048f,-0.1621f,0.9868f,0.0006f,-0.5961f,0.0008f,0.0007f,-1f,0.6251f,0f,0f,0f,1f],start_interpolation: 0,interpolation_duration: 1}
$data merge entity $(bone_barrel1) {transformation: [-0.9868f,-0.1621f,-0.0009f,-0.11f,-0.1621f,0.9868f,0.0006f,-0.5651f,0.0008f,0.0007f,-1f,0.3907f,0f,0f,0f,1f],start_interpolation: 0,interpolation_duration: 1}
$data merge entity $(bone_trigger) {transformation: [-0.9868f,-0.1621f,-0.0009f,-0.1383f,-0.1621f,0.9868f,0.0006f,-0.5864f,0.0008f,0.0007f,-1f,0.215f,0f,0f,0f,1f],start_interpolation: 0,interpolation_duration: 1}
$data merge entity $(bone_trigger_part) {transformation: [-0.9868f,-0.1621f,-0.0009f,-0.1369f,-0.1621f,0.9868f,0.0006f,-0.5948f,0.0008f,0.0007f,-1f,0.2345f,0f,0f,0f,1f],start_interpolation: 0,interpolation_duration: 1}
$data merge entity $(bone_chrome_shotgun) {transformation: [-0.9868f,-0.1621f,-0.0009f,-0.1281f,-0.1621f,0.9868f,0.0006f,-0.5522f,0.0008f,0.0007f,-1f,0.2501f,0f,0f,0f,1f],start_interpolation: 0,interpolation_duration: 1}
$data merge entity $(bone_shotgun_shell1) {transformation: [0f,0f,0f,-0.1162f,0f,0f,0f,-0.547f,0f,0f,0f,0.1734f,0f,0f,0f,1f],start_interpolation: 0,interpolation_duration: 1}
$data merge entity $(bone_right_arm) {transformation: [-0.9782f,-0.1296f,0.1621f,-0.2159f,-0.1608f,-0.0206f,-0.9868f,-0.598f,0.1313f,-0.9913f,-0.0007f,-0.1561f,0f,0f,0f,1f],start_interpolation: 0,interpolation_duration: 1}
$data merge entity $(bone_left_arm) {transformation: [-0.8769f,0.4767f,-0.0621f,0.0468f,0.1598f,0.1673f,-0.9729f,-0.5552f,-0.4534f,-0.863f,-0.2228f,0.4698f,0f,0f,0f,1f],start_interpolation: 0,interpolation_duration: 1}
data modify entity @s data merge value {"cameras":{},"locators":{"barrel":{"px":-0.14852035471518307,"py":-0.5211519671209127,"pz":0.9064022678675405,"ry":359.95084943944903,"rx":0.03367748461367982}}}