# This file was generated by Animated Java via MC-Build. It is not recommended to edit this file directly.
$data merge entity $(bone_shotgun_shell) {transformation: [0f,0f,0f,-0.2303f,0f,0f,0f,-0.7068f,0f,0f,0f,0.372f,0f,0f,0f,1f],start_interpolation: 0,interpolation_duration: 1}
$data merge entity $(bone_clock) {transformation: [-0.9906f,-0.1365f,-0.0007f,-0.1682f,-0.1365f,0.9906f,0.0005f,-0.812f,0.0006f,0.0006f,-1f,0.7813f,0f,0f,0f,1f],start_interpolation: 0,interpolation_duration: 1}
$data merge entity $(bone_barrel1) {transformation: [-0.9906f,-0.1365f,-0.0007f,-0.1726f,-0.1365f,0.9906f,0.0005f,-0.781f,0.0006f,0.0006f,-1f,0.547f,0f,0f,0f,1f],start_interpolation: 0,interpolation_duration: 1}
$data merge entity $(bone_trigger) {transformation: [-0.9906f,-0.1365f,-0.0007f,-0.2014f,-0.1365f,0.9906f,0.0005f,-0.8015f,0.0006f,0.0006f,-1f,0.3712f,0f,0f,0f,1f],start_interpolation: 0,interpolation_duration: 1}
$data merge entity $(bone_trigger_part) {transformation: [-0.9906f,-0.1365f,-0.0007f,-0.2003f,-0.1365f,0.9906f,0.0005f,-0.8099f,0.0006f,0.0006f,-1f,0.3907f,0f,0f,0f,1f],start_interpolation: 0,interpolation_duration: 1}
$data merge entity $(bone_chrome_shotgun) {transformation: [-0.9906f,-0.1365f,-0.0007f,-0.1903f,-0.1365f,0.9906f,0.0005f,-0.7675f,0.0006f,0.0006f,-1f,0.4063f,0f,0f,0f,1f],start_interpolation: 0,interpolation_duration: 1}
$data merge entity $(bone_shotgun_shell1) {transformation: [0f,0f,0f,-0.1783f,0f,0f,0f,-0.7627f,0f,0f,0f,0.3296f,0f,0f,0f,1f],start_interpolation: 0,interpolation_duration: 1}
$data merge entity $(bone_right_arm) {transformation: [-0.9821f,-0.13f,0.1365f,-0.2792f,-0.1354f,-0.0173f,-0.9906f,-0.8111f,0.1312f,-0.9914f,-0.0006f,0.0001f,0f,0f,0f,1f],start_interpolation: 0,interpolation_duration: 1}
$data merge entity $(bone_left_arm) {transformation: [-0.8724f,0.481f,-0.0873f,-0.0156f,0.1824f,0.1548f,-0.971f,-0.7752f,-0.4535f,-0.863f,-0.2228f,0.6259f,0f,0f,0f,1f],start_interpolation: 0,interpolation_duration: 1}
data modify entity @s data merge value {"cameras":{},"locators":{"barrel":{"px":-0.21003627595310387,"py":-0.7359634006823086,"pz":1.0626280902026803,"ry":359.9594261497056,"rx":0.029375816209190893}}}