# This file was generated by Animated Java via MC-Build. It is not recommended to edit this file directly.
$data merge entity $(bone_shotgun_shell) {transformation: [0f,0f,0f,0.261f,0f,0f,0f,-0.9093f,0f,0f,0f,0.2145f,0f,0f,0f,1f],start_interpolation: 0,interpolation_duration: 1}
$data merge entity $(bone_clock) {transformation: [-0.5732f,0.8194f,-0.0009f,0.196f,0.8194f,0.5732f,-0.0061f,-1.0103f,-0.0044f,-0.0042f,-1f,0.5412f,0f,0f,0f,1f],start_interpolation: 0,interpolation_duration: 1}
$data merge entity $(bone_barrel1) {transformation: [-0.5732f,0.8194f,-0.0009f,0.2214f,0.8194f,0.5732f,-0.0061f,-0.9933f,-0.0044f,-0.0042f,-1f,0.3901f,0f,0f,0f,1f],start_interpolation: 0,interpolation_duration: 1}
$data merge entity $(bone_trigger) {transformation: [-0.5732f,0.8194f,-0.0009f,0.1898f,0.8194f,0.5732f,-0.0061f,-0.9782f,-0.0044f,-0.0042f,-1f,0.2143f,0f,0f,0f,1f],start_interpolation: 0,interpolation_duration: 1}
$data merge entity $(bone_trigger_part) {transformation: [-0.5732f,0.8194f,-0.0009f,0.1829f,0.8194f,0.5732f,-0.0061f,-0.9829f,-0.0044f,-0.0042f,-1f,0.2338f,0f,0f,0f,1f],start_interpolation: 0,interpolation_duration: 1}
$data merge entity $(bone_chrome_shotgun) {transformation: [-0.5732f,0.8194f,-0.0009f,0.2251f,0.8194f,0.5732f,-0.0061f,-0.9723f,-0.0044f,-0.0042f,-1f,0.2493f,0f,0f,0f,1f],start_interpolation: 0,interpolation_duration: 1}
$data merge entity $(bone_shotgun_shell1) {transformation: [0f,0f,0f,0.2349f,0f,0f,0f,-0.9814f,0f,0f,0f,0.1727f,0f,0f,0f,1f],start_interpolation: 0,interpolation_duration: 1}
$data merge entity $(bone_right_arm) {transformation: [-0.5682f,-0.0757f,-0.8194f,0.1454f,0.8132f,0.1009f,-0.5732f,-0.9159f,0.1261f,-0.992f,0.0042f,-0.1572f,0f,0f,0f,1f],start_interpolation: 0,interpolation_duration: 1}
$data merge entity $(bone_left_arm) {transformation: [-0.2359f,0.3561f,-0.9042f,0.3101f,0.8564f,-0.3635f,-0.3666f,-1.1474f,-0.4592f,-0.8608f,-0.2193f,0.3753f,0f,0f,0f,1f],start_interpolation: 0,interpolation_duration: 1}
data modify entity @s data merge value {"cameras":{},"locators":{"barrel":{"px":0.24496068833496287,"py":-0.9358660939404692,"pz":0.9053294906755567,"ry":359.94640668889656,"rx":-0.3472071488750923}}}