# This file was generated by Animated Java via MC-Build. It is not recommended to edit this file directly.
$data merge entity $(bone_shotgun_shell) {transformation: [0f,0f,0f,-0.2209f,0f,0f,0f,-0.688f,0f,0f,0f,0.3719f,0f,0f,0f,1f],start_interpolation: 0,interpolation_duration: 1}
$data merge entity $(bone_clock) {transformation: [-0.9997f,-0.0231f,-0.0001f,-0.1714f,-0.0231f,0.9997f,0.0001f,-0.7995f,0.0001f,0.0001f,-1f,0.7813f,0f,0f,0f,1f],start_interpolation: 0,interpolation_duration: 1}
$data merge entity $(bone_barrel1) {transformation: [-0.9997f,-0.0231f,-0.0001f,-0.1722f,-0.0231f,0.9997f,0.0001f,-0.7682f,0.0001f,0.0001f,-1f,0.5469f,0f,0f,0f,1f],start_interpolation: 0,interpolation_duration: 1}
$data merge entity $(bone_trigger) {transformation: [-0.9997f,-0.0231f,-0.0001f,-0.203f,-0.0231f,0.9997f,0.0001f,-0.7855f,0.0001f,0.0001f,-1f,0.3711f,0f,0f,0f,1f],start_interpolation: 0,interpolation_duration: 1}
$data merge entity $(bone_trigger_part) {transformation: [-0.9997f,-0.0231f,-0.0001f,-0.2028f,-0.0231f,0.9997f,0.0001f,-0.7939f,0.0001f,0.0001f,-1f,0.3906f,0f,0f,0f,1f],start_interpolation: 0,interpolation_duration: 1}
$data merge entity $(bone_chrome_shotgun) {transformation: [-0.9997f,-0.0231f,-0.0001f,-0.1881f,-0.0231f,0.9997f,0.0001f,-0.7529f,0.0001f,0.0001f,-1f,0.4063f,0f,0f,0f,1f],start_interpolation: 0,interpolation_duration: 1}
$data merge entity $(bone_shotgun_shell1) {transformation: [0f,0f,0f,-0.1756f,0f,0f,0f,-0.7495f,0f,0f,0f,0.3296f,0f,0f,0f,1f],start_interpolation: 0,interpolation_duration: 1}
$data merge entity $(bone_right_arm) {transformation: [-0.9912f,-0.1306f,0.0231f,-0.2812f,-0.0229f,-0.0029f,-0.9997f,-0.7863f,0.1306f,-0.9914f,-0.0001f,0f,0f,0f,0f,1f],start_interpolation: 0,interpolation_duration: 1}
$data merge entity $(bone_left_arm) {transformation: [-0.8458f,0.4959f,-0.1968f,-0.0156f,0.2801f,0.0987f,-0.9549f,-0.7802f,-0.4541f,-0.8627f,-0.2224f,0.6255f,0f,0f,0f,1f],start_interpolation: 0,interpolation_duration: 1}
data modify entity @s data merge value {"cameras":{},"locators":{"barrel":{"px":-0.20449245900784233,"py":-0.7189969593444854,"pz":1.062521687899968,"ry":359.993755365599,"rx":0.005707192269328699}}}