# This file was generated by Animated Java via MC-Build. It is not recommended to edit this file directly.
$data merge entity $(bone_shotgun_shell) {transformation: [0f,0f,0f,-0.2354f,0f,0f,0f,-0.5689f,0f,0f,0f,0.525f,0f,0f,0f,1f],start_interpolation: 0,interpolation_duration: 1}
$data merge entity $(bone_clock) {transformation: [-0.9998f,0.0217f,0.0001f,-0.1466f,0.0217f,0.9998f,-0.0001f,-0.7958f,-0.0001f,-0.0001f,-1f,1.3437f,0f,0f,0f,1f],start_interpolation: 0,interpolation_duration: 1}
$data merge entity $(bone_barrel) {transformation: [-0.9998f,0.0217f,0.0001f,-0.1452f,0.0217f,0.9998f,-0.0001f,-0.7333f,-0.0001f,-0.0001f,-1f,0.875f,0f,0f,0f,1f],start_interpolation: 0,interpolation_duration: 1}
$data merge entity $(bone_trigger) {transformation: [-0.9998f,0.0217f,0.0001f,-0.2084f,0.0217f,0.9998f,-0.0001f,-0.7651f,-0.0001f,-0.0001f,-1f,0.5235f,0f,0f,0f,1f],start_interpolation: 0,interpolation_duration: 1}
$data merge entity $(bone_trigger_part) {transformation: [-0.9998f,0.0217f,0.0001f,-0.2087f,0.0217f,0.9998f,-0.0001f,-0.782f,-0.0001f,-0.0001f,-1f,0.5625f,0f,0f,0f,1f],start_interpolation: 0,interpolation_duration: 1}
$data merge entity $(bone_chrome_shotgun) {transformation: [-1.0241f,0.0222f,0.0001f,-0.1757f,0.0222f,1.0241f,-0.0001f,-0.7014f,-0.0001f,-0.0001f,-1.0243f,0.5937f,0f,0f,0f,1f],start_interpolation: 0,interpolation_duration: 1}
$data merge entity $(bone_right_arm) {transformation: [-0.9912f,-0.1304f,-0.0217f,-0.3645f,0.0215f,0.0027f,-0.9998f,-0.7599f,0.1304f,-0.9915f,0.0001f,-0.2188f,0f,0f,0f,1f],start_interpolation: 0,interpolation_duration: 1}
$data merge entity $(bone_left_arm) {transformation: [-0.8323f,0.5f,-0.2394f,0.229f,0.3176f,0.0762f,-0.9452f,-0.7727f,-0.4543f,-0.8627f,-0.2223f,0.9625f,0f,0f,0f,1f],start_interpolation: 0,interpolation_duration: 1}