# This file was generated by Animated Java via MC-Build. It is not recommended to edit this file directly.
$data merge entity $(bone_shotgun_shell) {transformation: [0f,0f,0f,-0.2209f,0f,0f,0f,-0.6255f,0f,0f,0f,0.4969f,0f,0f,0f,1f],start_interpolation: 0,interpolation_duration: 1}
$data merge entity $(bone_clock) {transformation: [-0.9997f,-0.0231f,-0.0001f,-0.1714f,-0.0231f,0.9997f,0.0001f,-0.737f,0.0001f,0.0001f,-1f,0.9063f,0f,0f,0f,1f],start_interpolation: 0,interpolation_duration: 1}
$data merge entity $(bone_barrel1) {transformation: [-0.9997f,-0.0231f,-0.0001f,-0.1722f,-0.0231f,0.9997f,0.0001f,-0.7057f,0.0001f,0.0001f,-1f,0.6719f,0f,0f,0f,1f],start_interpolation: 0,interpolation_duration: 1}
$data merge entity $(bone_trigger) {transformation: [-0.9997f,-0.0231f,-0.0001f,-0.203f,-0.0231f,0.9997f,0.0001f,-0.723f,0.0001f,0.0001f,-1f,0.4961f,0f,0f,0f,1f],start_interpolation: 0,interpolation_duration: 1}
$data merge entity $(bone_trigger_part) {transformation: [-0.9997f,-0.0231f,-0.0001f,-0.2028f,-0.0231f,0.9997f,0.0001f,-0.7314f,0.0001f,0.0001f,-1f,0.5156f,0f,0f,0f,1f],start_interpolation: 0,interpolation_duration: 1}
$data merge entity $(bone_chrome_shotgun) {transformation: [-0.9997f,-0.0231f,-0.0001f,-0.1881f,-0.0231f,0.9997f,0.0001f,-0.6904f,0.0001f,0.0001f,-1f,0.5313f,0f,0f,0f,1f],start_interpolation: 0,interpolation_duration: 1}
$data merge entity $(bone_shotgun_shell1) {transformation: [0f,0f,0f,-0.1756f,0f,0f,0f,-0.687f,0f,0f,0f,0.4546f,0f,0f,0f,1f],start_interpolation: 0,interpolation_duration: 1}
$data merge entity $(bone_right_arm) {transformation: [-0.9912f,-0.1306f,0.0231f,-0.2812f,-0.0229f,-0.0029f,-0.9997f,-0.7238f,0.1306f,-0.9914f,-0.0001f,0.125f,0f,0f,0f,1f],start_interpolation: 0,interpolation_duration: 1}
$data merge entity $(bone_left_arm) {transformation: [-0.8458f,0.4959f,-0.1968f,-0.0156f,0.2801f,0.0987f,-0.9549f,-0.7177f,-0.4541f,-0.8627f,-0.2224f,0.7505f,0f,0f,0f,1f],start_interpolation: 0,interpolation_duration: 1}
data modify entity @s data merge value {"cameras":{},"locators":{"barrel":{"px":-0.20449245900784233,"py":-0.6564969593444854,"pz":1.187521687899968,"ry":359.993755365599,"rx":0.005707192269328699}}}