# This file was generated by Animated Java via MC-Build. It is not recommended to edit this file directly.
$data merge entity $(bone_shotgun_shell) {transformation: [0f,0f,0f,0.1412f,0f,0f,0f,-0.711f,0f,0f,0f,0.5237f,0f,0f,0f,1f],start_interpolation: 0,interpolation_duration: 1}
$data merge entity $(bone_clock) {transformation: [-0.5845f,0.8114f,0.0027f,0.0112f,0.8113f,0.5846f,-0.0034f,-0.9158f,-0.0044f,0.0002f,-1f,1.3428f,0f,0f,0f,1f],start_interpolation: 0,interpolation_duration: 1}
$data merge entity $(bone_barrel) {transformation: [-0.5845f,0.8114f,0.0027f,0.0632f,0.8113f,0.5846f,-0.0034f,-0.8808f,-0.0044f,0.0002f,-1f,0.874f,0f,0f,0f,1f],start_interpolation: 0,interpolation_duration: 1}
$data merge entity $(bone_trigger) {transformation: [-0.5845f,0.8114f,0.0027f,0.0008f,0.8113f,0.5846f,-0.0034f,-0.8507f,-0.0044f,0.0002f,-1f,0.5223f,0f,0f,0f,1f],start_interpolation: 0,interpolation_duration: 1}
$data merge entity $(bone_trigger_part) {transformation: [-0.5845f,0.8114f,0.0027f,-0.013f,0.8113f,0.5846f,-0.0034f,-0.8604f,-0.0044f,0.0002f,-1f,0.5613f,0f,0f,0f,1f],start_interpolation: 0,interpolation_duration: 1}
$data merge entity $(bone_chrome_shotgun) {transformation: [-0.5988f,0.8311f,0.0028f,0.0711f,0.8311f,0.5988f,-0.0035f,-0.8382f,-0.0045f,0.0002f,-1.0243f,0.5927f,0f,0f,0f,1f],start_interpolation: 0,interpolation_duration: 1}
$data merge entity $(bone_right_arm) {transformation: [-0.5799f,-0.0736f,-0.8114f,-0.087f,0.8048f,0.1025f,-0.5846f,-0.7254f,0.1262f,-0.992f,-0.0002f,-0.2207f,0f,0f,0f,1f],start_interpolation: 0,interpolation_duration: 1}
$data merge entity $(bone_left_arm) {transformation: [-0.2462f,0.3643f,-0.8982f,0.2567f,0.8543f,-0.3562f,-0.3786f,-1.2029f,-0.4578f,-0.8605f,-0.2235f,1.0007f,0f,0f,0f,1f],start_interpolation: 0,interpolation_duration: 1}