# This file was generated by Animated Java via MC-Build. It is not recommended to edit this file directly.
$data merge entity $(bone_shotgun_shell) {transformation: [0f,0f,0f,0.1568f,0f,0f,0f,-0.7337f,0f,0f,0f,0.2145f,0f,0f,0f,1f],start_interpolation: 0,interpolation_duration: 1}
$data merge entity $(bone_clock) {transformation: [-0.5732f,0.8194f,-0.0009f,0.0918f,0.8194f,0.5732f,-0.0061f,-0.8347f,-0.0044f,-0.0042f,-1f,0.5308f,0f,0f,0f,1f],start_interpolation: 0,interpolation_duration: 1}
$data merge entity $(bone_barrel1) {transformation: [-0.5732f,0.8194f,-0.0009f,0.1173f,0.8194f,0.5732f,-0.0061f,-0.8176f,-0.0044f,-0.0042f,-1f,0.3901f,0f,0f,0f,1f],start_interpolation: 0,interpolation_duration: 1}
$data merge entity $(bone_trigger) {transformation: [-0.5732f,0.8194f,-0.0009f,0.0856f,0.8194f,0.5732f,-0.0061f,-0.8025f,-0.0044f,-0.0042f,-1f,0.2143f,0f,0f,0f,1f],start_interpolation: 0,interpolation_duration: 1}
$data merge entity $(bone_trigger_part) {transformation: [-0.5732f,0.8194f,-0.0009f,0.0787f,0.8194f,0.5732f,-0.0061f,-0.8073f,-0.0044f,-0.0042f,-1f,0.2338f,0f,0f,0f,1f],start_interpolation: 0,interpolation_duration: 1}
$data merge entity $(bone_chrome_shotgun) {transformation: [-0.5732f,0.8194f,-0.0009f,0.121f,0.8194f,0.5732f,-0.0061f,-0.7967f,-0.0044f,-0.0042f,-1f,0.2493f,0f,0f,0f,1f],start_interpolation: 0,interpolation_duration: 1}
$data merge entity $(bone_shotgun_shell1) {transformation: [0f,0f,0f,0.1307f,0f,0f,0f,-0.8057f,0f,0f,0f,0.1727f,0f,0f,0f,1f],start_interpolation: 0,interpolation_duration: 1}
$data merge entity $(bone_right_arm) {transformation: [-0.5682f,-0.0757f,-0.8194f,0.0412f,0.8132f,0.1009f,-0.5732f,-0.7402f,0.1261f,-0.992f,0.0042f,-0.1572f,0f,0f,0f,1f],start_interpolation: 0,interpolation_duration: 1}
$data merge entity $(bone_left_arm) {transformation: [-0.2359f,0.3561f,-0.9042f,0.2074f,0.8564f,-0.3635f,-0.3666f,-0.974f,-0.4592f,-0.8608f,-0.2193f,0.3525f,0f,0f,0f,1f],start_interpolation: 0,interpolation_duration: 1}
data modify entity @s data merge value {"cameras":{},"locators":{"barrel":{"px":0.14079402166829624,"py":-0.7601994272738023,"pz":0.9053294906755567,"ry":359.94640668889656,"rx":-0.3472071488750923}}}
execute on vehicle unless entity @s[tag=aj.transforms_only] at @s run function animated_java:chrome_shotgun/animations/equip/zzz/frames/4_root_function