# This file was generated by Animated Java via MC-Build. It is not recommended to edit this file directly.
$data merge entity $(bone_shotgun_shell) {transformation: [0f,0f,0f,0.136f,0f,0f,0f,-0.8802f,0f,0f,0f,0.5583f,0f,0f,0f,1f],start_interpolation: 0,interpolation_duration: 1}
$data merge entity $(bone_clock) {transformation: [-0.5732f,0.8194f,-0.0009f,0.071f,0.8194f,0.5732f,-0.0061f,-0.981f,-0.0044f,-0.0042f,-1f,0.9058f,0f,0f,0f,1f],start_interpolation: 0,interpolation_duration: 1}
$data merge entity $(bone_barrel1) {transformation: [-0.5732f,0.8194f,-0.0009f,0.0964f,0.8194f,0.5732f,-0.0061f,-0.9641f,-0.0044f,-0.0042f,-1f,0.7338f,0f,0f,0f,1f],start_interpolation: 0,interpolation_duration: 1}
$data merge entity $(bone_trigger) {transformation: [-0.5732f,0.8194f,-0.0009f,0.0648f,0.8194f,0.5732f,-0.0061f,-0.9491f,-0.0044f,-0.0042f,-1f,0.558f,0f,0f,0f,1f],start_interpolation: 0,interpolation_duration: 1}
$data merge entity $(bone_trigger_part) {transformation: [-0.5732f,0.8194f,-0.0009f,0.0579f,0.8194f,0.5732f,-0.0061f,-0.9538f,-0.0044f,-0.0042f,-1f,0.5775f,0f,0f,0f,1f],start_interpolation: 0,interpolation_duration: 1}
$data merge entity $(bone_chrome_shotgun) {transformation: [-0.5732f,0.8194f,-0.0009f,0.1001f,0.8194f,0.5732f,-0.0061f,-0.9432f,-0.0044f,-0.0042f,-1f,0.5931f,0f,0f,0f,1f],start_interpolation: 0,interpolation_duration: 1}
$data merge entity $(bone_shotgun_shell1) {transformation: [0f,0f,0f,0.1099f,0f,0f,0f,-0.9523f,0f,0f,0f,0.5164f,0f,0f,0f,1f],start_interpolation: 0,interpolation_duration: 1}
$data merge entity $(bone_right_arm) {transformation: [-0.5682f,-0.0757f,-0.8194f,0.0204f,0.8132f,0.1009f,-0.5732f,-0.8868f,0.1261f,-0.992f,0.0042f,0.1865f,0f,0f,0f,1f],start_interpolation: 0,interpolation_duration: 1}
$data merge entity $(bone_left_arm) {transformation: [-0.2359f,0.3561f,-0.9042f,0.1821f,0.8564f,-0.3635f,-0.3666f,-1.1139f,-0.4592f,-0.8608f,-0.2193f,0.7359f,0f,0f,0f,1f],start_interpolation: 0,interpolation_duration: 1}
data modify entity @s data merge value {"cameras":{},"locators":{"barrel":{"px":0.11996068833496285,"py":-0.9067410939404691,"pz":1.2490794906755567,"ry":359.94640668889656,"rx":-0.3472071488750923}}}