# This file was generated by Animated Java via MC-Build. It is not recommended to edit this file directly.
$data merge entity $(bone_shotgun_shell) {transformation: [0f,0f,0f,0.2984f,0f,0f,0f,-0.8983f,0f,0f,0f,0.5228f,0f,0f,0f,1f],start_interpolation: 0,interpolation_duration: 1}
$data merge entity $(bone_clock) {transformation: [-0.5733f,0.8194f,-0.0009f,0.1686f,0.8194f,0.5733f,-0.006f,-1.0991f,-0.0044f,-0.0042f,-1f,1.3429f,0f,0f,0f,1f],start_interpolation: 0,interpolation_duration: 1}
$data merge entity $(bone_barrel) {transformation: [-0.5733f,0.8194f,-0.0009f,0.2194f,0.8194f,0.5733f,-0.006f,-1.0662f,-0.0044f,-0.0042f,-1f,0.8739f,0f,0f,0f,1f],start_interpolation: 0,interpolation_duration: 1}
$data merge entity $(bone_trigger) {transformation: [-0.5733f,0.8194f,-0.0009f,0.1561f,0.8194f,0.5733f,-0.006f,-1.0361f,-0.0044f,-0.0042f,-1f,0.5223f,0f,0f,0f,1f],start_interpolation: 0,interpolation_duration: 1}
$data merge entity $(bone_trigger_part) {transformation: [-0.5733f,0.8194f,-0.0009f,0.1423f,0.8194f,0.5733f,-0.006f,-1.0455f,-0.0044f,-0.0042f,-1f,0.5613f,0f,0f,0f,1f],start_interpolation: 0,interpolation_duration: 1}
$data merge entity $(bone_chrome_shotgun) {transformation: [-0.5872f,0.8393f,-0.0009f,0.2268f,0.8393f,0.5872f,-0.0062f,-1.0243f,-0.0045f,-0.0043f,-1.0243f,0.5924f,0f,0f,0f,1f],start_interpolation: 0,interpolation_duration: 1}
$data merge entity $(bone_right_arm) {transformation: [-0.5682f,-0.0757f,-0.8194f,0.0673f,0.8131f,0.1009f,-0.5733f,-0.9115f,0.1261f,-0.992f,0.0042f,-0.2207f,0f,0f,0f,1f],start_interpolation: 0,interpolation_duration: 1}
$data merge entity $(bone_left_arm) {transformation: [-0.236f,0.3562f,-0.9041f,0.4088f,0.8564f,-0.3634f,-0.3667f,-1.3906f,-0.4592f,-0.8609f,-0.2193f,1.0007f,0f,0f,0f,1f],start_interpolation: 0,interpolation_duration: 1}