# This file was generated by Animated Java via MC-Build. It is not recommended to edit this file directly.
$data merge entity $(bone_shotgun_shell) {transformation: [0f,0f,0f,0.0943f,0f,0f,0f,-0.642f,0f,0f,0f,0.5583f,0f,0f,0f,1f],start_interpolation: 0,interpolation_duration: 1}
$data merge entity $(bone_clock) {transformation: [-0.5732f,0.8194f,-0.0009f,0.0294f,0.8194f,0.5732f,-0.0061f,-0.7425f,-0.0044f,-0.0042f,-1f,0.9683f,0f,0f,0f,1f],start_interpolation: 0,interpolation_duration: 1}
$data merge entity $(bone_barrel1) {transformation: [-0.5732f,0.8194f,-0.0009f,0.0548f,0.8194f,0.5732f,-0.0061f,-0.726f,-0.0044f,-0.0042f,-1f,0.7338f,0f,0f,0f,1f],start_interpolation: 0,interpolation_duration: 1}
$data merge entity $(bone_trigger) {transformation: [-0.5732f,0.8194f,-0.0009f,0.0231f,0.8194f,0.5732f,-0.0061f,-0.7109f,-0.0044f,-0.0042f,-1f,0.558f,0f,0f,0f,1f],start_interpolation: 0,interpolation_duration: 1}
$data merge entity $(bone_trigger_part) {transformation: [-0.5732f,0.8194f,-0.0009f,0.0162f,0.8194f,0.5732f,-0.0061f,-0.7156f,-0.0044f,-0.0042f,-1f,0.5775f,0f,0f,0f,1f],start_interpolation: 0,interpolation_duration: 1}
$data merge entity $(bone_chrome_shotgun) {transformation: [-0.5732f,0.8194f,-0.0009f,0.0585f,0.8194f,0.5732f,-0.0061f,-0.7051f,-0.0044f,-0.0042f,-1f,0.5931f,0f,0f,0f,1f],start_interpolation: 0,interpolation_duration: 1}
$data merge entity $(bone_shotgun_shell1) {transformation: [0f,0f,0f,0.0682f,0f,0f,0f,-0.7141f,0f,0f,0f,0.5164f,0f,0f,0f,1f],start_interpolation: 0,interpolation_duration: 1}
$data merge entity $(bone_right_arm) {transformation: [-0.5682f,-0.0757f,-0.8194f,-0.0213f,0.8132f,0.1009f,-0.5732f,-0.6486f,0.1261f,-0.992f,0.0042f,0.1865f,0f,0f,0f,1f],start_interpolation: 0,interpolation_duration: 1}
$data merge entity $(bone_left_arm) {transformation: [-0.2359f,0.3561f,-0.9042f,0.1316f,0.8564f,-0.3635f,-0.3666f,-0.8625f,-0.4592f,-0.8608f,-0.2193f,0.8152f,0f,0f,0f,1f],start_interpolation: 0,interpolation_duration: 1}
data modify entity @s data merge value {"cameras":{},"locators":{"barrel":{"px":0.07829402166829619,"py":-0.6685744272738025,"pz":1.2490794906755567,"ry":359.94640668889656,"rx":-0.3472071488750923}}}