# This file was generated by Animated Java via MC-Build. It is not recommended to edit this file directly.
$data merge entity $(bone_shotgun_shell) {transformation: [0f,0f,0f,0.0652f,0f,0f,0f,-0.5393f,0f,0f,0f,0.2771f,0f,0f,0f,1f],start_interpolation: 0,interpolation_duration: 1}
$data merge entity $(bone_clock) {transformation: [-0.6091f,0.7931f,-0.0006f,0.0048f,0.7931f,0.6091f,-0.0058f,-0.6426f,-0.0042f,-0.004f,-1f,0.6871f,0f,0f,0f,1f],start_interpolation: 0,interpolation_duration: 1}
$data merge entity $(bone_barrel1) {transformation: [-0.6091f,0.7931f,-0.0006f,0.0294f,0.7931f,0.6091f,-0.0058f,-0.6249f,-0.0042f,-0.004f,-1f,0.4526f,0f,0f,0f,1f],start_interpolation: 0,interpolation_duration: 1}
$data merge entity $(bone_trigger) {transformation: [-0.6091f,0.7931f,-0.0006f,-0.0028f,0.7931f,0.6091f,-0.0058f,-0.6113f,-0.0042f,-0.004f,-1f,0.2768f,0f,0f,0f,1f],start_interpolation: 0,interpolation_duration: 1}
$data merge entity $(bone_trigger_part) {transformation: [-0.6091f,0.7931f,-0.0006f,-0.0095f,0.7931f,0.6091f,-0.0058f,-0.6163f,-0.0042f,-0.004f,-1f,0.2963f,0f,0f,0f,1f],start_interpolation: 0,interpolation_duration: 1}
$data merge entity $(bone_chrome_shotgun) {transformation: [-0.6091f,0.7931f,-0.0006f,0.0322f,0.7931f,0.6091f,-0.0058f,-0.6039f,-0.0042f,-0.004f,-1f,0.3118f,0f,0f,0f,1f],start_interpolation: 0,interpolation_duration: 1}
$data merge entity $(bone_shotgun_shell1) {transformation: [0f,0f,0f,0.0424f,0f,0f,0f,-0.6125f,0f,0f,0f,0.2352f,0f,0f,0f,1f],start_interpolation: 0,interpolation_duration: 1}
$data merge entity $(bone_right_arm) {transformation: [-0.6038f,-0.0801f,-0.7931f,-0.0499f,0.7871f,0.0978f,-0.6091f,-0.5509f,0.1263f,-0.992f,0.004f,-0.0947f,0f,0f,0f,1f],start_interpolation: 0,interpolation_duration: 1}
$data merge entity $(bone_left_arm) {transformation: [-0.2738f,0.372f,-0.887f,0.1123f,0.8452f,-0.347f,-0.4064f,-0.7579f,-0.459f,-0.8609f,-0.2194f,0.5338f,0f,0f,0f,1f],start_interpolation: 0,interpolation_duration: 1}
data modify entity @s data merge value {"cameras":{},"locators":{"barrel":{"px":0.05038107617327631,"py":-0.5667146137573998,"pz":0.9678729765440257,"ry":359.9636616868146,"rx":-0.3330725356342716}}}