# This file was generated by Animated Java via MC-Build. It is not recommended to edit this file directly.
$data merge entity $(bone_shotgun_shell) {transformation: [0f,0f,0f,0.1277f,0f,0f,0f,-0.6643f,0f,0f,0f,0.2146f,0f,0f,0f,1f],start_interpolation: 0,interpolation_duration: 1}
$data merge entity $(bone_clock) {transformation: [-0.6091f,0.7931f,-0.0006f,0.0673f,0.7931f,0.6091f,-0.0058f,-0.7676f,-0.0042f,-0.004f,-1f,0.6246f,0f,0f,0f,1f],start_interpolation: 0,interpolation_duration: 1}
$data merge entity $(bone_barrel1) {transformation: [-0.6091f,0.7931f,-0.0006f,0.0919f,0.7931f,0.6091f,-0.0058f,-0.7499f,-0.0042f,-0.004f,-1f,0.3901f,0f,0f,0f,1f],start_interpolation: 0,interpolation_duration: 1}
$data merge entity $(bone_trigger) {transformation: [-0.6091f,0.7931f,-0.0006f,0.0597f,0.7931f,0.6091f,-0.0058f,-0.7363f,-0.0042f,-0.004f,-1f,0.2143f,0f,0f,0f,1f],start_interpolation: 0,interpolation_duration: 1}
$data merge entity $(bone_trigger_part) {transformation: [-0.6091f,0.7931f,-0.0006f,0.053f,0.7931f,0.6091f,-0.0058f,-0.7413f,-0.0042f,-0.004f,-1f,0.2338f,0f,0f,0f,1f],start_interpolation: 0,interpolation_duration: 1}
$data merge entity $(bone_chrome_shotgun) {transformation: [-0.6091f,0.7931f,-0.0006f,0.0947f,0.7931f,0.6091f,-0.0058f,-0.7289f,-0.0042f,-0.004f,-1f,0.2493f,0f,0f,0f,1f],start_interpolation: 0,interpolation_duration: 1}
$data merge entity $(bone_shotgun_shell1) {transformation: [0f,0f,0f,0.1049f,0f,0f,0f,-0.7375f,0f,0f,0f,0.1727f,0f,0f,0f,1f],start_interpolation: 0,interpolation_duration: 1}
$data merge entity $(bone_right_arm) {transformation: [-0.6038f,-0.0801f,-0.7931f,0.0126f,0.7871f,0.0978f,-0.6091f,-0.6759f,0.1263f,-0.992f,0.004f,-0.1572f,0f,0f,0f,1f],start_interpolation: 0,interpolation_duration: 1}
$data merge entity $(bone_left_arm) {transformation: [-0.2738f,0.372f,-0.887f,0.1748f,0.8452f,-0.347f,-0.4064f,-0.8829f,-0.459f,-0.8609f,-0.2194f,0.4713f,0f,0f,0f,1f],start_interpolation: 0,interpolation_duration: 1}
data modify entity @s data merge value {"cameras":{},"locators":{"barrel":{"px":0.11288107617327632,"py":-0.6917146137573998,"pz":0.9053729765440257,"ry":359.9636616868146,"rx":-0.3330725356342716}}}