# This file was generated by Animated Java via MC-Build. It is not recommended to edit this file directly.
$data merge entity $(bone_magazine) {transformation: [-0.9924f,-0.052f,-0.1115f,-0.1945f,-0.0421f,0.9951f,-0.0895f,-0.4635f,0.1156f,-0.0842f,-0.9897f,0.2754f,0f,0f,0f,1f],start_interpolation: 0,interpolation_duration: 0}
$data merge entity $(bone_chamber) {transformation: [-0.9924f,-0.052f,-0.1115f,-0.1757f,-0.0421f,0.9951f,-0.0895f,-0.4078f,0.1156f,-0.0842f,-0.9897f,0.4577f,0f,0f,0f,1f],start_interpolation: 0,interpolation_duration: 0}
$data merge entity $(bone_akm1) {transformation: [-0.9924f,-0.052f,-0.1115f,-0.1757f,-0.0421f,0.9951f,-0.0895f,-0.4078f,0.1156f,-0.0842f,-0.9897f,0.4577f,0f,0f,0f,1f],start_interpolation: 0,interpolation_duration: 0}
$data merge entity $(bone_magazine2) {transformation: [0f,0f,0f,-0.2021f,0f,0f,0f,-0.4549f,0f,0f,0f,0.2139f,0f,0f,0f,1f],start_interpolation: 0,interpolation_duration: 0}
$data merge entity $(bone_right_arm) {transformation: [-0.9924f,-0.1115f,0.052f,-0.25f,-0.0421f,-0.0895f,-0.9951f,-0.5445f,0.1156f,-0.9897f,0.0842f,-0.1221f,0f,0f,0f,1f],start_interpolation: 0,interpolation_duration: 0}
$data merge entity $(bone_forearm) {transformation: [0.0211f,0.5659f,-0.8242f,0.0002f,0.7205f,-0.5802f,-0.3799f,-0.6123f,-0.6932f,-0.5858f,-0.4199f,0.3964f,0f,0f,0f,1f],start_interpolation: 0,interpolation_duration: 0}
$data merge entity $(bone_magazine1) {transformation: [0f,0f,0f,0.0357f,0f,0f,0f,-0.3346f,0f,0f,0f,0.646f,0f,0f,0f,1f],start_interpolation: 0,interpolation_duration: 0}
$data merge entity $(bone_chamber1) {transformation: [0f,0f,0f,0.0357f,0f,0f,0f,-0.3346f,0f,0f,0f,0.646f,0f,0f,0f,1f],start_interpolation: 0,interpolation_duration: 0}
$data merge entity $(bone_akm3) {transformation: [0f,0f,0f,0.0357f,0f,0f,0f,-0.3346f,0f,0f,0f,0.646f,0f,0f,0f,1f],start_interpolation: 0,interpolation_duration: 0}
$data merge entity $(bone_muzzleflash) {transformation: [0f,0f,0f,-0.2031f,0f,0f,0f,-0.7703f,0f,0f,0f,0.4f,0f,0f,0f,1f],start_interpolation: 0,interpolation_duration: 0}
data modify entity @s data merge value {"cameras":{},"locators":{"akm":{"px":-0.12420657252716275,"py":-0.3270132978073498,"pz":0.9287637688175303,"ry":353.5722777876605,"rx":-5.136965991838625},"akm2":{"px":0.035684996413305366,"py":-0.334642455983868,"pz":0.6459633878986896,"ry":352.40679907142953,"rx":-14.96317318533948}}}
execute on vehicle unless entity @s[tag=aj.transforms_only] at @s run function animated_java:akm/animations/reload2/zzz/frames/0_root_function