# This file was generated by Animated Java via MC-Build. It is not recommended to edit this file directly.
$data merge entity $(bone_magazine) {transformation: [-0.9975f,0.0007f,-0.0701f,-0.1738f,0.0128f,0.9851f,-0.1716f,-0.4954f,0.069f,-0.1721f,-0.9827f,0.1914f,0f,0f,0f,1f],start_interpolation: 0,interpolation_duration: 2}
$data merge entity $(bone_chamber) {transformation: [-0.9975f,0.0007f,-0.0701f,-0.1606f,0.0128f,0.9851f,-0.1716f,-0.4247f,0.069f,-0.1721f,-0.9827f,0.3689f,0f,0f,0f,1f],start_interpolation: 0,interpolation_duration: 2}
$data merge entity $(bone_akm1) {transformation: [-0.9975f,0.0007f,-0.0701f,-0.1606f,0.0128f,0.9851f,-0.1716f,-0.4247f,0.069f,-0.1721f,-0.9827f,0.3689f,0f,0f,0f,1f],start_interpolation: 0,interpolation_duration: 2}
$data merge entity $(bone_magazine2) {transformation: [-0.0468f,0.0013f,-0.0021f,-0.1778f,0.0006f,0.0447f,0.014f,-0.4986f,0.0024f,0.014f,-0.0447f,0.1273f,0f,0f,0f,1f],start_interpolation: 0,interpolation_duration: 2}
$data merge entity $(bone_right_arm) {transformation: [-0.9975f,-0.0701f,-0.001f,-0.2149f,0.0131f,-0.1716f,-0.9851f,-0.6086f,0.0689f,-0.9827f,0.1721f,-0.1999f,0f,0f,0f,1f],start_interpolation: 0,interpolation_duration: 2}
$data merge entity $(bone_forearm) {transformation: [-0.1111f,0.4988f,-0.8596f,0.0489f,0.7305f,-0.5454f,-0.4109f,-0.6413f,-0.6738f,-0.6736f,-0.3038f,0.3075f,0f,0f,0f,1f],start_interpolation: 0,interpolation_duration: 2}
$data merge entity $(bone_magazine1) {transformation: [0f,0f,0f,0.0634f,0f,0f,0f,-0.3707f,0f,0f,0f,0.5384f,0f,0f,0f,1f],start_interpolation: -1,interpolation_duration: 0}
$data merge entity $(bone_chamber1) {transformation: [0f,0f,0f,0.0634f,0f,0f,0f,-0.3707f,0f,0f,0f,0.5384f,0f,0f,0f,1f],start_interpolation: -1,interpolation_duration: 0}
$data merge entity $(bone_akm3) {transformation: [0f,0f,0f,0.0634f,0f,0f,0f,-0.3707f,0f,0f,0f,0.5384f,0f,0f,0f,1f],start_interpolation: -1,interpolation_duration: 0}
data modify entity @s data merge value {"cameras":{},"locators":{"akm":{"px":-0.1269840531609044,"py":-0.3049327983859993,"pz":0.8332215992701777,"ry":355.9175229610011,"rx":-9.883027336513155},"akm2":{"px":0.06337257917543035,"py":-0.3707140002778864,"pz":0.5383730340737947,"ry":350.3941257036216,"rx":-16.899761577830503}}}