# This file was generated by Animated Java via MC-Build. It is not recommended to edit this file directly.
$data merge entity $(bone_magazine) {transformation: [-0.9958f,-0.029f,-0.0869f,-0.1826f,-0.0168f,0.9903f,-0.1382f,-0.4819f,0.0901f,-0.1362f,-0.9866f,0.19f,0f,0f,0f,1f],start_interpolation: -1,interpolation_duration: 0}
$data merge entity $(bone_chamber) {transformation: [-0.9958f,-0.029f,-0.0869f,-0.1675f,-0.0168f,0.9903f,-0.1382f,-0.4173f,0.0901f,-0.1362f,-0.9866f,0.3697f,0f,0f,0f,1f],start_interpolation: -1,interpolation_duration: 0}
$data merge entity $(bone_akm1) {transformation: [-0.9958f,-0.029f,-0.0869f,-0.1675f,-0.0168f,0.9903f,-0.1382f,-0.4173f,0.0901f,-0.1362f,-0.9866f,0.3697f,0f,0f,0f,1f],start_interpolation: -1,interpolation_duration: 0}
$data merge entity $(bone_magazine2) {transformation: [0f,0f,0f,-0.1885f,0f,0f,0f,-0.481f,0f,0f,0f,0.1244f,0f,0f,0f,1f],start_interpolation: -1,interpolation_duration: 0}
$data merge entity $(bone_right_arm) {transformation: [-0.996f,-0.0869f,0.0224f,-0.2299f,-0.0102f,-0.1382f,-0.9903f,-0.5824f,0.0892f,-0.9866f,0.1368f,-0.2064f,0f,0f,0f,1f],start_interpolation: 0,interpolation_duration: 2}
$data merge entity $(bone_forearm) {transformation: [-0.0559f,0.5237f,-0.8501f,0.0287f,0.7295f,-0.5599f,-0.3929f,-0.6295f,-0.6817f,-0.6421f,-0.3508f,0.3066f,0f,0f,0f,1f],start_interpolation: 0,interpolation_duration: 2}
$data merge entity $(bone_magazine1) {transformation: [0f,0f,0f,0.0518f,0f,0f,0f,-0.3564f,0f,0f,0f,0.5444f,0f,0f,0f,1f],start_interpolation: -1,interpolation_duration: 0}
$data merge entity $(bone_chamber1) {transformation: [0f,0f,0f,0.0518f,0f,0f,0f,-0.3564f,0f,0f,0f,0.5444f,0f,0f,0f,1f],start_interpolation: -1,interpolation_duration: 0}
$data merge entity $(bone_akm3) {transformation: [0f,0f,0f,0.0518f,0f,0f,0f,-0.3564f,0f,0f,0f,0.5444f,0f,0f,0f,1f],start_interpolation: -1,interpolation_duration: 0}
data modify entity @s data merge value {"cameras":{},"locators":{"akm":{"px":-0.1269541783020368,"py":-0.31337658789235,"pz":0.837265813983869,"ry":354.9664366512262,"rx":-7.946387926504344},"akm2":{"px":0.05175609894725952,"py":-0.3563810461851695,"pz":0.5444011773972528,"ry":351.09622294201876,"rx":-16.61446040758644}}}