# This file was generated by Animated Java via MC-Build. It is not recommended to edit this file directly.
$data merge entity $(bone_magazine) {transformation: [-0.9965f,-0.0218f,-0.0806f,-0.1792f,-0.0099f,0.9893f,-0.1453f,-0.481f,0.0829f,-0.144f,-0.9861f,0.2859f,0f,0f,0f,1f],start_interpolation: -1,interpolation_duration: 0}
$data merge entity $(bone_chamber) {transformation: [-0.9965f,-0.0218f,-0.0806f,-0.1649f,-0.0099f,0.9893f,-0.1453f,-0.4151f,0.0829f,-0.144f,-0.9861f,0.4652f,0f,0f,0f,1f],start_interpolation: -1,interpolation_duration: 0}
$data merge entity $(bone_akm1) {transformation: [-0.9965f,-0.0218f,-0.0806f,-0.1649f,-0.0099f,0.9893f,-0.1453f,-0.4151f,0.0829f,-0.144f,-0.9861f,0.4652f,0f,0f,0f,1f],start_interpolation: -1,interpolation_duration: 0}
$data merge entity $(bone_magazine2) {transformation: [0f,0f,0f,-0.1846f,0f,0f,0f,-0.4815f,0f,0f,0f,0.2195f,0f,0f,0f,1f],start_interpolation: -1,interpolation_duration: 0}
$data merge entity $(bone_right_arm) {transformation: [-0.9967f,-0.0805f,0.0139f,-0.2243f,-0.0019f,-0.1472f,-0.9891f,-0.5847f,0.0817f,-0.9858f,0.1466f,-0.1103f,0f,0f,0f,1f],start_interpolation: 0,interpolation_duration: 1}
$data merge entity $(bone_forearm) {transformation: [-0.0765f,0.5141f,-0.8543f,0.0363f,0.7329f,-0.552f,-0.3977f,-0.6283f,-0.676f,-0.6565f,-0.3346f,0.4006f,0f,0f,0f,1f],start_interpolation: 0,interpolation_duration: 1}
$data merge entity $(bone_magazine1) {transformation: [0f,0f,0f,11.9043f,0f,0f,0f,-28.3947f,0f,0f,0f,7.1386f,0f,0f,0f,1f],start_interpolation: -1,interpolation_duration: 0}
$data merge entity $(bone_chamber1) {transformation: [0f,0f,0f,11.9043f,0f,0f,0f,-28.3947f,0f,0f,0f,7.1386f,0f,0f,0f,1f],start_interpolation: -1,interpolation_duration: 0}
$data merge entity $(bone_akm3) {transformation: [0f,0f,0f,11.9043f,0f,0f,0f,-28.3947f,0f,0f,0f,7.1386f,0f,0f,0f,1f],start_interpolation: -1,interpolation_duration: 0}
data modify entity @s data merge value {"cameras":{},"locators":{"akm":{"px":-0.1271462513474624,"py":-0.3077908138200035,"pz":0.9322531055137548,"ry":355.32815373800474,"rx":-8.353169385423431},"akm2":{"px":11.9043093308344,"py":-28.394659681936357,"pz":7.138587274497652,"ry":351.0867462948489,"rx":-15.016512048042523}}}