# This file was generated by Animated Java via MC-Build. It is not recommended to edit this file directly.
$data merge entity $(bone_magazine) {transformation: [0f,0f,0f,0.1998f,0f,0f,0f,-0.5059f,0f,0f,0f,0.2442f,0f,0f,0f,1f],start_interpolation: 0,interpolation_duration: 2}
$data merge entity $(bone_chamber) {transformation: [0f,0f,0f,0.1998f,0f,0f,0f,-0.5059f,0f,0f,0f,0.2442f,0f,0f,0f,1f],start_interpolation: 0,interpolation_duration: 2}
$data merge entity $(bone_akm1) {transformation: [0f,0f,0f,0.1998f,0f,0f,0f,-0.5059f,0f,0f,0f,0.2442f,0f,0f,0f,1f],start_interpolation: 0,interpolation_duration: 2}
$data merge entity $(bone_magazine2) {transformation: [-0.7177f,0.3849f,-0.0653f,0.0762f,0.2384f,0.324f,-0.7111f,-0.768f,-0.3091f,-0.6437f,-0.3969f,0.22f,0f,0f,0f,1f],start_interpolation: 0,interpolation_duration: 2}
$data merge entity $(bone_right_arm) {transformation: [-0.8441f,-0.3261f,-0.4258f,-0.04f,0.4441f,-0.8701f,-0.214f,-1.0353f,-0.3006f,-0.3697f,0.8792f,0.0939f,0f,0f,0f,1f],start_interpolation: 0,interpolation_duration: 2}
$data merge entity $(bone_forearm) {transformation: [-0.8699f,0.3401f,-0.3571f,0.3467f,0.1111f,-0.5704f,-0.8138f,-0.6748f,-0.4805f,-0.7476f,0.4584f,0.28f,0f,0f,0f,1f],start_interpolation: 0,interpolation_duration: 2}
$data merge entity $(bone_magazine1) {transformation: [0f,0f,0f,0.1393f,0f,0f,0f,-0.6758f,0f,0f,0f,0.2606f,0f,0f,0f,1f],start_interpolation: 0,interpolation_duration: 2}
$data merge entity $(bone_chamber1) {transformation: [-0.7963f,0.605f,-0.003f,0.1635f,0.53f,0.6951f,-0.4857f,-0.5576f,-0.2917f,-0.3883f,-0.8741f,0.4094f,0f,0f,0f,1f],start_interpolation: 0,interpolation_duration: 2}
$data merge entity $(bone_akm3) {transformation: [-0.7963f,0.605f,-0.003f,0.1635f,0.53f,0.6951f,-0.4857f,-0.5576f,-0.2917f,-0.3883f,-0.8741f,0.4094f,0f,0f,0f,1f],start_interpolation: 0,interpolation_duration: 2}
data modify entity @s data merge value {"cameras":{},"locators":{"akm":{"px":0.1998315503602512,"py":-0.5059245465144164,"pz":0.2441578957124233,"ry":318.5901332567031,"rx":-60.465693354253176},"akm2":{"px":0.1879842615817115,"py":-0.29835968775549426,"pz":0.8134551182251131,"ry":359.8033413922758,"rx":-29.05888281688106}}}