# This file was generated by Animated Java via MC-Build. It is not recommended to edit this file directly.
$data merge entity $(bone_magazine) {transformation: [-0.8509f,0.5246f,-0.0277f,0.1254f,0.4081f,0.627f,-0.6636f,-0.7281f,-0.3308f,-0.5759f,-0.7476f,0.2385f,0f,0f,0f,1f],start_interpolation: 0,interpolation_duration: 2}
$data merge entity $(bone_chamber) {transformation: [-0.8509f,0.5246f,-0.0277f,0.1511f,0.4081f,0.627f,-0.6636f,-0.5792f,-0.3308f,-0.5759f,-0.7476f,0.3561f,0f,0f,0f,1f],start_interpolation: 0,interpolation_duration: 2}
$data merge entity $(bone_akm1) {transformation: [-0.8509f,0.5246f,-0.0277f,0.1511f,0.4081f,0.627f,-0.6636f,-0.5792f,-0.3308f,-0.5759f,-0.7476f,0.3561f,0f,0f,0f,1f],start_interpolation: 0,interpolation_duration: 2}
$data merge entity $(bone_magazine2) {transformation: [0.0552f,-0.0321f,-0.0151f,0.112f,-0.0223f,-0.0531f,0.0315f,-0.7989f,0.0276f,0.0214f,0.0556f,0.1952f,0f,0f,0f,1f],start_interpolation: 0,interpolation_duration: 2}
$data merge entity $(bone_right_arm) {transformation: [-0.8509f,-0.0277f,-0.5246f,0.0803f,0.4081f,-0.6636f,-0.627f,-1.0207f,-0.3308f,-0.7476f,0.5759f,-0.0443f,0f,0f,0f,1f],start_interpolation: 0,interpolation_duration: 2}
$data merge entity $(bone_forearm) {transformation: [-0.8931f,0.3113f,-0.3247f,0.3552f,0.0251f,-0.6863f,-0.7269f,-0.721f,-0.4491f,-0.6573f,0.6052f,0.2672f,0f,0f,0f,1f],start_interpolation: 0,interpolation_duration: 2}
$data merge entity $(bone_magazine1) {transformation: [0f,0f,0f,0.1667f,0f,0f,0f,-0.5731f,0f,0f,0f,0.3578f,0f,0f,0f,1f],start_interpolation: 0,interpolation_duration: 2}
$data merge entity $(bone_chamber1) {transformation: [0f,0f,0f,0.1667f,0f,0f,0f,-0.5731f,0f,0f,0f,0.3578f,0f,0f,0f,1f],start_interpolation: 0,interpolation_duration: 2}
$data merge entity $(bone_akm3) {transformation: [0f,0f,0f,0.1667f,0f,0f,0f,-0.5731f,0f,0f,0f,0.3578f,0f,0f,0f,1f],start_interpolation: 0,interpolation_duration: 2}
data modify entity @s data merge value {"cameras":{},"locators":{"akm":{"px":0.18435031183725237,"py":-0.23735156732128937,"pz":0.6924548609259153,"ry":357.88180478679067,"rx":-41.573457969952585},"akm2":{"px":0.16668983398140041,"py":-0.573143748820228,"pz":0.3578292071341444,"ry":354.479510929241,"rx":-42.383209923617684}}}