# This file was generated by Animated Java via MC-Build. It is not recommended to edit this file directly.
$data merge entity $(bone_magazine) {transformation: [-0.8478f,0.5114f,0f,0.2181f,0.4358f,0.5214f,0f,-0.5781f,-0.3022f,-0.6831f,0f,0.4882f,0f,0f,0f,1f],start_interpolation: 0,interpolation_duration: 1}
$data merge entity $(bone_chamber) {transformation: [-0.8478f,0.5114f,0f,0.2381f,0.4358f,0.5214f,0f,-0.5577f,-0.3022f,-0.6831f,0f,0.4615f,0f,0f,0f,1f],start_interpolation: 0,interpolation_duration: 1}
$data merge entity $(bone_akm1) {transformation: [-0.8478f,0.5114f,0f,0.2381f,0.4358f,0.5214f,0f,-0.5577f,-0.3022f,-0.6831f,0f,0.4615f,0f,0f,0f,1f],start_interpolation: 0,interpolation_duration: 1}
$data merge entity $(bone_magazine2) {transformation: [0f,0f,0f,0.1576f,0f,0f,0f,-0.8127f,0f,0f,0f,0.3162f,0f,0f,0f,1f],start_interpolation: 0,interpolation_duration: 1}
$data merge entity $(bone_right_arm) {transformation: [-0.8094f,-0.1488f,-0.568f,0.092f,0.4709f,-0.7424f,-0.4765f,-1.0479f,-0.3508f,-0.6532f,0.671f,0.1048f,0f,0f,0f,1f],start_interpolation: 0,interpolation_duration: 1}
$data merge entity $(bone_forearm) {transformation: [-0.8984f,0.3277f,-0.2926f,0.3624f,-0.0172f,-0.6918f,-0.7219f,-0.7105f,-0.4389f,-0.6435f,0.6271f,0.3644f,0f,0f,0f,1f],start_interpolation: 0,interpolation_duration: 1}
$data merge entity $(bone_magazine1) {transformation: [-0.8344f,0.5492f,-0.0468f,0.1506f,0.4493f,0.6285f,-0.6349f,-0.7209f,-0.3193f,-0.5508f,-0.7712f,0.3568f,0f,0f,0f,1f],start_interpolation: -1,interpolation_duration: 0}
$data merge entity $(bone_chamber1) {transformation: [-0.8344f,0.5492f,-0.0468f,0.1808f,0.4493f,0.6285f,-0.6349f,-0.5773f,-0.3193f,-0.5508f,-0.7712f,0.4798f,0f,0f,0f,1f],start_interpolation: -1,interpolation_duration: 0}
$data merge entity $(bone_akm3) {transformation: [-0.8344f,0.5492f,-0.0468f,0.1808f,0.4493f,0.6285f,-0.6349f,-0.5773f,-0.3193f,-0.5508f,-0.7712f,0.4798f,0f,0f,0f,1f],start_interpolation: -1,interpolation_duration: 0}
data modify entity @s data merge value {"cameras":{},"locators":{"akm":{"px":0.25756614227047275,"py":-0.5378433765845877,"pz":0.43548714536819544,"ry":348.097470516661,"rx":-47.19617124723916},"akm2":{"px":0.22415418242616103,"py":-0.24909287206893221,"pz":0.8283932286044833,"ry":356.5269188139296,"rx":-39.41357055405621}}}
execute on vehicle unless entity @s[tag=aj.transforms_only] at @s run function animated_java:akm/animations/reload2/zzz/frames/10_root_function