# This file was generated by Animated Java via MC-Build. It is not recommended to edit this file directly.
$data merge entity $(bone_magazine) {transformation: [0f,0f,0f,0.2379f,0f,0f,0f,-0.5729f,0f,0f,0f,0.3478f,0f,0f,0f,1f],start_interpolation: -1,interpolation_duration: 0}
$data merge entity $(bone_chamber) {transformation: [0f,0f,0f,0.2379f,0f,0f,0f,-0.5729f,0f,0f,0f,0.3478f,0f,0f,0f,1f],start_interpolation: -1,interpolation_duration: 0}
$data merge entity $(bone_akm1) {transformation: [0f,0f,0f,0.2379f,0f,0f,0f,-0.5729f,0f,0f,0f,0.3478f,0f,0f,0f,1f],start_interpolation: -1,interpolation_duration: 0}
$data merge entity $(bone_magazine2) {transformation: [-0.5316f,0.3734f,0.0781f,0.1576f,0.2422f,0.4339f,-0.4256f,-0.8127f,-0.2947f,-0.3169f,-0.4907f,0.2224f,0f,0f,0f,1f],start_interpolation: 0,interpolation_duration: 2}
$data merge entity $(bone_right_arm) {transformation: [-0.8094f,-0.1488f,-0.568f,0.092f,0.4709f,-0.7424f,-0.4765f,-1.0479f,-0.3508f,-0.6532f,0.671f,0.0111f,0f,0f,0f,1f],start_interpolation: 0,interpolation_duration: 2}
$data merge entity $(bone_forearm) {transformation: [-0.8984f,0.3271f,-0.2932f,0.3624f,-0.0162f,-0.6917f,-0.722f,-0.7107f,-0.439f,-0.6438f,0.6267f,0.2708f,0f,0f,0f,1f],start_interpolation: 0,interpolation_duration: 2}
$data merge entity $(bone_magazine1) {transformation: [0f,0f,0f,0.1545f,0f,0f,0f,-0.723f,0f,0f,0f,0.2647f,0f,0f,0f,1f],start_interpolation: -1,interpolation_duration: 0}
$data merge entity $(bone_chamber1) {transformation: [-0.8349f,0.5498f,-0.0259f,0.1808f,0.4338f,0.6283f,-0.6458f,-0.5773f,-0.3388f,-0.5505f,-0.763f,0.3863f,0f,0f,0f,1f],start_interpolation: -1,interpolation_duration: 0}
$data merge entity $(bone_akm3) {transformation: [-0.8349f,0.5498f,-0.0259f,0.1808f,0.4338f,0.6283f,-0.6458f,-0.5773f,-0.3388f,-0.5505f,-0.763f,0.3863f,0f,0f,0f,1f],start_interpolation: -1,interpolation_duration: 0}
data modify entity @s data merge value {"cameras":{},"locators":{"akm":{"px":0.23792241126623465,"py":-0.5728493403583048,"pz":0.34780042519546117,"ry":347.1667609919371,"rx":-47.93839577590497},"akm2":{"px":0.21419828571467656,"py":-0.2439161078861109,"pz":0.7309385563864337,"ry":358.0548216725059,"rx":-40.22868308396019}}}