# This file was generated by Animated Java via MC-Build. It is not recommended to edit this file directly.
$data merge entity $(bone_magazine) {transformation: [-0.8493f,0f,0f,0.254f,0.4457f,0f,0f,-0.5317f,-0.2828f,0f,0f,0.4294f,0f,0f,0f,1f],start_interpolation: -1,interpolation_duration: 0}
$data merge entity $(bone_chamber) {transformation: [-0.8493f,0f,0f,0.254f,0.4457f,0f,0f,-0.5317f,-0.2828f,0f,0f,0.4294f,0f,0f,0f,1f],start_interpolation: -1,interpolation_duration: 0}
$data merge entity $(bone_akm1) {transformation: [-0.8493f,0f,0f,0.254f,0.4457f,0f,0f,-0.5317f,-0.2828f,0f,0f,0.4294f,0f,0f,0f,1f],start_interpolation: -1,interpolation_duration: 0}
$data merge entity $(bone_magazine2) {transformation: [0f,0f,0f,0.1472f,0f,0f,0f,-0.7999f,0f,0f,0f,0.3243f,0f,0f,0f,1f],start_interpolation: 0,interpolation_duration: 1}
$data merge entity $(bone_right_arm) {transformation: [-0.8144f,-0.2372f,-0.5296f,0.0563f,0.4725f,-0.8008f,-0.368f,-1.0492f,-0.3368f,-0.5499f,0.7643f,0.1445f,0f,0f,0f,1f],start_interpolation: 0,interpolation_duration: 1}
$data merge entity $(bone_forearm) {transformation: [-0.89f,0.3313f,-0.3132f,0.3592f,0.0246f,-0.651f,-0.7586f,-0.7007f,-0.4553f,-0.6829f,0.5713f,0.3697f,0f,0f,0f,1f],start_interpolation: 0,interpolation_duration: 1}
$data merge entity $(bone_magazine1) {transformation: [-0.8227f,0.5672f,-0.0395f,0.1475f,0.4807f,0.6568f,-0.5809f,-0.7077f,-0.3035f,-0.4969f,-0.813f,0.3575f,0f,0f,0f,1f],start_interpolation: 0,interpolation_duration: 1}
$data merge entity $(bone_chamber1) {transformation: [-0.8227f,0.5672f,-0.0395f,0.1771f,0.4807f,0.6568f,-0.5809f,-0.5731f,-0.3035f,-0.4969f,-0.813f,0.4905f,0f,0f,0f,1f],start_interpolation: 0,interpolation_duration: 1}
$data merge entity $(bone_akm3) {transformation: [-0.8227f,0.5672f,-0.0395f,0.1771f,0.4807f,0.6568f,-0.5809f,-0.5731f,-0.3035f,-0.4969f,-0.813f,0.4905f,0f,0f,0f,1f],start_interpolation: 0,interpolation_duration: 1}
data modify entity @s data merge value {"cameras":{},"locators":{"akm":{"px":0.25401481684246563,"py":-0.5317278229225544,"pz":0.4293693409836882,"ry":337.82512091833865,"rx":-52.571971173378245},"akm2":{"px":0.21757356564638602,"py":-0.2697496294895534,"pz":0.8611880506333627,"ry":357.21994314619576,"rx":-35.51423921267409}}}