# This file was generated by Animated Java via MC-Build. It is not recommended to edit this file directly.
$data merge entity $(bone_magazine) {transformation: [0f,0f,0f,0.2416f,0f,0f,0f,-0.5546f,0f,0f,0f,0.4557f,0f,0f,0f,1f],start_interpolation: 0,interpolation_duration: 2}
$data merge entity $(bone_chamber) {transformation: [0f,0f,0f,0.2416f,0f,0f,0f,-0.5546f,0f,0f,0f,0.4557f,0f,0f,0f,1f],start_interpolation: 0,interpolation_duration: 2}
$data merge entity $(bone_akm1) {transformation: [0f,0f,0f,0.2416f,0f,0f,0f,-0.5546f,0f,0f,0f,0.4557f,0f,0f,0f,1f],start_interpolation: 0,interpolation_duration: 2}
$data merge entity $(bone_magazine2) {transformation: [0f,0f,0f,0.1587f,0f,0f,0f,-0.8129f,0f,0f,0f,0.3161f,0f,0f,0f,1f],start_interpolation: 0,interpolation_duration: 2}
$data merge entity $(bone_right_arm) {transformation: [-0.8113f,-0.148f,-0.5656f,0.0928f,0.466f,-0.7479f,-0.4727f,-1.051f,-0.353f,-0.6471f,0.6758f,0.1072f,0f,0f,0f,1f],start_interpolation: 0,interpolation_duration: 2}
$data merge entity $(bone_forearm) {transformation: [-0.8991f,0.3263f,-0.2918f,0.3625f,-0.0196f,-0.6959f,-0.7179f,-0.7113f,-0.4373f,-0.6397f,0.6321f,0.364f,0f,0f,0f,1f],start_interpolation: 0,interpolation_duration: 2}
$data merge entity $(bone_magazine1) {transformation: [-0.8357f,0.5485f,-0.0269f,0.1546f,0.4311f,0.6248f,-0.6509f,-0.7238f,-0.3403f,-0.5556f,-0.7586f,0.3583f,0f,0f,0f,1f],start_interpolation: -1,interpolation_duration: 0}
$data merge entity $(bone_chamber1) {transformation: [-0.8357f,0.5485f,-0.0269f,0.1811f,0.4311f,0.6248f,-0.6509f,-0.5773f,-0.3403f,-0.5556f,-0.7586f,0.4789f,0f,0f,0f,1f],start_interpolation: -1,interpolation_duration: 0}
$data merge entity $(bone_akm3) {transformation: [-0.8357f,0.5485f,-0.0269f,0.1811f,0.4311f,0.6248f,-0.6509f,-0.5773f,-0.3403f,-0.5556f,-0.7586f,0.4789f,0f,0f,0f,1f],start_interpolation: -1,interpolation_duration: 0}
data modify entity @s data merge value {"cameras":{},"locators":{"akm":{"px":0.24164084717456707,"py":-0.554592285491768,"pz":0.4556763306891955,"ry":347.1134024687087,"rx":-48.41169007017055},"akm2":{"px":0.21487913947957965,"py":-0.2416011561329533,"pz":0.8212682731494387,"ry":357.9694151970715,"rx":-40.61303962184497}}}