# This file was generated by Animated Java via MC-Build. It is not recommended to edit this file directly.
$data merge entity $(bone_magazine) {transformation: [-0.8595f,0f,0f,0.2329f,0.4418f,0f,0f,-0.5035f,-0.2572f,0f,0f,0.3842f,0f,0f,0f,1f],start_interpolation: -1,interpolation_duration: 0}
$data merge entity $(bone_chamber) {transformation: [-0.8595f,0f,0f,0.2329f,0.4418f,0f,0f,-0.5035f,-0.2572f,0f,0f,0.3842f,0f,0f,0f,1f],start_interpolation: -1,interpolation_duration: 0}
$data merge entity $(bone_akm1) {transformation: [-0.8595f,0f,0f,0.2329f,0.4418f,0f,0f,-0.5035f,-0.2572f,0f,0f,0.3842f,0f,0f,0f,1f],start_interpolation: -1,interpolation_duration: 0}
$data merge entity $(bone_magazine2) {transformation: [0f,0f,0f,0.1091f,0f,0f,0f,-0.7803f,0f,0f,0f,0.3196f,0f,0f,0f,1f],start_interpolation: 0,interpolation_duration: 1}
$data merge entity $(bone_right_arm) {transformation: [-0.8293f,-0.3005f,-0.4711f,0.0006f,0.4616f,-0.8436f,-0.2744f,-1.0397f,-0.315f,-0.445f,0.8383f,0.1706f,0f,0f,0f,1f],start_interpolation: 0,interpolation_duration: 1}
$data merge entity $(bone_forearm) {transformation: [-0.8776f,0.3388f,-0.3392f,0.3522f,0.0764f,-0.5996f,-0.7966f,-0.6838f,-0.4733f,-0.725f,0.5003f,0.3729f,0f,0f,0f,1f],start_interpolation: 0,interpolation_duration: 1}
$data merge entity $(bone_magazine1) {transformation: [-0.8072f,0.5896f,-0.027f,0.1409f,0.5174f,0.6848f,-0.5131f,-0.6862f,-0.2841f,-0.4282f,-0.8579f,0.3551f,0f,0f,0f,1f],start_interpolation: 0,interpolation_duration: 1}
$data merge entity $(bone_chamber1) {transformation: [-0.8072f,0.5896f,-0.027f,0.169f,0.5174f,0.6848f,-0.5131f,-0.5632f,-0.2841f,-0.4282f,-0.8579f,0.4992f,0f,0f,0f,1f],start_interpolation: 0,interpolation_duration: 1}
$data merge entity $(bone_akm3) {transformation: [-0.8072f,0.5896f,-0.027f,0.169f,0.5174f,0.6848f,-0.5131f,-0.5632f,-0.2841f,-0.4282f,-0.8579f,0.4992f,0f,0f,0f,1f],start_interpolation: 0,interpolation_duration: 1}
data modify entity @s data merge value {"cameras":{},"locators":{"akm":{"px":0.2329432680584462,"py":-0.5034531928584286,"pz":0.3841900861934471,"ry":327.3597712777006,"rx":-56.99276423994368},"akm2":{"px":0.20439662386555274,"py":-0.2912707925209345,"pz":0.8940319909220187,"ry":358.1976496350559,"rx":-30.871213026607197}}}