# This file was generated by Animated Java via MC-Build. It is not recommended to edit this file directly.
$data merge entity $(bone_magazine) {transformation: [0f,0f,0f,0.2288f,0f,0f,0f,-0.5212f,0f,0f,0f,0.2754f,0f,0f,0f,1f],start_interpolation: 0,interpolation_duration: 2}
$data merge entity $(bone_chamber) {transformation: [0f,0f,0f,0.2288f,0f,0f,0f,-0.5212f,0f,0f,0f,0.2754f,0f,0f,0f,1f],start_interpolation: 0,interpolation_duration: 2}
$data merge entity $(bone_akm1) {transformation: [0f,0f,0f,0.2288f,0f,0f,0f,-0.5212f,0f,0f,0f,0.2754f,0f,0f,0f,1f],start_interpolation: 0,interpolation_duration: 2}
$data merge entity $(bone_magazine2) {transformation: [-0.6838f,0.4073f,-0.0386f,0.1091f,0.254f,0.3637f,-0.662f,-0.7803f,-0.3207f,-0.5804f,-0.4419f,0.2259f,0f,0f,0f,1f],start_interpolation: 0,interpolation_duration: 2}
$data merge entity $(bone_right_arm) {transformation: [-0.8293f,-0.3005f,-0.4711f,0.0006f,0.4616f,-0.8436f,-0.2744f,-1.0397f,-0.315f,-0.445f,0.8383f,0.0768f,0f,0f,0f,1f],start_interpolation: 0,interpolation_duration: 2}
$data merge entity $(bone_forearm) {transformation: [-0.8775f,0.3373f,-0.341f,0.352f,0.0792f,-0.5993f,-0.7966f,-0.6842f,-0.473f,-0.726f,0.4992f,0.2795f,0f,0f,0f,1f],start_interpolation: 0,interpolation_duration: 2}
$data merge entity $(bone_magazine1) {transformation: [0f,0f,0f,0.1444f,0f,0f,0f,-0.6885f,0f,0f,0f,0.263f,0f,0f,0f,1f],start_interpolation: 0,interpolation_duration: 2}
$data merge entity $(bone_chamber1) {transformation: [-0.8065f,0.5911f,-0.0085f,0.1691f,0.507f,0.6841f,-0.5244f,-0.5634f,-0.3042f,-0.4273f,-0.8514f,0.406f,0f,0f,0f,1f],start_interpolation: 0,interpolation_duration: 2}
$data merge entity $(bone_akm3) {transformation: [-0.8065f,0.5911f,-0.0085f,0.1691f,0.507f,0.6841f,-0.5244f,-0.5634f,-0.3042f,-0.4273f,-0.8514f,0.406f,0f,0f,0f,1f],start_interpolation: 0,interpolation_duration: 2}
data modify entity @s data merge value {"cameras":{},"locators":{"akm":{"px":0.22875677921294443,"py":-0.521213221519107,"pz":0.275438326524334,"ry":325.9752563730757,"rx":-57.521503540593876},"akm2":{"px":0.19568109876567644,"py":-0.2860897755871856,"pz":0.7976871885790733,"ry":359.42500187422525,"rx":-31.629569756135936}}}