# This file was generated by Animated Java via MC-Build. It is not recommended to edit this file directly.
$data merge entity $(bone_magazine) {transformation: [0f,0f,0f,0.2319f,0f,0f,0f,-0.5762f,0f,0f,0f,0.3501f,0f,0f,0f,1f],start_interpolation: -1,interpolation_duration: 0}
$data merge entity $(bone_chamber) {transformation: [0f,0f,0f,0.2319f,0f,0f,0f,-0.5762f,0f,0f,0f,0.3501f,0f,0f,0f,1f],start_interpolation: -1,interpolation_duration: 0}
$data merge entity $(bone_akm1) {transformation: [0f,0f,0f,0.2319f,0f,0f,0f,-0.5762f,0f,0f,0f,0.3501f,0f,0f,0f,1f],start_interpolation: -1,interpolation_duration: 0}
$data merge entity $(bone_magazine2) {transformation: [0.0597f,-0.0417f,-0.01f,0.1569f,-0.0273f,-0.0502f,0.0462f,-0.8133f,0.033f,0.0339f,0.0562f,0.2196f,0f,0f,0f,1f],start_interpolation: 0,interpolation_duration: 2}
$data merge entity $(bone_right_arm) {transformation: [-0.8114f,-0.1329f,-0.5692f,0.0953f,0.4662f,-0.7345f,-0.4931f,-1.0479f,-0.3526f,-0.6655f,0.6579f,0.005f,0f,0f,0f,1f],start_interpolation: 0,interpolation_duration: 2}
$data merge entity $(bone_forearm) {transformation: [-0.8996f,0.3269f,-0.2895f,0.3627f,-0.024f,-0.699f,-0.7147f,-0.7114f,-0.436f,-0.636f,0.6367f,0.2696f,0f,0f,0f,1f],start_interpolation: 0,interpolation_duration: 2}
$data merge entity $(bone_magazine1) {transformation: [-0.837f,0.5465f,-0.0265f,0.1549f,0.4273f,0.6227f,-0.6555f,-0.7244f,-0.3417f,-0.56f,-0.7547f,0.2643f,0f,0f,0f,1f],start_interpolation: -1,interpolation_duration: 0}
$data merge entity $(bone_chamber1) {transformation: [-0.837f,0.5465f,-0.0265f,0.1812f,0.4273f,0.6227f,-0.6555f,-0.5771f,-0.3417f,-0.56f,-0.7547f,0.3839f,0f,0f,0f,1f],start_interpolation: -1,interpolation_duration: 0}
$data merge entity $(bone_akm3) {transformation: [-0.837f,0.5465f,-0.0265f,0.1812f,0.4273f,0.6227f,-0.6555f,-0.5771f,-0.3417f,-0.56f,-0.7547f,0.3839f,0f,0f,0f,1f],start_interpolation: -1,interpolation_duration: 0}
data modify entity @s data merge value {"cameras":{},"locators":{"akm":{"px":0.2318795482519468,"py":-0.5761576225557944,"pz":0.35008181308878705,"ry":348.70677982708787,"rx":-47.263438600252464},"akm2":{"px":0.21474139832396827,"py":-0.23930316767329768,"pz":0.7242642004876734,"ry":357.9854158394786,"rx":-40.95738851146722}}}