# This file was generated by Animated Java via MC-Build. It is not recommended to edit this file directly.
$data merge entity $(bone_magazine) {transformation: [0f,0f,0f,0.2351f,0f,0f,0f,-0.5581f,0f,0f,0f,0.3664f,0f,0f,0f,1f],start_interpolation: 0,interpolation_duration: 2}
$data merge entity $(bone_chamber) {transformation: [0f,0f,0f,0.2351f,0f,0f,0f,-0.5581f,0f,0f,0f,0.3664f,0f,0f,0f,1f],start_interpolation: 0,interpolation_duration: 2}
$data merge entity $(bone_akm1) {transformation: [0f,0f,0f,0.2351f,0f,0f,0f,-0.5581f,0f,0f,0f,0.3664f,0f,0f,0f,1f],start_interpolation: 0,interpolation_duration: 2}
$data merge entity $(bone_magazine2) {transformation: [0f,0f,0f,0.1569f,0f,0f,0f,-0.8133f,0f,0f,0f,0.2196f,0f,0f,0f,1f],start_interpolation: 0,interpolation_duration: 2}
$data merge entity $(bone_right_arm) {transformation: [-0.8114f,-0.1329f,-0.5692f,0.0953f,0.4662f,-0.7345f,-0.4931f,-1.0479f,-0.3526f,-0.6655f,0.6579f,0.005f,0f,0f,0f,1f],start_interpolation: 0,interpolation_duration: 2}
$data merge entity $(bone_forearm) {transformation: [-0.8996f,0.3259f,-0.2906f,0.3626f,-0.0223f,-0.699f,-0.7148f,-0.7117f,-0.4361f,-0.6366f,0.6361f,0.2698f,0f,0f,0f,1f],start_interpolation: 0,interpolation_duration: 2}
$data merge entity $(bone_magazine1) {transformation: [-0.8364f,0.5475f,-0.0275f,0.1547f,0.4289f,0.6223f,-0.6548f,-0.7243f,-0.3414f,-0.5595f,-0.7553f,0.2645f,0f,0f,0f,1f],start_interpolation: -1,interpolation_duration: 0}
$data merge entity $(bone_chamber1) {transformation: [-0.8364f,0.5475f,-0.0275f,0.1813f,0.4289f,0.6223f,-0.6548f,-0.5772f,-0.3414f,-0.5595f,-0.7553f,0.3842f,0f,0f,0f,1f],start_interpolation: -1,interpolation_duration: 0}
$data merge entity $(bone_akm3) {transformation: [-0.8364f,0.5475f,-0.0275f,0.1813f,0.4289f,0.6223f,-0.6548f,-0.5772f,-0.3414f,-0.5595f,-0.7553f,0.3842f,0f,0f,0f,1f],start_interpolation: -1,interpolation_duration: 0}
data modify entity @s data merge value {"cameras":{},"locators":{"akm":{"px":0.23514039691463887,"py":-0.5581356056203638,"pz":0.36641092690845734,"ry":348.70677982708787,"rx":-47.26343860025246},"akm2":{"px":0.2152662886634457,"py":-0.23971612913944296,"pz":0.7248499638125607,"ry":357.9183147602927,"rx":-40.90734601305074}}}