# This file was generated by Animated Java via MC-Build. It is not recommended to edit this file directly.
$data merge entity $(bone_magazine) {transformation: [-0.854f,0f,0f,0.2547f,0.4342f,0f,0f,-0.5338f,-0.2866f,0f,0f,0.4251f,0f,0f,0f,1f],start_interpolation: -1,interpolation_duration: 0}
$data merge entity $(bone_chamber) {transformation: [-0.854f,0f,0f,0.2547f,0.4342f,0f,0f,-0.5338f,-0.2866f,0f,0f,0.4251f,0f,0f,0f,1f],start_interpolation: -1,interpolation_duration: 0}
$data merge entity $(bone_akm1) {transformation: [-0.854f,0f,0f,0.2547f,0.4342f,0f,0f,-0.5338f,-0.2866f,0f,0f,0.4251f,0f,0f,0f,1f],start_interpolation: -1,interpolation_duration: 0}
$data merge entity $(bone_magazine2) {transformation: [0f,0f,0f,0.15f,0f,0f,0f,-0.8036f,0f,0f,0f,0.3249f,0f,0f,0f,1f],start_interpolation: 0,interpolation_duration: 0}
$data merge entity $(bone_right_arm) {transformation: [-0.8193f,-0.2348f,-0.5231f,0.0588f,0.4603f,-0.8133f,-0.3559f,-1.0583f,-0.3419f,-0.5324f,0.7744f,0.1516f,0f,0f,0f,1f],start_interpolation: 0,interpolation_duration: 0}
$data merge entity $(bone_forearm) {transformation: [-0.8925f,0.3282f,-0.3095f,0.3601f,0.0163f,-0.6622f,-0.7491f,-0.7045f,-0.4508f,-0.6736f,0.5857f,0.3688f,0f,0f,0f,1f],start_interpolation: 0,interpolation_duration: 0}
$data merge entity $(bone_magazine1) {transformation: [-0.8247f,0.564f,-0.0436f,0.1483f,0.4751f,0.6488f,-0.5944f,-0.7118f,-0.307f,-0.5109f,-0.803f,0.3579f,0f,0f,0f,1f],start_interpolation: 0,interpolation_duration: 0}
$data merge entity $(bone_chamber1) {transformation: [-0.8247f,0.564f,-0.0436f,0.1785f,0.4751f,0.6488f,-0.5944f,-0.575f,-0.307f,-0.5109f,-0.803f,0.4885f,0f,0f,0f,1f],start_interpolation: 0,interpolation_duration: 0}
$data merge entity $(bone_akm3) {transformation: [-0.8247f,0.564f,-0.0436f,0.1785f,0.4751f,0.6488f,-0.5944f,-0.575f,-0.307f,-0.5109f,-0.803f,0.4885f,0f,0f,0f,1f],start_interpolation: 0,interpolation_duration: 0}
data modify entity @s data merge value {"cameras":{},"locators":{"akm":{"px":0.2546551424004116,"py":-0.5337499255769389,"pz":0.42512649176422784,"ry":337.40779380750007,"rx":-53.77502937660726},"akm2":{"px":0.22081940753741475,"py":-0.26546540685921366,"pz":0.8537955245540243,"ry":356.89357924575233,"rx":-36.471697352023206}}}