# This file was generated by Animated Java via MC-Build. It is not recommended to edit this file directly.
$data merge entity $(bone_magazine) {transformation: [-0.8678f,0f,0f,0.1928f,0.4406f,0f,0f,-0.4738f,-0.2299f,0f,0f,0.3474f,0f,0f,0f,1f],start_interpolation: 0,interpolation_duration: 1}
$data merge entity $(bone_chamber) {transformation: [-0.8678f,0f,0f,0.1928f,0.4406f,0f,0f,-0.4738f,-0.2299f,0f,0f,0.3474f,0f,0f,0f,1f],start_interpolation: 0,interpolation_duration: 1}
$data merge entity $(bone_akm1) {transformation: [-0.8678f,0f,0f,0.1928f,0.4406f,0f,0f,-0.4738f,-0.2299f,0f,0f,0.3474f,0f,0f,0f,1f],start_interpolation: 0,interpolation_duration: 1}
$data merge entity $(bone_magazine2) {transformation: [0f,0f,0f,0.0598f,0f,0f,0f,-0.7545f,0f,0f,0f,0.3087f,0f,0f,0f,1f],start_interpolation: 0,interpolation_duration: 1}
$data merge entity $(bone_right_arm) {transformation: [-0.8414f,-0.3357f,-0.4234f,-0.0576f,0.4566f,-0.8608f,-0.2249f,-1.0163f,-0.289f,-0.3825f,0.8776f,0.1762f,0f,0f,0f,1f],start_interpolation: 0,interpolation_duration: 1}
$data merge entity $(bone_forearm) {transformation: [-0.8624f,0.351f,-0.3647f,0.3419f,0.1303f,-0.5423f,-0.83f,-0.6627f,-0.4891f,-0.7634f,0.422f,0.3721f,0f,0f,0f,1f],start_interpolation: 0,interpolation_duration: 1}
$data merge entity $(bone_magazine1) {transformation: [-0.7913f,0.6113f,-0.0092f,0.1312f,0.5524f,0.7085f,-0.4392f,-0.6602f,-0.262f,-0.3527f,-0.8983f,0.3483f,0f,0f,0f,1f],start_interpolation: 0,interpolation_duration: 1}
$data merge entity $(bone_chamber1) {transformation: [-0.7913f,0.6113f,-0.0092f,0.1568f,0.5524f,0.7085f,-0.4392f,-0.5502f,-0.262f,-0.3527f,-0.8983f,0.503f,0f,0f,0f,1f],start_interpolation: 0,interpolation_duration: 1}
$data merge entity $(bone_akm3) {transformation: [-0.7913f,0.6113f,-0.0092f,0.1568f,0.5524f,0.7085f,-0.4392f,-0.5502f,-0.262f,-0.3527f,-0.8983f,0.503f,0f,0f,0f,1f],start_interpolation: 0,interpolation_duration: 1}
data modify entity @s data merge value {"cameras":{},"locators":{"akm":{"px":0.1928455980709075,"py":-0.473778652011238,"pz":0.3474202147948267,"ry":320.22409884508346,"rx":-58.95215203656417},"akm2":{"px":0.18451136326298156,"py":-0.31271207480559715,"pz":0.9200125233174259,"ry":359.41467438590894,"rx":-26.055537402421383}}}