# This file was generated by Animated Java via MC-Build. It is not recommended to edit this file directly.
$data merge entity $(bone_magazine) {transformation: [0f,0f,0f,0.1584f,0f,0f,0f,-0.4599f,0f,0f,0f,0.2414f,0f,0f,0f,1f],start_interpolation: 0,interpolation_duration: 2}
$data merge entity $(bone_chamber) {transformation: [0f,0f,0f,0.1584f,0f,0f,0f,-0.4599f,0f,0f,0f,0.2414f,0f,0f,0f,1f],start_interpolation: 0,interpolation_duration: 2}
$data merge entity $(bone_akm1) {transformation: [0f,0f,0f,0.1584f,0f,0f,0f,-0.4599f,0f,0f,0f,0.2414f,0f,0f,0f,1f],start_interpolation: 0,interpolation_duration: 2}
$data merge entity $(bone_magazine2) {transformation: [-0.8101f,0.4154f,-0.101f,0.0238f,0.2849f,0.3633f,-0.7911f,-0.7233f,-0.3187f,-0.7311f,-0.4505f,0.212f,0f,0f,0f,1f],start_interpolation: 0,interpolation_duration: 2}
$data merge entity $(bone_right_arm) {transformation: [-0.841f,-0.3559f,-0.4074f,-0.0976f,0.4788f,-0.8402f,-0.2545f,-0.9745f,-0.2517f,-0.4091f,0.8771f,0.0682f,0f,0f,0f,1f],start_interpolation: 0,interpolation_duration: 2}
$data merge entity $(bone_forearm) {transformation: [-0.8474f,0.3637f,-0.3868f,0.3297f,0.1825f,-0.4846f,-0.8555f,-0.6414f,-0.4986f,-0.7956f,0.3442f,0.273f,0f,0f,0f,1f],start_interpolation: 0,interpolation_duration: 2}
$data merge entity $(bone_magazine1) {transformation: [0f,0f,0f,0.1233f,0f,0f,0f,-0.6364f,0f,0f,0f,0.2453f,0f,0f,0f,1f],start_interpolation: 0,interpolation_duration: 2}
$data merge entity $(bone_chamber1) {transformation: [-0.7762f,0.6298f,0.0273f,0.1428f,0.5749f,0.725f,-0.3794f,-0.5369f,-0.2588f,-0.2788f,-0.9248f,0.4078f,0f,0f,0f,1f],start_interpolation: 0,interpolation_duration: 2}
$data merge entity $(bone_akm3) {transformation: [-0.7762f,0.6298f,0.0273f,0.1428f,0.5749f,0.725f,-0.3794f,-0.5369f,-0.2588f,-0.2788f,-0.9248f,0.4078f,0f,0f,0f,1f],start_interpolation: 0,interpolation_duration: 2}
data modify entity @s data merge value {"cameras":{},"locators":{"akm":{"px":0.1584018570545277,"py":-0.4599134764035619,"pz":0.24138991914426586,"ry":318.9787546669413,"rx":-57.163596794550934},"akm2":{"px":0.15368799548453,"py":-0.32751263746971016,"pz":0.8403904062110976,"ry":1.6908236747150909,"rx":-22.296470585312843}}}