# This file was generated by Animated Java via MC-Build. It is not recommended to edit this file directly.
$data merge entity $(bone_magazine) {transformation: [0f,0f,0f,0.1979f,0f,0f,0f,-0.6221f,0f,0f,0f,0.5782f,0f,0f,0f,1f],start_interpolation: 0,interpolation_duration: 2}
$data merge entity $(bone_chamber) {transformation: [0f,0f,0f,0.1979f,0f,0f,0f,-0.6221f,0f,0f,0f,0.5782f,0f,0f,0f,1f],start_interpolation: 0,interpolation_duration: 2}
$data merge entity $(bone_akm1) {transformation: [0f,0f,0f,0.1979f,0f,0f,0f,-0.6221f,0f,0f,0f,0.5782f,0f,0f,0f,1f],start_interpolation: 0,interpolation_duration: 2}
$data merge entity $(bone_magazine2) {transformation: [-0.8358f,0.6181f,-0.1254f,0.0354f,0.6307f,0.8206f,-0.1592f,-0.7347f,0.0043f,-0.2026f,-1.0273f,0.3465f,0f,0f,0f,1f],start_interpolation: 0,interpolation_duration: 2}
$data merge entity $(bone_right_arm) {transformation: [-0.7319f,-0.3852f,-0.5621f,-0.087f,0.6389f,-0.101f,-0.7626f,-0.7376f,0.237f,-0.9173f,0.32f,0.0626f,0f,0f,0f,1f],start_interpolation: 0,interpolation_duration: 2}
$data merge entity $(bone_forearm) {transformation: [-0.9284f,0.2913f,-0.2307f,0.3444f,0.1137f,-0.3682f,-0.9228f,-0.6041f,-0.3537f,-0.8829f,0.3087f,0.1839f,0f,0f,0f,1f],start_interpolation: 0,interpolation_duration: 2}
$data merge entity $(bone_magazine1) {transformation: [0f,0f,0f,0.137f,0f,0f,0f,-0.623f,0f,0f,0f,0.1862f,0f,0f,0f,1f],start_interpolation: 0,interpolation_duration: 2}
$data merge entity $(bone_chamber1) {transformation: [-0.8666f,0.494f,-0.0705f,0.1695f,0.4911f,0.8191f,-0.2963f,-0.5354f,-0.0886f,-0.2914f,-0.9525f,0.3534f,0f,0f,0f,1f],start_interpolation: 0,interpolation_duration: 2}
$data merge entity $(bone_akm3) {transformation: [-0.8666f,0.494f,-0.0705f,0.1695f,0.4911f,0.8191f,-0.2963f,-0.5354f,-0.0886f,-0.2914f,-0.9525f,0.3534f,0f,0f,0f,1f],start_interpolation: 0,interpolation_duration: 2}
data modify entity @s data merge value {"cameras":{},"locators":{"akm":{"px":0.19789471855783677,"py":-0.6220949342076864,"pz":0.5781826669868054,"ry":337.2209364694529,"rx":-5.794095787610995},"akm2":{"px":0.22208812237279316,"py":-0.36222732131899427,"pz":0.7987167136610738,"ry":355.7656218696489,"rx":-17.237490169839518}}}