# This file was generated by Animated Java via MC-Build. It is not recommended to edit this file directly.
$data merge entity $(bone_magazine) {transformation: [0f,0f,0f,0.2144f,0f,0f,0f,-0.6335f,0f,0f,0f,0.559f,0f,0f,0f,1f],start_interpolation: 0,interpolation_duration: 2}
$data merge entity $(bone_chamber) {transformation: [0f,0f,0f,0.2144f,0f,0f,0f,-0.6335f,0f,0f,0f,0.559f,0f,0f,0f,1f],start_interpolation: 0,interpolation_duration: 2}
$data merge entity $(bone_akm1) {transformation: [0f,0f,0f,0.2144f,0f,0f,0f,-0.6335f,0f,0f,0f,0.559f,0f,0f,0f,1f],start_interpolation: 0,interpolation_duration: 2}
$data merge entity $(bone_magazine2) {transformation: [-0.9085f,0.5245f,-0.1923f,0.0442f,0.5577f,0.8734f,-0.2522f,-0.776f,0.0335f,-0.3153f,-1.0183f,0.3508f,0f,0f,0f,1f],start_interpolation: 0,interpolation_duration: 2}
$data merge entity $(bone_right_arm) {transformation: [-0.7622f,-0.4531f,-0.4623f,-0.103f,0.5931f,-0.2028f,-0.7791f,-0.8115f,0.2593f,-0.8681f,0.4233f,0.0816f,0f,0f,0f,1f],start_interpolation: 0,interpolation_duration: 2}
$data merge entity $(bone_forearm) {transformation: [-0.9566f,0.2554f,-0.1402f,0.3534f,0.0314f,-0.3881f,-0.9211f,-0.5963f,-0.2896f,-0.8855f,0.3633f,0.1539f,0f,0f,0f,1f],start_interpolation: 0,interpolation_duration: 2}
$data merge entity $(bone_magazine1) {transformation: [0f,0f,0f,0.1486f,0f,0f,0f,-0.6296f,0f,0f,0f,0.1721f,0f,0f,0f,1f],start_interpolation: 0,interpolation_duration: 2}
$data merge entity $(bone_chamber1) {transformation: [-0.9044f,0.4111f,-0.1147f,0.1862f,0.4243f,0.8371f,-0.3452f,-0.5322f,-0.0459f,-0.3609f,-0.9315f,0.3327f,0f,0f,0f,1f],start_interpolation: 0,interpolation_duration: 2}
$data merge entity $(bone_akm3) {transformation: [-0.9044f,0.4111f,-0.1147f,0.1862f,0.4243f,0.8371f,-0.3452f,-0.5322f,-0.0459f,-0.3609f,-0.9315f,0.3327f,0f,0f,0f,1f],start_interpolation: 0,interpolation_duration: 2}
data modify entity @s data merge value {"cameras":{},"locators":{"akm":{"px":0.21437429637463137,"py":-0.6334882715746448,"pz":0.5590027176440125,"ry":332.4368833515956,"rx":-11.70193500589777},"akm2":{"px":0.2568205156062622,"py":-0.33487084531268363,"pz":0.7652859393215052,"ry":352.97847351718906,"rx":-20.193872846446045}}}