# This file was generated by Animated Java via MC-Build. It is not recommended to edit this file directly.
$data merge entity $(bone_magazine) {transformation: [0f,0f,0f,0.1832f,0f,0f,0f,-0.4941f,0f,0f,0f,0.2347f,0f,0f,0f,1f],start_interpolation: 0,interpolation_duration: 2}
$data merge entity $(bone_chamber) {transformation: [0f,0f,0f,0.1832f,0f,0f,0f,-0.4941f,0f,0f,0f,0.2348f,0f,0f,0f,1f],start_interpolation: 0,interpolation_duration: 2}
$data merge entity $(bone_akm1) {transformation: [0f,0f,0f,0.1832f,0f,0f,0f,-0.4941f,0f,0f,0f,0.2348f,0f,0f,0f,1f],start_interpolation: 0,interpolation_duration: 2}
$data merge entity $(bone_magazine2) {transformation: [0.0495f,-0.0256f,0.0052f,0.0568f,-0.016f,-0.0211f,0.0493f,-0.7574f,0.0206f,0.0451f,0.026f,0.2171f,0f,0f,0f,1f],start_interpolation: 0,interpolation_duration: 2}
$data merge entity $(bone_right_arm) {transformation: [-0.8475f,-0.3368f,-0.4102f,-0.0617f,0.4453f,-0.8718f,-0.2042f,-1.0236f,-0.2889f,-0.3557f,0.8888f,0.0938f,0f,0f,0f,1f],start_interpolation: 0,interpolation_duration: 2}
$data merge entity $(bone_forearm) {transformation: [-0.8641f,0.3488f,-0.3628f,0.343f,0.1256f,-0.5486f,-0.8266f,-0.6654f,-0.4873f,-0.7599f,0.4302f,0.2787f,0f,0f,0f,1f],start_interpolation: 0,interpolation_duration: 2}
$data merge entity $(bone_magazine1) {transformation: [-0.7926f,0.6098f,0.0072f,0.1359f,0.5388f,0.7057f,-0.46f,-0.6656f,-0.2856f,-0.3607f,-0.8879f,0.2569f,0f,0f,0f,1f],start_interpolation: 0,interpolation_duration: 2}
$data merge entity $(bone_chamber1) {transformation: [-0.7926f,0.6098f,0.0072f,0.1584f,0.5388f,0.7057f,-0.46f,-0.5518f,-0.2856f,-0.3607f,-0.8879f,0.4093f,0f,0f,0f,1f],start_interpolation: 0,interpolation_duration: 2}
$data merge entity $(bone_akm3) {transformation: [-0.7926f,0.6098f,0.0072f,0.1584f,0.5388f,0.7057f,-0.46f,-0.5518f,-0.2856f,-0.3607f,-0.8879f,0.4093f,0f,0f,0f,1f],start_interpolation: 0,interpolation_duration: 2}
data modify entity @s data merge value {"cameras":{},"locators":{"akm":{"px":0.18324924932275627,"py":-0.4940506213724933,"pz":0.23475149206174248,"ry":316.5673543734354,"rx":-60.66843107486873},"akm2":{"px":0.17814065845713759,"py":-0.30449468021336745,"pz":0.8210305700490685,"ry":0.46351174239785564,"rx":-27.388661577395165}}}