# This file was generated by Animated Java via MC-Build. It is not recommended to edit this file directly.
$data merge entity $(bone_magazine) {transformation: [0f,0f,0f,0.1832f,0f,0f,0f,-0.4316f,0f,0f,0f,0.141f,0f,0f,0f,1f],start_interpolation: 0,interpolation_duration: 2}
$data merge entity $(bone_chamber) {transformation: [0f,0f,0f,0.1832f,0f,0f,0f,-0.4316f,0f,0f,0f,0.141f,0f,0f,0f,1f],start_interpolation: 0,interpolation_duration: 2}
$data merge entity $(bone_akm1) {transformation: [0f,0f,0f,0.1832f,0f,0f,0f,-0.4316f,0f,0f,0f,0.141f,0f,0f,0f,1f],start_interpolation: 0,interpolation_duration: 2}
$data merge entity $(bone_magazine2) {transformation: [0.0495f,-0.0256f,0.0052f,0.0568f,-0.016f,-0.0211f,0.0493f,-0.6949f,0.0206f,0.0451f,0.026f,0.1234f,0f,0f,0f,1f],start_interpolation: 0,interpolation_duration: 2}
$data merge entity $(bone_right_arm) {transformation: [-0.8475f,-0.3368f,-0.4102f,-0.0617f,0.4453f,-0.8718f,-0.2042f,-0.9611f,-0.2889f,-0.3557f,0.8888f,0f,0f,0f,0f,1f],start_interpolation: 0,interpolation_duration: 2}
$data merge entity $(bone_forearm) {transformation: [-0.8641f,0.3488f,-0.3628f,0.343f,0.1256f,-0.5486f,-0.8266f,-0.6029f,-0.4873f,-0.7599f,0.4302f,0.185f,0f,0f,0f,1f],start_interpolation: 0,interpolation_duration: 2}
$data merge entity $(bone_magazine1) {transformation: [-0.7926f,0.6098f,0.0072f,0.1359f,0.5388f,0.7057f,-0.46f,-0.6031f,-0.2856f,-0.3607f,-0.8879f,0.1632f,0f,0f,0f,1f],start_interpolation: 0,interpolation_duration: 2}
$data merge entity $(bone_chamber1) {transformation: [-0.7926f,0.6098f,0.0072f,0.1584f,0.5388f,0.7057f,-0.46f,-0.4893f,-0.2856f,-0.3607f,-0.8879f,0.3156f,0f,0f,0f,1f],start_interpolation: 0,interpolation_duration: 2}
$data merge entity $(bone_akm3) {transformation: [-0.7926f,0.6098f,0.0072f,0.1584f,0.5388f,0.7057f,-0.46f,-0.4893f,-0.2856f,-0.3607f,-0.8879f,0.3156f,0f,0f,0f,1f],start_interpolation: 0,interpolation_duration: 2}
data modify entity @s data merge value {"cameras":{},"locators":{"akm":{"px":0.18324924932275627,"py":-0.4315506213724933,"pz":0.14100149206174242,"ry":316.5673543734354,"rx":-60.66843107486873},"akm2":{"px":0.17814065845713759,"py":-0.24199468021336748,"pz":0.7272805700490685,"ry":0.46351174239785564,"rx":-27.388661577395165}}}