# This file was generated by Animated Java via MC-Build. It is not recommended to edit this file directly.
$data merge entity $(bone_magazine) {transformation: [0f,0f,0f,0.1613f,0f,0f,0f,-0.4059f,0f,0f,0f,0.1462f,0f,0f,0f,1f],start_interpolation: 0,interpolation_duration: 2}
$data merge entity $(bone_chamber) {transformation: [0f,0f,0f,0.1613f,0f,0f,0f,-0.4059f,0f,0f,0f,0.1462f,0f,0f,0f,1f],start_interpolation: 0,interpolation_duration: 2}
$data merge entity $(bone_akm1) {transformation: [0f,0f,0f,0.1613f,0f,0f,0f,-0.4059f,0f,0f,0f,0.1462f,0f,0f,0f,1f],start_interpolation: 0,interpolation_duration: 2}
$data merge entity $(bone_magazine2) {transformation: [0.0374f,-0.0188f,0.0046f,0.0291f,-0.0127f,-0.0163f,0.0367f,-0.6695f,0.0146f,0.034f,0.0201f,0.1235f,0f,0f,0f,1f],start_interpolation: 0,interpolation_duration: 2}
$data merge entity $(bone_right_arm) {transformation: [-0.8458f,-0.3538f,-0.3992f,-0.0928f,0.4668f,-0.8531f,-0.233f,-0.9265f,-0.2582f,-0.3835f,0.8867f,-0.0111f,0f,0f,0f,1f],start_interpolation: 0,interpolation_duration: 2}
$data merge entity $(bone_forearm) {transformation: [-0.8522f,0.3601f,-0.3795f,0.3339f,0.1648f,-0.5036f,-0.8481f,-0.5857f,-0.4965f,-0.7853f,0.3698f,0.1814f,0f,0f,0f,1f],start_interpolation: 0,interpolation_duration: 2}
$data merge entity $(bone_magazine1) {transformation: [-0.7813f,0.6238f,0.0222f,0.1273f,0.5638f,0.7205f,-0.4037f,-0.5824f,-0.2678f,-0.3029f,-0.9146f,0.1553f,0f,0f,0f,1f],start_interpolation: 0,interpolation_duration: 2}
$data merge entity $(bone_chamber1) {transformation: [-0.7813f,0.6238f,0.0222f,0.1475f,0.5638f,0.7205f,-0.4037f,-0.4786f,-0.2678f,-0.3029f,-0.9146f,0.3149f,0f,0f,0f,1f],start_interpolation: 0,interpolation_duration: 2}
$data merge entity $(bone_akm3) {transformation: [-0.7813f,0.6238f,0.0222f,0.1475f,0.5638f,0.7205f,-0.4037f,-0.4786f,-0.2678f,-0.3029f,-0.9146f,0.3149f,0f,0f,0f,1f],start_interpolation: 0,interpolation_duration: 2}
data modify entity @s data merge value {"cameras":{},"locators":{"akm":{"px":0.1613350740301306,"py":-0.4059303708327908,"pz":0.14617854729056684,"ry":317.3047563987722,"rx":-58.55077697274943},"akm2":{"px":0.16057296771366242,"py":-0.2577122950533111,"pz":0.741674823878012,"ry":1.3905584945107137,"rx":-23.80797975351864}}}