# This file was generated by Animated Java via MC-Build. It is not recommended to edit this file directly.
$data merge entity $(bone_magazine) {transformation: [-0.7923f,0f,0f,0.1773f,0.6096f,0f,0f,-0.4857f,0.0255f,0f,0f,0.648f,0f,0f,0f,1f],start_interpolation: 0,interpolation_duration: 0}
$data merge entity $(bone_chamber) {transformation: [-0.7923f,0f,0f,0.1773f,0.6096f,0f,0f,-0.4857f,0.0255f,0f,0f,0.648f,0f,0f,0f,1f],start_interpolation: 0,interpolation_duration: 0}
$data merge entity $(bone_akm1) {transformation: [-0.7923f,0f,0f,0.1773f,0.6096f,0f,0f,-0.4857f,0.0255f,0f,0f,0.648f,0f,0f,0f,1f],start_interpolation: 0,interpolation_duration: 0}
$data merge entity $(bone_magazine2) {transformation: [0f,0f,0f,0.0347f,0f,0f,0f,-0.6611f,0f,0f,0f,0.4215f,0f,0f,0f,1f],start_interpolation: 0,interpolation_duration: 0}
$data merge entity $(bone_right_arm) {transformation: [-0.7564f,-0.2981f,-0.5822f,-0.061f,0.6541f,-0.3504f,-0.6704f,-0.7455f,-0.0041f,-0.8879f,0.46f,0.1373f,0f,0f,0f,1f],start_interpolation: 0,interpolation_duration: 0}
$data merge entity $(bone_forearm) {transformation: [-0.8361f,0.3757f,-0.3998f,0.318f,0.2262f,-0.4279f,-0.8751f,-0.6211f,-0.4998f,-0.8221f,0.2728f,0.3563f,0f,0f,0f,1f],start_interpolation: 0,interpolation_duration: 0}
$data merge entity $(bone_magazine1) {transformation: [-0.7675f,0.6406f,0.0247f,0.1088f,0.6063f,0.7379f,-0.2964f,-0.6095f,-0.2081f,-0.2125f,-0.9548f,0.3242f,0f,0f,0f,1f],start_interpolation: 0,interpolation_duration: 0}
$data merge entity $(bone_chamber1) {transformation: [-0.7675f,0.6406f,0.0247f,0.1292f,0.6063f,0.7379f,-0.2964f,-0.5252f,-0.2081f,-0.2125f,-0.9548f,0.4949f,0f,0f,0f,1f],start_interpolation: 0,interpolation_duration: 0}
$data merge entity $(bone_akm3) {transformation: [-0.7675f,0.6406f,0.0247f,0.1292f,0.6063f,0.7379f,-0.2964f,-0.5252f,-0.2081f,-0.2125f,-0.9548f,0.4949f,0f,0f,0f,1f],start_interpolation: 0,interpolation_duration: 0}
data modify entity @s data merge value {"cameras":{},"locators":{"akm":{"px":0.17734617629951033,"py":-0.4856579818725066,"pz":0.6479727335041479,"ry":342.0270302730962,"rx":-19.86672648297143},"akm2":{"px":0.1418053308574312,"py":-0.3550236712992565,"pz":0.9443272219275856,"ry":1.4815545327553536,"rx":-17.240190863929097}}}