# This file was generated by Animated Java via MC-Build. It is not recommended to edit this file directly.
$data merge entity $(bone_magazine) {transformation: [0f,0f,0f,0.1809f,0f,0f,0f,-0.6837f,0f,0f,0f,0.5433f,0f,0f,0f,1f],start_interpolation: 0,interpolation_duration: 2}
$data merge entity $(bone_chamber) {transformation: [0f,0f,0f,0.1809f,0f,0f,0f,-0.6837f,0f,0f,0f,0.5433f,0f,0f,0f,1f],start_interpolation: 0,interpolation_duration: 2}
$data merge entity $(bone_akm1) {transformation: [0f,0f,0f,0.1809f,0f,0f,0f,-0.6837f,0f,0f,0f,0.5433f,0f,0f,0f,1f],start_interpolation: 0,interpolation_duration: 2}
$data merge entity $(bone_magazine2) {transformation: [-0.9354f,0.5228f,-0.1578f,0.0182f,0.5455f,0.9089f,-0.2226f,-0.82f,0.0249f,-0.2717f,-1.0482f,0.3256f,0f,0f,0f,1f],start_interpolation: 0,interpolation_duration: 2}
$data merge entity $(bone_right_arm) {transformation: [-0.7736f,-0.4311f,-0.4645f,-0.1237f,0.5775f,-0.1777f,-0.7968f,-0.8485f,0.2609f,-0.8846f,0.3864f,0.053f,0f,0f,0f,1f],start_interpolation: 0,interpolation_duration: 2}
$data merge entity $(bone_forearm) {transformation: [-0.9612f,0.2523f,-0.1114f,0.3547f,0.0026f,-0.3954f,-0.9185f,-0.5881f,-0.2758f,-0.8832f,0.3794f,0.1458f,0f,0f,0f,1f],start_interpolation: 0,interpolation_duration: 2}
$data merge entity $(bone_magazine1) {transformation: [0f,0f,0f,0.1511f,0f,0f,0f,-0.6263f,0f,0f,0f,0.1676f,0f,0f,0f,1f],start_interpolation: 0,interpolation_duration: 2}
$data merge entity $(bone_chamber1) {transformation: [-0.9155f,0.3843f,-0.1194f,0.1885f,0.4005f,0.8415f,-0.3626f,-0.5254f,-0.0389f,-0.3798f,-0.9243f,0.3261f,0f,0f,0f,1f],start_interpolation: 0,interpolation_duration: 2}
$data merge entity $(bone_akm3) {transformation: [-0.9155f,0.3843f,-0.1194f,0.1885f,0.4005f,0.8415f,-0.3626f,-0.5254f,-0.0389f,-0.3798f,-0.9243f,0.3261f,0f,0f,0f,1f],start_interpolation: 0,interpolation_duration: 2}
data modify entity @s data merge value {"cameras":{},"locators":{"akm":{"px":0.18086499019367694,"py":-0.6837318799722458,"pz":0.543347306152087,"ry":334.0211980112476,"rx":-10.238478462061503},"akm2":{"px":0.2603590039782121,"py":-0.3196011491546619,"pz":0.7544953498965837,"ry":352.63894489263726,"rx":-21.259839701155233}}}