# This file was generated by Animated Java via MC-Build. It is not recommended to edit this file directly.
$data merge entity $(bone_magazine) {transformation: [0f,0f,0f,0.1677f,0f,0f,0f,-0.4401f,0f,0f,0f,0.3713f,0f,0f,0f,1f],start_interpolation: 0,interpolation_duration: 2}
$data merge entity $(bone_chamber) {transformation: [0f,0f,0f,0.1677f,0f,0f,0f,-0.4401f,0f,0f,0f,0.3713f,0f,0f,0f,1f],start_interpolation: 0,interpolation_duration: 2}
$data merge entity $(bone_akm1) {transformation: [0f,0f,0f,0.1677f,0f,0f,0f,-0.4401f,0f,0f,0f,0.3713f,0f,0f,0f,1f],start_interpolation: 0,interpolation_duration: 2}
$data merge entity $(bone_magazine2) {transformation: [0.0204f,-0.0116f,0.0026f,0.0277f,-0.0097f,-0.0133f,0.0169f,-0.6851f,0.0069f,0.0157f,0.0163f,0.2731f,0f,0f,0f,1f],start_interpolation: 0,interpolation_duration: 2}
$data merge entity $(bone_right_arm) {transformation: [-0.8202f,-0.3572f,-0.4469f,-0.0921f,0.552f,-0.6994f,-0.454f,-0.8867f,-0.1504f,-0.619f,0.7709f,0.0657f,0f,0f,0f,1f],start_interpolation: 0,interpolation_duration: 2}
$data merge entity $(bone_forearm) {transformation: [-0.8421f,0.3717f,-0.3908f,0.325f,0.1977f,-0.4615f,-0.8648f,-0.6318f,-0.5018f,-0.8055f,0.3152f,0.269f,0f,0f,0f,1f],start_interpolation: 0,interpolation_duration: 2}
$data merge entity $(bone_magazine1) {transformation: [-0.7732f,0.6331f,0.0367f,0.1189f,0.5828f,0.7322f,-0.3524f,-0.6258f,-0.25f,-0.2511f,-0.9351f,0.2394f,0f,0f,0f,1f],start_interpolation: 0,interpolation_duration: 2}
$data merge entity $(bone_chamber1) {transformation: [-0.7732f,0.6331f,0.0367f,0.1368f,0.5828f,0.7322f,-0.3524f,-0.5311f,-0.25f,-0.2511f,-0.9351f,0.4049f,0f,0f,0f,1f],start_interpolation: 0,interpolation_duration: 2}
$data merge entity $(bone_akm3) {transformation: [-0.7732f,0.6331f,0.0367f,0.1368f,0.5828f,0.7322f,-0.3524f,-0.5311f,-0.25f,-0.2511f,-0.9351f,0.4049f,0f,0f,0f,1f],start_interpolation: 0,interpolation_duration: 2}
data modify entity @s data merge value {"cameras":{},"locators":{"akm":{"px":0.16774060429672288,"py":-0.44006606745280175,"pz":0.37130168064910096,"ry":330.0106883277612,"rx":-44.382295847874246},"akm2":{"px":0.1432952661253577,"py":-0.3343775346343635,"pz":0.8434575530805499,"ry":2.247751551387296,"rx":-20.633121920859814}}}