# This file was generated by Animated Java via MC-Build. It is not recommended to edit this file directly.
$data merge entity $(bone_magazine) {transformation: [0f,0f,0f,0.1449f,0f,0f,0f,-0.5679f,0f,0f,0f,0.7067f,0f,0f,0f,1f],start_interpolation: 0,interpolation_duration: 2}
$data merge entity $(bone_chamber) {transformation: [0f,0f,0f,0.1449f,0f,0f,0f,-0.5679f,0f,0f,0f,0.7067f,0f,0f,0f,1f],start_interpolation: 0,interpolation_duration: 2}
$data merge entity $(bone_akm1) {transformation: [0f,0f,0f,0.1449f,0f,0f,0f,-0.5679f,0f,0f,0f,0.7067f,0f,0f,0f,1f],start_interpolation: 0,interpolation_duration: 2}
$data merge entity $(bone_magazine2) {transformation: [-0.7039f,0.7092f,0.0389f,0.0129f,0.7003f,0.7021f,-0.1288f,-0.6633f,-0.1187f,-0.0635f,-0.9909f,0.426f,0f,0f,0f,1f],start_interpolation: 0,interpolation_duration: 2}
$data merge entity $(bone_right_arm) {transformation: [-0.6946f,-0.206f,-0.6893f,-0.0479f,0.7114f,-0.0538f,-0.7008f,-0.6504f,0.1073f,-0.9771f,0.1839f,0.1224f,0f,0f,0f,1f],start_interpolation: 0,interpolation_duration: 2}
$data merge entity $(bone_forearm) {transformation: [-0.8354f,0.3808f,-0.3963f,0.3138f,0.2395f,-0.3968f,-0.8861f,-0.6108f,-0.4947f,-0.8352f,0.2403f,0.3466f,0f,0f,0f,1f],start_interpolation: 0,interpolation_duration: 2}
$data merge entity $(bone_magazine1) {transformation: [-0.7689f,0.6376f,0.0476f,0.1081f,0.6032f,0.7481f,-0.2767f,-0.6018f,-0.212f,-0.184f,-0.9598f,0.315f,0f,0f,0f,1f],start_interpolation: 0,interpolation_duration: 2}
$data merge entity $(bone_chamber1) {transformation: [-0.7689f,0.6376f,0.0476f,0.124f,0.6032f,0.7481f,-0.2767f,-0.5207f,-0.212f,-0.184f,-0.9598f,0.4878f,0f,0f,0f,1f],start_interpolation: 0,interpolation_duration: 2}
$data merge entity $(bone_akm3) {transformation: [-0.7689f,0.6376f,0.0476f,0.124f,0.6032f,0.7481f,-0.2767f,-0.5207f,-0.212f,-0.184f,-0.9598f,0.4878f,0f,0f,0f,1f],start_interpolation: 0,interpolation_duration: 2}
data modify entity @s data merge value {"cameras":{},"locators":{"akm":{"px":0.14491376286825533,"py":-0.5678842226302158,"pz":0.70666332348546,"ry":348.0940041155834,"rx":-3.083062325672361},"akm2":{"px":0.1254921896248774,"py":-0.35965118364373116,"pz":0.9407069471596246,"ry":2.841118927432234,"rx":-16.062227035888146}}}
execute on vehicle unless entity @s[tag=aj.transforms_only] at @s run function animated_java:akm/animations/reload2/zzz/frames/18_root_function