# This file was generated by Animated Java via MC-Build. It is not recommended to edit this file directly.
$data merge entity $(bone_magazine) {transformation: [0f,0f,0f,0.2035f,0f,0f,0f,-0.6263f,0f,0f,0f,0.5736f,0f,0f,0f,1f],start_interpolation: 0,interpolation_duration: 2}
$data merge entity $(bone_chamber) {transformation: [0f,0f,0f,0.2035f,0f,0f,0f,-0.6263f,0f,0f,0f,0.5736f,0f,0f,0f,1f],start_interpolation: 0,interpolation_duration: 2}
$data merge entity $(bone_akm1) {transformation: [0f,0f,0f,0.2035f,0f,0f,0f,-0.6263f,0f,0f,0f,0.5736f,0f,0f,0f,1f],start_interpolation: 0,interpolation_duration: 2}
$data merge entity $(bone_magazine2) {transformation: [-0.8707f,0.588f,-0.1498f,0.0376f,0.6067f,0.8481f,-0.1972f,-0.7503f,0.0105f,-0.2474f,-1.032f,0.3506f,0f,0f,0f,1f],start_interpolation: 0,interpolation_duration: 2}
$data merge entity $(bone_right_arm) {transformation: [-0.7422f,-0.4132f,-0.5276f,-0.0953f,0.6243f,-0.1404f,-0.7684f,-0.766f,0.2435f,-0.8998f,0.3622f,0.0721f,0f,0f,0f,1f],start_interpolation: 0,interpolation_duration: 2}
$data merge entity $(bone_forearm) {transformation: [-0.938f,0.2868f,-0.1948f,0.3486f,0.077f,-0.3757f,-0.9236f,-0.6005f,-0.3381f,-0.8813f,0.3303f,0.174f,0f,0f,0f,1f],start_interpolation: 0,interpolation_duration: 2}
$data merge entity $(bone_magazine1) {transformation: [0f,0f,0f,0.142f,0f,0f,0f,-0.626f,0f,0f,0f,0.1806f,0f,0f,0f,1f],start_interpolation: 0,interpolation_duration: 2}
$data merge entity $(bone_chamber1) {transformation: [-0.8836f,0.4617f,-0.0784f,0.1747f,0.4612f,0.8288f,-0.3168f,-0.5342f,-0.0813f,-0.3161f,-0.9452f,0.3455f,0f,0f,0f,1f],start_interpolation: 0,interpolation_duration: 2}
$data merge entity $(bone_akm3) {transformation: [-0.8836f,0.4617f,-0.0784f,0.1747f,0.4612f,0.8288f,-0.3168f,-0.5342f,-0.0813f,-0.3161f,-0.9452f,0.3455f,0f,0f,0f,1f],start_interpolation: 0,interpolation_duration: 2}
data modify entity @s data merge value {"cameras":{},"locators":{"akm":{"px":0.20350946450082794,"py":-0.6263419449985806,"pz":0.5736390901192318,"ry":335.33308071598344,"rx":-8.06962086998145},"akm2":{"px":0.22987058957968542,"py":-0.35080636436515794,"pz":0.7864336075761247,"ry":355.25984761553025,"rx":-18.469596919971334}}}