# This file was generated by Animated Java via MC-Build. It is not recommended to edit this file directly.
$data merge entity $(bone_magazine) {transformation: [-0.9981f,0.0215f,-0.0569f,-0.1655f,0.0326f,0.9791f,-0.2008f,-0.512f,0.0514f,-0.2023f,-0.978f,0.1938f,0f,0f,0f,1f],start_interpolation: 0,interpolation_duration: 2}
$data merge entity $(bone_chamber) {transformation: [-0.9981f,0.0215f,-0.0569f,-0.154f,0.0326f,0.9791f,-0.2008f,-0.4362f,0.0514f,-0.2023f,-0.978f,0.3692f,0f,0f,0f,1f],start_interpolation: 0,interpolation_duration: 2}
$data merge entity $(bone_akm1) {transformation: [-0.9981f,0.0215f,-0.0569f,-0.154f,0.0326f,0.9791f,-0.2008f,-0.4362f,0.0514f,-0.2023f,-0.978f,0.3692f,0f,0f,0f,1f],start_interpolation: 0,interpolation_duration: 2}
$data merge entity $(bone_magazine2) {transformation: [0.005f,-0.0002f,0.0001f,-0.1685f,-0.0002f,-0.0048f,-0.0013f,-0.5192f,-0.0001f,-0.0013f,0.0048f,0.1293f,0f,0f,0f,1f],start_interpolation: 0,interpolation_duration: 2}
$data merge entity $(bone_right_arm) {transformation: [-0.9981f,-0.0569f,-0.0215f,-0.2021f,0.0326f,-0.2008f,-0.9791f,-0.6366f,0.0514f,-0.978f,0.2023f,-0.1945f,0f,0f,0f,1f],start_interpolation: 0,interpolation_duration: 2}
$data merge entity $(bone_forearm) {transformation: [-0.1571f,0.4794f,-0.8634f,0.0657f,0.7268f,-0.5358f,-0.4298f,-0.6563f,-0.6686f,-0.6951f,-0.2642f,0.3076f,0f,0f,0f,1f],start_interpolation: 0,interpolation_duration: 2}
$data merge entity $(bone_magazine1) {transformation: [0f,0f,0f,-0.1393f,0f,0f,0f,-0.4682f,0f,0f,0f,0.7598f,0f,0f,0f,1f],start_interpolation: 0,interpolation_duration: 2}
$data merge entity $(bone_chamber1) {transformation: [0f,0f,0f,-0.1393f,0f,0f,0f,-0.4682f,0f,0f,0f,0.7598f,0f,0f,0f,1f],start_interpolation: 0,interpolation_duration: 2}
$data merge entity $(bone_akm3) {transformation: [0f,0f,0f,-0.1393f,0f,0f,0f,-0.4682f,0f,0f,0f,0.7598f,0f,0f,0f,1f],start_interpolation: 0,interpolation_duration: 2}
data modify entity @s data merge value {"cameras":{},"locators":{"akm":{"px":-0.12593579417009682,"py":-0.30264596653314807,"pz":0.8301805983624128,"ry":356.6695066188777,"rx":-11.582859694613422},"akm2":{"px":-0.13925924885124613,"py":-0.4681639227251327,"pz":0.7598405686392402,"ry":18.189436086356835,"rx":-6.267527143858192}}}