# This file was generated by Animated Java via MC-Build. It is not recommended to edit this file directly.
$data merge entity $(bone_magazine) {transformation: [0f,0f,0f,0.2386f,0f,0f,0f,-0.6122f,0f,0f,0f,0.671f,0f,0f,0f,1f],start_interpolation: 0,interpolation_duration: 2}
$data merge entity $(bone_chamber) {transformation: [0f,0f,0f,0.2386f,0f,0f,0f,-0.6122f,0f,0f,0f,0.671f,0f,0f,0f,1f],start_interpolation: 0,interpolation_duration: 2}
$data merge entity $(bone_akm1) {transformation: [0f,0f,0f,0.2386f,0f,0f,0f,-0.6122f,0f,0f,0f,0.671f,0f,0f,0f,1f],start_interpolation: 0,interpolation_duration: 2}
$data merge entity $(bone_magazine2) {transformation: [-0.8414f,0.5079f,-0.1847f,0.0585f,0.5391f,0.8129f,-0.2203f,-0.7534f,0.0382f,-0.285f,-0.9578f,0.4439f,0f,0f,0f,1f],start_interpolation: 0,interpolation_duration: 2}
$data merge entity $(bone_right_arm) {transformation: [-0.7564f,-0.451f,-0.4738f,-0.0869f,0.5985f,-0.1846f,-0.7796f,-0.7829f,0.2641f,-0.8732f,0.4095f,0.1728f,0f,0f,0f,1f],start_interpolation: 0,interpolation_duration: 2}
$data merge entity $(bone_forearm) {transformation: [-0.9569f,0.2527f,-0.1431f,0.3533f,0.0353f,-0.3877f,-0.9211f,-0.5971f,-0.2882f,-0.8865f,0.3621f,0.2479f,0f,0f,0f,1f],start_interpolation: 0,interpolation_duration: 2}
$data merge entity $(bone_magazine1) {transformation: [0f,0f,0f,0.1483f,0f,0f,0f,-0.6296f,0f,0f,0f,0.2664f,0f,0f,0f,1f],start_interpolation: 0,interpolation_duration: 2}
$data merge entity $(bone_chamber1) {transformation: [-0.9029f,0.4136f,-0.1173f,0.1865f,0.4277f,0.8362f,-0.3434f,-0.5326f,-0.0439f,-0.3602f,-0.9318f,0.427f,0f,0f,0f,1f],start_interpolation: 0,interpolation_duration: 2}
$data merge entity $(bone_akm3) {transformation: [-0.9029f,0.4136f,-0.1173f,0.1865f,0.4277f,0.8362f,-0.3434f,-0.5326f,-0.0439f,-0.3602f,-0.9318f,0.427f,0f,0f,0f,1f],start_interpolation: 0,interpolation_duration: 2}
data modify entity @s data merge value {"cameras":{},"locators":{"akm":{"px":0.2386082267893957,"py":-0.612176174127752,"pz":0.67096232527578,"ry":332.68588398283805,"rx":-10.636317889826074},"akm2":{"px":0.2584734354882113,"py":-0.3362014941597036,"pz":0.8598557442945808,"ry":352.82354492815693,"rx":-20.083316619998442}}}