# This file was generated by Animated Java via MC-Build. It is not recommended to edit this file directly.
$data merge entity $(bone_magazine) {transformation: [-0.7928f,0f,0f,0.2211f,0.537f,0f,0f,-0.6353f,0.2882f,0f,0f,0.6657f,0f,0f,0f,1f],start_interpolation: 0,interpolation_duration: 0}
$data merge entity $(bone_chamber) {transformation: [-0.7928f,0f,0f,0.2211f,0.537f,0f,0f,-0.6353f,0.2882f,0f,0f,0.6657f,0f,0f,0f,1f],start_interpolation: 0,interpolation_duration: 0}
$data merge entity $(bone_akm1) {transformation: [-0.7928f,0f,0f,0.2211f,0.537f,0f,0f,-0.6353f,0.2882f,0f,0f,0.6657f,0f,0f,0f,1f],start_interpolation: 0,interpolation_duration: 0}
$data merge entity $(bone_magazine2) {transformation: [-0.8604f,0.4746f,-0.1859f,0.0445f,0.5084f,0.825f,-0.2469f,-0.7823f,0.0362f,-0.3069f,-0.951f,0.4425f,0f,0f,0f,1f],start_interpolation: 0,interpolation_duration: 0}
$data merge entity $(bone_right_arm) {transformation: [-0.7682f,-0.4598f,-0.4455f,-0.1054f,0.5836f,-0.2168f,-0.7825f,-0.8224f,0.2632f,-0.8611f,0.4349f,0.1755f,0f,0f,0f,1f],start_interpolation: 0,interpolation_duration: 0}
$data merge entity $(bone_forearm) {transformation: [-0.9606f,0.2501f,-0.1211f,0.3543f,0.0136f,-0.3928f,-0.9195f,-0.5913f,-0.2775f,-0.885f,0.3739f,0.2415f,0f,0f,0f,1f],start_interpolation: 0,interpolation_duration: 0}
$data merge entity $(bone_magazine1) {transformation: [0f,0f,0f,0.1466f,0f,0f,0f,-0.6259f,0f,0f,0f,0.2626f,0f,0f,0f,1f],start_interpolation: 0,interpolation_duration: 0}
$data merge entity $(bone_chamber1) {transformation: [-0.9086f,0.3932f,-0.1407f,0.1884f,0.4172f,0.8399f,-0.3471f,-0.5281f,-0.0183f,-0.3741f,-0.9272f,0.4218f,0f,0f,0f,1f],start_interpolation: 0,interpolation_duration: 0}
$data merge entity $(bone_akm3) {transformation: [-0.9086f,0.3932f,-0.1407f,0.1884f,0.4172f,0.8399f,-0.3471f,-0.5281f,-0.0183f,-0.3741f,-0.9272f,0.4218f,0f,0f,0f,1f],start_interpolation: 0,interpolation_duration: 0}
data modify entity @s data merge value {"cameras":{},"locators":{"akm":{"px":0.2210814069416351,"py":-0.635280330014194,"pz":0.6656967702312276,"ry":332.3133787434468,"rx":-11.903980413069165},"akm2":{"px":0.2708181361765402,"py":-0.32971427495873373,"pz":0.8518993264689816,"ry":351.36826513640005,"rx":-20.312367869238845}}}