# This file was generated by Animated Java via MC-Build. It is not recommended to edit this file directly.
$data merge entity $(bone_magazine) {transformation: [0f,0f,0f,0.0872f,0f,0f,0f,-0.8163f,0f,0f,0f,0.4893f,0f,0f,0f,1f],start_interpolation: 0,interpolation_duration: 2}
$data merge entity $(bone_chamber) {transformation: [0f,0f,0f,0.0872f,0f,0f,0f,-0.8163f,0f,0f,0f,0.4893f,0f,0f,0f,1f],start_interpolation: 0,interpolation_duration: 2}
$data merge entity $(bone_akm1) {transformation: [0f,0f,0f,0.0872f,0f,0f,0f,-0.8163f,0f,0f,0f,0.4893f,0f,0f,0f,1f],start_interpolation: 0,interpolation_duration: 2}
$data merge entity $(bone_magazine2) {transformation: [-0.9288f,0.5933f,0.0038f,-0.0456f,0.5932f,0.9287f,-0.0138f,-0.8969f,-0.0106f,-0.0096f,-1.102f,0.2283f,0f,0f,0f,1f],start_interpolation: 0,interpolation_duration: 2}
$data merge entity $(bone_right_arm) {transformation: [-0.7771f,-0.3044f,-0.5508f,-0.1493f,0.5731f,0.0194f,-0.8193f,-0.8658f,0.2601f,-0.9523f,0.1594f,-0.0602f,0f,0f,0f,1f],start_interpolation: 0,interpolation_duration: 2}
$data merge entity $(bone_forearm) {transformation: [-0.9606f,0.2636f,-0.088f,0.3555f,-0.0266f,-0.4024f,-0.9151f,-0.5793f,-0.2766f,-0.8767f,0.3936f,0.1424f,0f,0f,0f,1f],start_interpolation: 0,interpolation_duration: 2}
$data merge entity $(bone_magazine1) {transformation: [0f,0f,0f,0.153f,0f,0f,0f,-0.6224f,0f,0f,0f,0.1646f,0f,0f,0f,1f],start_interpolation: 0,interpolation_duration: 2}
$data merge entity $(bone_chamber1) {transformation: [-0.9255f,0.3628f,-0.1088f,0.1875f,0.376f,0.8452f,-0.3799f,-0.5181f,-0.0459f,-0.3925f,-0.9186f,0.3215f,0f,0f,0f,1f],start_interpolation: 0,interpolation_duration: 2}
$data merge entity $(bone_akm3) {transformation: [-0.9255f,0.3628f,-0.1088f,0.1875f,0.376f,0.8452f,-0.3799f,-0.5181f,-0.0459f,-0.3925f,-0.9186f,0.3215f,0f,0f,0f,1f],start_interpolation: 0,interpolation_duration: 2}
data modify entity @s data merge value {"cameras":{},"locators":{"akm":{"px":0.08720066851804609,"py":-0.8162506173114907,"pz":0.48927178141539956,"ry":342.2720168483196,"rx":1.1136590285895913},"akm2":{"px":0.2534656479480042,"py":-0.3039085840351742,"pz":0.7467300347415765,"ry":353.2470521059838,"rx":-22.32608519606649}}}