# This file was generated by Animated Java via MC-Build. It is not recommended to edit this file directly.
$data merge entity $(bone_magazine) {transformation: [-0.8108f,0f,0f,-0.2953f,0.5443f,0f,0f,-1.2401f,0.215f,0f,0f,0.1342f,0f,0f,0f,1f],start_interpolation: 0,interpolation_duration: 1}
$data merge entity $(bone_chamber) {transformation: [-0.8108f,0f,0f,-0.2953f,0.5443f,0f,0f,-1.2401f,0.215f,0f,0f,0.1342f,0f,0f,0f,1f],start_interpolation: 0,interpolation_duration: 1}
$data merge entity $(bone_akm1) {transformation: [-0.8108f,0f,0f,-0.2953f,0.5443f,0f,0f,-1.2401f,0.215f,0f,0f,0.1342f,0f,0f,0f,1f],start_interpolation: 0,interpolation_duration: 1}
$data merge entity $(bone_magazine2) {transformation: [-0.7022f,0.4804f,0.5256f,-0.2705f,0.712f,0.4707f,0.521f,-1.1038f,0.0029f,0.74f,-0.6725f,-0.1507f,0f,0f,0f,1f],start_interpolation: 0,interpolation_duration: 1}
$data merge entity $(bone_right_arm) {transformation: [-0.7821f,0.2273f,-0.5802f,-0.2127f,0.5719f,0.6314f,-0.5237f,-0.8896f,0.2473f,-0.7414f,-0.6238f,-0.3642f,0f,0f,0f,1f],start_interpolation: 0,interpolation_duration: 1}
$data merge entity $(bone_forearm) {transformation: [-0.9575f,0.2786f,-0.0741f,0.356f,-0.0509f,-0.4163f,-0.9078f,-0.5663f,-0.2838f,-0.8655f,0.4128f,0.2389f,0f,0f,0f,1f],start_interpolation: 0,interpolation_duration: 1}
$data merge entity $(bone_magazine1) {transformation: [0f,0f,0f,0.1508f,0f,0f,0f,-0.6115f,0f,0f,0f,0.2602f,0f,0f,0f,1f],start_interpolation: 0,interpolation_duration: 1}
$data merge entity $(bone_chamber1) {transformation: [-0.9301f,0.3501f,-0.1113f,0.1853f,0.3647f,0.8432f,-0.3949f,-0.5045f,-0.0444f,-0.4079f,-0.912f,0.4152f,0f,0f,0f,1f],start_interpolation: 0,interpolation_duration: 1}
$data merge entity $(bone_akm3) {transformation: [-0.9301f,0.3501f,-0.1113f,0.1853f,0.3647f,0.8432f,-0.3949f,-0.5045f,-0.0444f,-0.4079f,-0.912f,0.4152f,0f,0f,0f,1f],start_interpolation: 0,interpolation_duration: 1}
data modify entity @s data merge value {"cameras":{},"locators":{"akm":{"px":-0.29534744922821593,"py":-1.2400797868819908,"pz":0.13421766051036466,"ry":17.60113931447978,"rx":39.58735656275982},"akm2":{"px":0.2520108949743361,"py":-0.2831262780068178,"pz":0.8366920588994671,"ry":353.04187153848113,"rx":-23.260611835413297}}}