# This file was generated by Animated Java via MC-Build. It is not recommended to edit this file directly.
$data merge entity $(bone_magazine) {transformation: [0f,0f,0f,0.2035f,0f,0f,0f,-0.6263f,0f,0f,0f,0.5736f,0f,0f,0f,1f],start_interpolation: 0,interpolation_duration: 2}
$data merge entity $(bone_chamber) {transformation: [0f,0f,0f,0.2035f,0f,0f,0f,-0.6263f,0f,0f,0f,0.5736f,0f,0f,0f,1f],start_interpolation: 0,interpolation_duration: 2}
$data merge entity $(bone_akm1) {transformation: [0f,0f,0f,0.2035f,0f,0f,0f,-0.6263f,0f,0f,0f,0.5736f,0f,0f,0f,1f],start_interpolation: 0,interpolation_duration: 2}
$data merge entity $(bone_magazine2) {transformation: [-0.8606f,0.5868f,-0.1534f,0.037f,0.6064f,0.8382f,-0.1955f,-0.7506f,0.0132f,-0.2482f,-1.0231f,0.351f,0f,0f,0f,1f],start_interpolation: 0,interpolation_duration: 2}
$data merge entity $(bone_right_arm) {transformation: [-0.7422f,-0.4132f,-0.5276f,-0.0953f,0.6243f,-0.1404f,-0.7684f,-0.766f,0.2435f,-0.8998f,0.3622f,0.0721f,0f,0f,0f,1f],start_interpolation: 0,interpolation_duration: 2}
$data merge entity $(bone_forearm) {transformation: [-0.938f,0.2859f,-0.1958f,0.3485f,0.0784f,-0.3755f,-0.9235f,-0.6007f,-0.3375f,-0.8816f,0.3298f,0.1741f,0f,0f,0f,1f],start_interpolation: 0,interpolation_duration: 2}
$data merge entity $(bone_magazine1) {transformation: [0f,0f,0f,0.1419f,0f,0f,0f,-0.626f,0f,0f,0f,0.1808f,0f,0f,0f,1f],start_interpolation: 0,interpolation_duration: 2}
$data merge entity $(bone_chamber1) {transformation: [-0.883f,0.4626f,-0.0793f,0.1748f,0.4624f,0.8284f,-0.3161f,-0.5343f,-0.0805f,-0.3158f,-0.9454f,0.3457f,0f,0f,0f,1f],start_interpolation: 0,interpolation_duration: 2}
$data merge entity $(bone_akm3) {transformation: [-0.883f,0.4626f,-0.0793f,0.1748f,0.4624f,0.8284f,-0.3161f,-0.5343f,-0.0805f,-0.3158f,-0.9454f,0.3457f,0f,0f,0f,1f],start_interpolation: 0,interpolation_duration: 2}
data modify entity @s data merge value {"cameras":{},"locators":{"akm":{"px":0.20350946450082794,"py":-0.6263419449985806,"pz":0.5736390901192318,"ry":335.33308071598344,"rx":-8.06962086998145},"akm2":{"px":0.230435523057395,"py":-0.35131846552761076,"pz":0.7867494652284032,"ry":355.2058529468146,"rx":-18.427523281327513}}}