# This file was generated by Animated Java via MC-Build. It is not recommended to edit this file directly.
$data merge entity $(bone_magazine) {transformation: [0f,0f,0f,0.191f,0f,0f,0f,-0.6757f,0f,0f,0f,0.6527f,0f,0f,0f,1f],start_interpolation: 0,interpolation_duration: 2}
$data merge entity $(bone_chamber) {transformation: [0f,0f,0f,0.191f,0f,0f,0f,-0.6757f,0f,0f,0f,0.6527f,0f,0f,0f,1f],start_interpolation: 0,interpolation_duration: 2}
$data merge entity $(bone_akm1) {transformation: [0f,0f,0f,0.191f,0f,0f,0f,-0.6757f,0f,0f,0f,0.6527f,0f,0f,0f,1f],start_interpolation: 0,interpolation_duration: 2}
$data merge entity $(bone_magazine2) {transformation: [-0.8662f,0.477f,-0.1489f,0.0204f,0.4991f,0.8402f,-0.212f,-0.8176f,0.024f,-0.258f,-0.9659f,0.4206f,0f,0f,0f,1f],start_interpolation: 0,interpolation_duration: 2}
$data merge entity $(bone_right_arm) {transformation: [-0.7759f,-0.4337f,-0.4582f,-0.1224f,0.5744f,-0.1854f,-0.7973f,-0.8485f,0.2608f,-0.8818f,0.393f,0.1488f,0f,0f,0f,1f],start_interpolation: 0,interpolation_duration: 2}
$data merge entity $(bone_forearm) {transformation: [-0.9623f,0.2515f,-0.1038f,0.3549f,-0.0054f,-0.3991f,-0.9169f,-0.5846f,-0.272f,-0.8817f,0.3854f,0.238f,0f,0f,0f,1f],start_interpolation: 0,interpolation_duration: 2}
$data merge entity $(bone_magazine1) {transformation: [0f,0f,0f,0.1516f,0f,0f,0f,-0.624f,0f,0f,0f,0.2608f,0f,0f,0f,1f],start_interpolation: 0,interpolation_duration: 2}
$data merge entity $(bone_chamber1) {transformation: [-0.9182f,0.3772f,-0.1206f,0.189f,0.3942f,0.8417f,-0.369f,-0.5219f,-0.0377f,-0.3864f,-0.9216f,0.4185f,0f,0f,0f,1f],start_interpolation: 0,interpolation_duration: 2}
$data merge entity $(bone_akm3) {transformation: [-0.9182f,0.3772f,-0.1206f,0.189f,0.3942f,0.8417f,-0.369f,-0.5219f,-0.0377f,-0.3864f,-0.9216f,0.4185f,0f,0f,0f,1f],start_interpolation: 0,interpolation_duration: 2}
data modify entity @s data merge value {"cameras":{},"locators":{"akm":{"px":0.19100485082524993,"py":-0.6757414546160926,"pz":0.6526705477298956,"ry":333.81209147692977,"rx":-10.687301681707453},"akm2":{"px":0.26111029365095,"py":-0.3130226786691561,"pz":0.8454100766089281,"ry":352.5452951979063,"rx":-21.65270736870639}}}