# This file was generated by Animated Java via MC-Build. It is not recommended to edit this file directly.
$data merge entity $(bone_magazine) {transformation: [-0.8094f,0f,0f,-0.2668f,0.5486f,0f,0f,-1.2061f,0.2095f,0f,0f,0.1893f,0f,0f,0f,1f],start_interpolation: 0,interpolation_duration: 1}
$data merge entity $(bone_chamber) {transformation: [-0.8094f,0f,0f,-0.2668f,0.5486f,0f,0f,-1.2061f,0.2095f,0f,0f,0.1893f,0f,0f,0f,1f],start_interpolation: 0,interpolation_duration: 1}
$data merge entity $(bone_akm1) {transformation: [-0.8094f,0f,0f,-0.2668f,0.5486f,0f,0f,-1.2061f,0.2095f,0f,0f,0.1893f,0f,0f,0f,1f],start_interpolation: 0,interpolation_duration: 1}
$data merge entity $(bone_magazine2) {transformation: [-0.711f,0.4874f,0.5068f,-0.251f,0.7026f,0.5221f,0.4836f,-1.0863f,-0.0289f,0.6999f,-0.7137f,-0.1027f,0f,0f,0f,1f],start_interpolation: 0,interpolation_duration: 1}
$data merge entity $(bone_right_arm) {transformation: [-0.7809f,0.1969f,-0.5928f,-0.2039f,0.5774f,0.5897f,-0.5647f,-0.8848f,0.2384f,-0.7833f,-0.5741f,-0.3304f,0f,0f,0f,1f],start_interpolation: 0,interpolation_duration: 1}
$data merge entity $(bone_forearm) {transformation: [-0.9542f,0.2883f,-0.0798f,0.3565f,-0.0512f,-0.4204f,-0.9059f,-0.564f,-0.2947f,-0.8603f,0.4159f,0.244f,0f,0f,0f,1f],start_interpolation: 0,interpolation_duration: 1}
$data merge entity $(bone_magazine1) {transformation: [0f,0f,0f,0.1511f,0f,0f,0f,-0.6089f,0f,0f,0f,0.2631f,0f,0f,0f,1f],start_interpolation: 0,interpolation_duration: 1}
$data merge entity $(bone_chamber1) {transformation: [-0.9292f,0.3557f,-0.1005f,0.1839f,0.3652f,0.8411f,-0.3991f,-0.5013f,-0.0574f,-0.4075f,-0.9114f,0.4181f,0f,0f,0f,1f],start_interpolation: 0,interpolation_duration: 1}
$data merge entity $(bone_akm3) {transformation: [-0.9292f,0.3557f,-0.1005f,0.1839f,0.3652f,0.8411f,-0.3991f,-0.5013f,-0.0574f,-0.4075f,-0.9114f,0.4181f,0f,0f,0f,1f],start_interpolation: 0,interpolation_duration: 1}
data modify entity @s data merge value {"cameras":{},"locators":{"akm":{"px":-0.26684885944147857,"py":-1.206107821695373,"pz":0.18929127637891108,"ry":14.6034933915912,"rx":36.55964544323838},"akm2":{"px":0.2455895692229122,"py":-0.27800677938764107,"pz":0.8393066094999346,"ry":353.70563946042944,"rx":-23.518825798570738}}}