# This file was generated by Animated Java via MC-Build. It is not recommended to edit this file directly.
$data merge entity $(bone_magazine) {transformation: [0f,0f,0f,-0.0242f,0f,0f,0f,-0.8063f,0f,0f,0f,0.517f,0f,0f,0f,1f],start_interpolation: 0,interpolation_duration: 2}
$data merge entity $(bone_chamber) {transformation: [0f,0f,0f,-0.0242f,0f,0f,0f,-0.8063f,0f,0f,0f,0.517f,0f,0f,0f,1f],start_interpolation: 0,interpolation_duration: 2}
$data merge entity $(bone_akm1) {transformation: [0f,0f,0f,-0.0242f,0f,0f,0f,-0.8063f,0f,0f,0f,0.517f,0f,0f,0f,1f],start_interpolation: 0,interpolation_duration: 2}
$data merge entity $(bone_magazine2) {transformation: [-0.8121f,0.7283f,0.2632f,-0.1125f,0.7504f,0.8342f,0.0071f,-0.8453f,-0.191f,0.1812f,-1.0908f,0.2302f,0f,0f,0f,1f],start_interpolation: 0,interpolation_duration: 2}
$data merge entity $(bone_right_arm) {transformation: [-0.6718f,-0.1168f,-0.7315f,-0.163f,0.7226f,0.114f,-0.6818f,-0.7863f,0.1631f,-0.9866f,0.0078f,-0.0666f,0f,0f,0f,1f],start_interpolation: 0,interpolation_duration: 2}
$data merge entity $(bone_forearm) {transformation: [-0.8547f,0.3769f,-0.3571f,0.3352f,0.1994f,-0.3968f,-0.896f,-0.6388f,-0.4794f,-0.837f,0.264f,0.236f,0f,0f,0f,1f],start_interpolation: 0,interpolation_duration: 2}
$data merge entity $(bone_magazine1) {transformation: [0f,0f,0f,0.1286f,0f,0f,0f,-0.6381f,0f,0f,0f,0.209f,0f,0f,0f,1f],start_interpolation: 0,interpolation_duration: 2}
$data merge entity $(bone_chamber1) {transformation: [-0.7957f,0.6046f,0.0368f,0.1454f,0.5701f,0.7681f,-0.2915f,-0.5534f,-0.2044f,-0.211f,-0.9559f,0.38f,0f,0f,0f,1f],start_interpolation: 0,interpolation_duration: 2}
$data merge entity $(bone_akm3) {transformation: [-0.7957f,0.6046f,0.0368f,0.1454f,0.5701f,0.7681f,-0.2915f,-0.5534f,-0.2044f,-0.211f,-0.9559f,0.38f,0f,0f,0f,1f],start_interpolation: 0,interpolation_duration: 2}
data modify entity @s data merge value {"cameras":{},"locators":{"akm":{"px":-0.0242160734303917,"py":-0.8062787017903191,"pz":0.5170346134384847,"ry":353.2462984457315,"rx":6.547041714565363},"akm2":{"px":0.15078454539171424,"py":-0.38449190007342315,"pz":0.8300135523065328,"ry":2.202098176536225,"rx":-16.945022609700207}}}