# This file was generated by Animated Java via MC-Build. It is not recommended to edit this file directly.
$data merge entity $(bone_magazine) {transformation: [0f,0f,0f,0.052f,0f,0f,0f,-0.7226f,0f,0f,0f,0.5811f,0f,0f,0f,1f],start_interpolation: 0,interpolation_duration: 2}
$data merge entity $(bone_chamber) {transformation: [0f,0f,0f,0.052f,0f,0f,0f,-0.7226f,0f,0f,0f,0.5811f,0f,0f,0f,1f],start_interpolation: 0,interpolation_duration: 2}
$data merge entity $(bone_akm1) {transformation: [0f,0f,0f,0.052f,0f,0f,0f,-0.7226f,0f,0f,0f,0.5811f,0f,0f,0f,1f],start_interpolation: 0,interpolation_duration: 2}
$data merge entity $(bone_magazine2) {transformation: [-0.8538f,0.7072f,0.1329f,-0.069f,0.6954f,0.8639f,-0.1295f,-0.7986f,-0.1848f,-0.0163f,-1.101f,0.3145f,0f,0f,0f,1f],start_interpolation: 0,interpolation_duration: 2}
$data merge entity $(bone_right_arm) {transformation: [-0.6667f,-0.244f,-0.7043f,-0.16f,0.7287f,-0.0146f,-0.6847f,-0.7792f,0.1568f,-0.9697f,0.1875f,0.0223f,0f,0f,0f,1f],start_interpolation: 0,interpolation_duration: 2}
$data merge entity $(bone_forearm) {transformation: [-0.848f,0.3839f,-0.3654f,0.3338f,0.2033f,-0.401f,-0.8932f,-0.6384f,-0.4894f,-0.8317f,0.2621f,0.24f,0f,0f,0f,1f],start_interpolation: 0,interpolation_duration: 2}
$data merge entity $(bone_magazine1) {transformation: [0f,0f,0f,0.1276f,0f,0f,0f,-0.6365f,0f,0f,0f,0.2107f,0f,0f,0f,1f],start_interpolation: 0,interpolation_duration: 2}
$data merge entity $(bone_chamber1) {transformation: [-0.79f,0.6115f,0.0458f,0.1429f,0.5743f,0.764f,-0.2939f,-0.5516f,-0.2147f,-0.2059f,-0.9547f,0.3816f,0f,0f,0f,1f],start_interpolation: 0,interpolation_duration: 2}
$data merge entity $(bone_akm3) {transformation: [-0.79f,0.6115f,0.0458f,0.1429f,0.5743f,0.764f,-0.2939f,-0.5516f,-0.2147f,-0.2059f,-0.9547f,0.3816f,0f,0f,0f,1f],start_interpolation: 0,interpolation_duration: 2}
data modify entity @s data merge value {"cameras":{},"locators":{"akm":{"px":0.052013982022721235,"py":-0.7225906916400074,"pz":0.5810756437740874,"ry":345.8785415206975,"rx":-0.8345536599620114},"akm2":{"px":0.14423317271542155,"py":-0.3816195258489794,"pz":0.8312810394705823,"ry":2.743803189975523,"rx":-17.094034005284975}}}