# This file was generated by Animated Java via MC-Build. It is not recommended to edit this file directly.
$data merge entity $(bone_magazine) {transformation: [-0.7777f,0f,0f,-0.1234f,0.5968f,0f,0f,-1.004f,0.1974f,0f,0f,0.4413f,0f,0f,0f,1f],start_interpolation: 0,interpolation_duration: 1}
$data merge entity $(bone_chamber) {transformation: [-0.7777f,0f,0f,-0.1234f,0.5968f,0f,0f,-1.004f,0.1974f,0f,0f,0.4413f,0f,0f,0f,1f],start_interpolation: 0,interpolation_duration: 1}
$data merge entity $(bone_akm1) {transformation: [-0.7777f,0f,0f,-0.1234f,0.5968f,0f,0f,-1.004f,0.1974f,0f,0f,0.4413f,0f,0f,0f,1f],start_interpolation: 0,interpolation_duration: 1}
$data merge entity $(bone_magazine2) {transformation: [-0.7389f,0.5663f,0.3652f,-0.1632f,0.6645f,0.7024f,0.2551f,-0.9705f,-0.1121f,0.4312f,-0.8953f,0.1311f,0f,0f,0f,1f],start_interpolation: 0,interpolation_duration: 1}
$data merge entity $(bone_right_arm) {transformation: [-0.7476f,0.026f,-0.6636f,-0.1701f,0.6299f,0.3443f,-0.6961f,-0.8427f,0.2104f,-0.9385f,-0.2738f,-0.1481f,0f,0f,0f,1f],start_interpolation: 0,interpolation_duration: 1}
$data merge entity $(bone_forearm) {transformation: [-0.9312f,0.3205f,-0.1738f,0.357f,0.0288f,-0.4106f,-0.9114f,-0.5907f,-0.3634f,-0.8536f,0.3732f,0.2766f,0f,0f,0f,1f],start_interpolation: 0,interpolation_duration: 1}
$data merge entity $(bone_magazine1) {transformation: [0f,0f,0f,0.1482f,0f,0f,0f,-0.6212f,0f,0f,0f,0.2793f,0f,0f,0f,1f],start_interpolation: -1,interpolation_duration: 0}
$data merge entity $(bone_chamber1) {transformation: [-0.8945f,0.443f,-0.0601f,0.1768f,0.4335f,0.8263f,-0.3597f,-0.5215f,-0.1097f,-0.3478f,-0.9311f,0.4403f,0f,0f,0f,1f],start_interpolation: 0,interpolation_duration: 1}
$data merge entity $(bone_akm3) {transformation: [-0.8945f,0.443f,-0.0601f,0.1768f,0.4335f,0.8263f,-0.3597f,-0.5215f,-0.1097f,-0.3478f,-0.9311f,0.4403f,0f,0f,0f,1f],start_interpolation: 0,interpolation_duration: 1}
data modify entity @s data merge value {"cameras":{},"locators":{"akm":{"px":-0.1233943405336423,"py":-1.004045355099787,"pz":0.4413037206103378,"ry":1.943947916029515,"rx":20.548963313520915},"akm2":{"px":0.22250739878996428,"py":-0.31763932001339906,"pz":0.8732604084145609,"ry":356.3052370973919,"rx":-21.078885292201925}}}