# This file was generated by Animated Java via MC-Build. It is not recommended to edit this file directly.
$data merge entity $(bone_magazine) {transformation: [0f,0f,0f,0.1902f,0f,0f,0f,-0.6778f,0f,0f,0f,0.5591f,0f,0f,0f,1f],start_interpolation: 0,interpolation_duration: 2}
$data merge entity $(bone_chamber) {transformation: [0f,0f,0f,0.1902f,0f,0f,0f,-0.6778f,0f,0f,0f,0.5591f,0f,0f,0f,1f],start_interpolation: 0,interpolation_duration: 2}
$data merge entity $(bone_akm1) {transformation: [0f,0f,0f,0.1902f,0f,0f,0f,-0.6778f,0f,0f,0f,0.5591f,0f,0f,0f,1f],start_interpolation: 0,interpolation_duration: 2}
$data merge entity $(bone_magazine2) {transformation: [-0.8649f,0.4795f,-0.1482f,0.0195f,0.5013f,0.8395f,-0.2094f,-0.8186f,0.024f,-0.2554f,-0.9665f,0.3263f,0f,0f,0f,1f],start_interpolation: 0,interpolation_duration: 2}
$data merge entity $(bone_right_arm) {transformation: [-0.7749f,-0.4328f,-0.4606f,-0.1229f,0.5756f,-0.1823f,-0.7971f,-0.8486f,0.261f,-0.8829f,0.3904f,0.0542f,0f,0f,0f,1f],start_interpolation: 0,interpolation_duration: 2}
$data merge entity $(bone_forearm) {transformation: [-0.9621f,0.2507f,-0.1078f,0.3548f,-0.0008f,-0.3974f,-0.9176f,-0.5863f,-0.2729f,-0.8827f,0.3825f,0.1449f,0f,0f,0f,1f],start_interpolation: 0,interpolation_duration: 2}
$data merge entity $(bone_magazine1) {transformation: [0f,0f,0f,0.1513f,0f,0f,0f,-0.625f,0f,0f,0f,0.1674f,0f,0f,0f,1f],start_interpolation: 0,interpolation_duration: 2}
$data merge entity $(bone_chamber1) {transformation: [-0.9166f,0.3809f,-0.1212f,0.1889f,0.398f,0.8414f,-0.3657f,-0.5235f,-0.0373f,-0.3835f,-0.9228f,0.3255f,0f,0f,0f,1f],start_interpolation: 0,interpolation_duration: 2}
$data merge entity $(bone_akm3) {transformation: [-0.9166f,0.3809f,-0.1212f,0.1889f,0.398f,0.8414f,-0.3657f,-0.5235f,-0.0373f,-0.3835f,-0.9228f,0.3255f,0f,0f,0f,1f],start_interpolation: 0,interpolation_duration: 2}
data modify entity @s data merge value {"cameras":{},"locators":{"akm":{"px":0.19017676943822354,"py":-0.6777596800400646,"pz":0.5590745503914687,"ry":333.8869571829995,"rx":-10.503797366559567},"akm2":{"px":0.261536714295369,"py":-0.3162450010050748,"pz":0.7530459493087474,"ry":352.5159074434697,"rx":-21.451667646428675}}}