# This file was generated by Animated Java via MC-Build. It is not recommended to edit this file directly.
$data merge entity $(bone_magazine) {transformation: [0f,0f,0f,-0.0036f,0f,0f,0f,-0.8697f,0f,0f,0f,0.3186f,0f,0f,0f,1f],start_interpolation: 0,interpolation_duration: 2}
$data merge entity $(bone_chamber) {transformation: [0f,0f,0f,-0.0036f,0f,0f,0f,-0.8697f,0f,0f,0f,0.3186f,0f,0f,0f,1f],start_interpolation: 0,interpolation_duration: 2}
$data merge entity $(bone_akm1) {transformation: [0f,0f,0f,-0.0036f,0f,0f,0f,-0.8697f,0f,0f,0f,0.3186f,0f,0f,0f,1f],start_interpolation: 0,interpolation_duration: 2}
$data merge entity $(bone_magazine2) {transformation: [-0.8903f,0.6308f,0.1462f,-0.1047f,0.6472f,0.8742f,0.1696f,-0.8969f,-0.019f,0.2231f,-1.0779f,0.0335f,0f,0f,0f,1f],start_interpolation: 0,interpolation_duration: 2}
$data merge entity $(bone_right_arm) {transformation: [-0.7781f,-0.1757f,-0.603f,-0.168f,0.5721f,0.1979f,-0.7959f,-0.8112f,0.2592f,-0.9643f,-0.0535f,-0.2558f,0f,0f,0f,1f],start_interpolation: 0,interpolation_duration: 2}
$data merge entity $(bone_forearm) {transformation: [-0.9607f,0.2641f,-0.0853f,0.3556f,-0.03f,-0.4043f,-0.9142f,-0.515f,-0.2759f,-0.8757f,0.3963f,0.0484f,0f,0f,0f,1f],start_interpolation: 0,interpolation_duration: 2}
$data merge entity $(bone_magazine1) {transformation: [0f,0f,0f,0.1531f,0f,0f,0f,-0.5586f,0f,0f,0f,0.0709f,0f,0f,0f,1f],start_interpolation: 0,interpolation_duration: 2}
$data merge entity $(bone_chamber1) {transformation: [-0.9265f,0.3603f,-0.1083f,0.1875f,0.3734f,0.845f,-0.3828f,-0.4538f,-0.0464f,-0.3952f,-0.9174f,0.2274f,0f,0f,0f,1f],start_interpolation: 0,interpolation_duration: 2}
$data merge entity $(bone_akm3) {transformation: [-0.9265f,0.3603f,-0.1083f,0.1875f,0.3734f,0.845f,-0.3828f,-0.4538f,-0.0464f,-0.3952f,-0.9174f,0.2274f,0f,0f,0f,1f],start_interpolation: 0,interpolation_duration: 2}
data modify entity @s data merge value {"cameras":{},"locators":{"akm":{"px":-0.003556829118618744,"py":-0.8696887696892567,"pz":0.31859998739261575,"ry":349.67184063899066,"rx":11.41646539910874},"akm2":{"px":0.25314123686297313,"py":-0.23816890318560605,"pz":0.6520218987065374,"ry":353.26495043703915,"rx":-22.510037911246148}}}