# This file was generated by Animated Java via MC-Build. It is not recommended to edit this file directly.
$data merge entity $(bone_magazine) {transformation: [0f,0f,0f,-0.2737f,0f,0f,0f,-1.2114f,0f,0f,0f,0.1785f,0f,0f,0f,1f],start_interpolation: 0,interpolation_duration: 2}
$data merge entity $(bone_chamber) {transformation: [0f,0f,0f,-0.2737f,0f,0f,0f,-1.2114f,0f,0f,0f,0.1785f,0f,0f,0f,1f],start_interpolation: 0,interpolation_duration: 2}
$data merge entity $(bone_akm1) {transformation: [0f,0f,0f,-0.2737f,0f,0f,0f,-1.2114f,0f,0f,0f,0.1785f,0f,0f,0f,1f],start_interpolation: 0,interpolation_duration: 2}
$data merge entity $(bone_magazine2) {transformation: [-0.7063f,0.4868f,0.5141f,-0.2563f,0.7076f,0.507f,0.4921f,-1.0891f,-0.0211f,0.7113f,-0.7025f,-0.1149f,0f,0f,0f,1f],start_interpolation: 0,interpolation_duration: 2}
$data merge entity $(bone_right_arm) {transformation: [-0.7804f,0.2098f,-0.589f,-0.2045f,0.5785f,0.5995f,-0.5531f,-0.8844f,0.2371f,-0.7724f,-0.5892f,-0.3388f,0f,0f,0f,1f],start_interpolation: 0,interpolation_duration: 2}
$data merge entity $(bone_forearm) {transformation: [-0.9558f,0.2795f,-0.0916f,0.3562f,-0.0359f,-0.4199f,-0.9068f,-0.5668f,-0.2919f,-0.8635f,0.4114f,0.2462f,0f,0f,0f,1f],start_interpolation: 0,interpolation_duration: 2}
$data merge entity $(bone_magazine1) {transformation: [0f,0f,0f,0.1534f,0f,0f,0f,-0.6101f,0f,0f,0f,0.2659f,0f,0f,0f,1f],start_interpolation: 0,interpolation_duration: 2}
$data merge entity $(bone_chamber1) {transformation: [-0.9258f,0.3666f,-0.0922f,0.185f,0.3716f,0.838f,-0.3996f,-0.5025f,-0.0692f,-0.4042f,-0.912f,0.4211f,0f,0f,0f,1f],start_interpolation: 0,interpolation_duration: 2}
$data merge entity $(bone_akm3) {transformation: [-0.9258f,0.3666f,-0.0922f,0.185f,0.3716f,0.838f,-0.3996f,-0.5025f,-0.0692f,-0.4042f,-0.912f,0.4211f,0f,0f,0f,1f],start_interpolation: 0,interpolation_duration: 2}
data modify entity @s data merge value {"cameras":{},"locators":{"akm":{"px":-0.2736539681388929,"py":-1.2113722520860903,"pz":0.1785257458392636,"ry":15.193935504239988,"rx":36.83554876859422},"akm2":{"px":0.24312071589361098,"py":-0.2790551711154666,"pz":0.8427610447511433,"ry":354.22701583949197,"rx":-23.55406826494677}}}