# This file was generated by Animated Java via MC-Build. It is not recommended to edit this file directly.
$data merge entity $(bone_magazine) {transformation: [-0.8102f,0f,0f,-0.276f,0.5488f,0f,0f,-1.2135f,0.2059f,0f,0f,0.1762f,0f,0f,0f,1f],start_interpolation: 0,interpolation_duration: 0}
$data merge entity $(bone_chamber) {transformation: [-0.8102f,0f,0f,-0.276f,0.5488f,0f,0f,-1.2135f,0.2059f,0f,0f,0.1762f,0f,0f,0f,1f],start_interpolation: 0,interpolation_duration: 0}
$data merge entity $(bone_akm1) {transformation: [-0.8102f,0f,0f,-0.276f,0.5488f,0f,0f,-1.2135f,0.2059f,0f,0f,0.1762f,0f,0f,0f,1f],start_interpolation: 0,interpolation_duration: 0}
$data merge entity $(bone_magazine2) {transformation: [-0.7063f,0.4868f,0.5141f,-0.2563f,0.7076f,0.507f,0.4921f,-1.0891f,-0.0211f,0.7113f,-0.7025f,-0.1149f,0f,0f,0f,1f],start_interpolation: 0,interpolation_duration: 0}
$data merge entity $(bone_right_arm) {transformation: [-0.7804f,0.2098f,-0.589f,-0.2045f,0.5785f,0.5995f,-0.5531f,-0.8844f,0.2371f,-0.7724f,-0.5892f,-0.3388f,0f,0f,0f,1f],start_interpolation: 0,interpolation_duration: 0}
$data merge entity $(bone_forearm) {transformation: [-0.9558f,0.2795f,-0.0916f,0.3562f,-0.0359f,-0.4199f,-0.9068f,-0.5668f,-0.2919f,-0.8635f,0.4114f,0.2462f,0f,0f,0f,1f],start_interpolation: 0,interpolation_duration: 0}
$data merge entity $(bone_magazine1) {transformation: [0f,0f,0f,0.15f,0f,0f,0f,-0.6087f,0f,0f,0f,0.2657f,0f,0f,0f,1f],start_interpolation: 0,interpolation_duration: 0}
$data merge entity $(bone_chamber1) {transformation: [-0.9238f,0.3666f,-0.1103f,0.185f,0.3793f,0.838f,-0.3922f,-0.5025f,-0.0514f,-0.4042f,-0.9132f,0.4211f,0f,0f,0f,1f],start_interpolation: 0,interpolation_duration: 0}
$data merge entity $(bone_akm3) {transformation: [-0.9238f,0.3666f,-0.1103f,0.185f,0.3793f,0.838f,-0.3922f,-0.5025f,-0.0514f,-0.4042f,-0.9132f,0.4211f,0f,0f,0f,1f],start_interpolation: 0,interpolation_duration: 0}
data modify entity @s data merge value {"cameras":{},"locators":{"akm":{"px":-0.2759747396060375,"py":-1.2135514868414021,"pz":0.17620396120577578,"ry":15.73731726275372,"rx":37.29320093753099},"akm2":{"px":0.25177719894113987,"py":-0.28258452937653095,"pz":0.8433332751008449,"ry":353.11480025195283,"rx":-23.094399446946685}}}