# This file was generated by Animated Java via MC-Build. It is not recommended to edit this file directly.
$data merge entity $(bone_magazine) {transformation: [0f,0f,0f,-0.1371f,0f,0f,0f,-1.0827f,0f,0f,0f,0.262f,0f,0f,0f,1f],start_interpolation: 0,interpolation_duration: 2}
$data merge entity $(bone_chamber) {transformation: [0f,0f,0f,-0.1371f,0f,0f,0f,-1.0827f,0f,0f,0f,0.262f,0f,0f,0f,1f],start_interpolation: 0,interpolation_duration: 2}
$data merge entity $(bone_akm1) {transformation: [0f,0f,0f,-0.1371f,0f,0f,0f,-1.0827f,0f,0f,0f,0.262f,0f,0f,0f,1f],start_interpolation: 0,interpolation_duration: 2}
$data merge entity $(bone_magazine2) {transformation: [-0.8448f,0.6217f,0.3597f,-0.1846f,0.7179f,0.7484f,0.3926f,-1.0354f,-0.0227f,0.532f,-0.9727f,-0.0341f,0f,0f,0f,1f],start_interpolation: 0,interpolation_duration: 2}
$data merge entity $(bone_right_arm) {transformation: [-0.7806f,0.0137f,-0.6249f,-0.1908f,0.5706f,0.4237f,-0.7035f,-0.8824f,0.2551f,-0.9057f,-0.3385f,-0.3013f,0f,0f,0f,1f],start_interpolation: 0,interpolation_duration: 2}
$data merge entity $(bone_forearm) {transformation: [-0.9599f,0.2693f,-0.0776f,0.3557f,-0.0413f,-0.4099f,-0.9112f,-0.572f,-0.2772f,-0.8715f,0.4046f,0.1424f,0f,0f,0f,1f],start_interpolation: 0,interpolation_duration: 2}
$data merge entity $(bone_magazine1) {transformation: [0f,0f,0f,0.1536f,0f,0f,0f,-0.6172f,0f,0f,0f,0.1649f,0f,0f,0f,1f],start_interpolation: 0,interpolation_duration: 2}
$data merge entity $(bone_chamber1) {transformation: [-0.9298f,0.3532f,-0.1033f,0.1868f,0.3644f,0.8446f,-0.3923f,-0.5107f,-0.0513f,-0.4024f,-0.914f,0.3206f,0f,0f,0f,1f],start_interpolation: 0,interpolation_duration: 2}
$data merge entity $(bone_akm3) {transformation: [-0.9298f,0.3532f,-0.1033f,0.1868f,0.3644f,0.8446f,-0.3923f,-0.5107f,-0.0513f,-0.4024f,-0.914f,0.3206f,0f,0f,0f,1f],start_interpolation: 0,interpolation_duration: 2}
data modify entity @s data merge value {"cameras":{},"locators":{"akm":{"px":-0.13706812449475383,"py":-1.0827096136734526,"pz":0.2620048904279512,"ry":0.8651709972492654,"rx":25.06612112212529},"akm2":{"px":0.24972453498155844,"py":-0.29055031645200474,"pz":0.7432618083108018,"ry":353.55487582976014,"rx":-23.094839352826952}}}