# This file was generated by Animated Java via MC-Build. It is not recommended to edit this file directly.
$data merge entity $(bone_magazine) {transformation: [0f,0f,0f,-0.1073f,0f,0f,0f,-0.9279f,0f,0f,0f,0.3965f,0f,0f,0f,1f],start_interpolation: 0,interpolation_duration: 2}
$data merge entity $(bone_chamber) {transformation: [0f,0f,0f,-0.1073f,0f,0f,0f,-0.9279f,0f,0f,0f,0.3965f,0f,0f,0f,1f],start_interpolation: 0,interpolation_duration: 2}
$data merge entity $(bone_akm1) {transformation: [0f,0f,0f,-0.1073f,0f,0f,0f,-0.9279f,0f,0f,0f,0.3965f,0f,0f,0f,1f],start_interpolation: 0,interpolation_duration: 2}
$data merge entity $(bone_magazine2) {transformation: [-0.7936f,0.6777f,0.4138f,-0.1533f,0.7749f,0.7888f,0.1943f,-0.917f,-0.1735f,0.4229f,-1.0254f,0.0976f,0f,0f,0f,1f],start_interpolation: 0,interpolation_duration: 2}
$data merge entity $(bone_right_arm) {transformation: [-0.7046f,0.0217f,-0.7093f,-0.1623f,0.685f,0.2819f,-0.6718f,-0.8077f,0.1854f,-0.9592f,-0.2135f,-0.1891f,0f,0f,0f,1f],start_interpolation: 0,interpolation_duration: 2}
$data merge entity $(bone_forearm) {transformation: [-0.8922f,0.3537f,-0.2808f,0.3476f,0.1278f,-0.3987f,-0.9082f,-0.6219f,-0.4332f,-0.8461f,0.3105f,0.2142f,0f,0f,0f,1f],start_interpolation: 0,interpolation_duration: 2}
$data merge entity $(bone_magazine1) {transformation: [0f,0f,0f,0.1402f,0f,0f,0f,-0.6355f,0f,0f,0f,0.1995f,0f,0f,0f,1f],start_interpolation: 0,interpolation_duration: 2}
$data merge entity $(bone_chamber1) {transformation: [-0.8424f,0.5389f,0.0011f,0.1611f,0.5104f,0.7984f,-0.3195f,-0.5444f,-0.173f,-0.2686f,-0.9476f,0.3667f,0f,0f,0f,1f],start_interpolation: 0,interpolation_duration: 2}
$data merge entity $(bone_akm3) {transformation: [-0.8424f,0.5389f,0.0011f,0.1611f,0.5104f,0.7984f,-0.3195f,-0.5444f,-0.173f,-0.2686f,-0.9476f,0.3667f,0f,0f,0f,1f],start_interpolation: 0,interpolation_duration: 2}
data modify entity @s data merge value {"cameras":{},"locators":{"akm":{"px":-0.1073002632577027,"py":-0.9279031059697347,"pz":0.3964768175601308,"ry":1.2972998683615344,"rx":16.37530243695629},"akm2":{"px":0.18107749810966076,"py":-0.3608865735226827,"pz":0.8105573063978255,"ry":0.06429652563170407,"rx":-18.632481292515788}}}