# This file was generated by Animated Java via MC-Build. It is not recommended to edit this file directly.
$data merge entity $(bone_magazine) {transformation: [0f,0f,0f,-0.2187f,0f,0f,0f,-1.1472f,0f,0f,0f,0.2756f,0f,0f,0f,1f],start_interpolation: 0,interpolation_duration: 2}
$data merge entity $(bone_chamber) {transformation: [0f,0f,0f,-0.2187f,0f,0f,0f,-1.1472f,0f,0f,0f,0.2756f,0f,0f,0f,1f],start_interpolation: 0,interpolation_duration: 2}
$data merge entity $(bone_akm1) {transformation: [0f,0f,0f,-0.2187f,0f,0f,0f,-1.1472f,0f,0f,0f,0.2756f,0f,0f,0f,1f],start_interpolation: 0,interpolation_duration: 2}
$data merge entity $(bone_magazine2) {transformation: [-0.7238f,0.5137f,0.4607f,-0.2229f,0.6878f,0.5904f,0.4223f,-1.0558f,-0.055f,0.6225f,-0.7807f,-0.0286f,0f,0f,0f,1f],start_interpolation: 0,interpolation_duration: 2}
$data merge entity $(bone_right_arm) {transformation: [-0.776f,0.1428f,-0.6144f,-0.1926f,0.5873f,0.5189f,-0.6212f,-0.8754f,0.2301f,-0.8429f,-0.4865f,-0.2758f,0f,0f,0f,1f],start_interpolation: 0,interpolation_duration: 2}
$data merge entity $(bone_forearm) {transformation: [-0.9519f,0.2879f,-0.1045f,0.3568f,-0.0276f,-0.4203f,-0.907f,-0.569f,-0.305f,-0.8605f,0.4081f,0.2522f,0f,0f,0f,1f],start_interpolation: 0,interpolation_duration: 2}
$data merge entity $(bone_magazine1) {transformation: [0f,0f,0f,0.1534f,0f,0f,0f,-0.6107f,0f,0f,0f,0.269f,0f,0f,0f,1f],start_interpolation: 0,interpolation_duration: 2}
$data merge entity $(bone_chamber1) {transformation: [-0.9218f,0.3788f,-0.0829f,0.1838f,0.3792f,0.8359f,-0.3969f,-0.5037f,-0.081f,-0.3973f,-0.9141f,0.4249f,0f,0f,0f,1f],start_interpolation: 0,interpolation_duration: 2}
$data merge entity $(bone_akm3) {transformation: [-0.9218f,0.3788f,-0.0829f,0.1838f,0.3792f,0.8359f,-0.3969f,-0.5037f,-0.081f,-0.3973f,-0.9141f,0.4249f,0f,0f,0f,1f],start_interpolation: 0,interpolation_duration: 2}
data modify entity @s data merge value {"cameras":{},"locators":{"akm":{"px":-0.21871859675828817,"py":-1.1472459745551302,"pz":0.27559670301821626,"ry":9.613882945526342,"rx":31.255703085810104},"akm2":{"px":0.23794356462387248,"py":-0.2816212855235594,"pz":0.8478218863404423,"ry":354.8175715832667,"rx":-23.386087877415868}}}