# This file was generated by Animated Java via MC-Build. It is not recommended to edit this file directly.
$data merge entity $(bone_magazine) {transformation: [0f,0f,0f,-0.0242f,0f,0f,0f,-0.8063f,0f,0f,0f,0.517f,0f,0f,0f,1f],start_interpolation: 0,interpolation_duration: 2}
$data merge entity $(bone_chamber) {transformation: [0f,0f,0f,-0.0242f,0f,0f,0f,-0.8063f,0f,0f,0f,0.517f,0f,0f,0f,1f],start_interpolation: 0,interpolation_duration: 2}
$data merge entity $(bone_akm1) {transformation: [0f,0f,0f,-0.0242f,0f,0f,0f,-0.8063f,0f,0f,0f,0.517f,0f,0f,0f,1f],start_interpolation: 0,interpolation_duration: 2}
$data merge entity $(bone_magazine2) {transformation: [-0.8135f,0.718f,0.2702f,-0.1112f,0.741f,0.8373f,0.0058f,-0.8449f,-0.1986f,0.1833f,-1.085f,0.2299f,0f,0f,0f,1f],start_interpolation: 0,interpolation_duration: 2}
$data merge entity $(bone_right_arm) {transformation: [-0.6718f,-0.1168f,-0.7315f,-0.163f,0.7226f,0.114f,-0.6818f,-0.7863f,0.1631f,-0.9866f,0.0078f,-0.0666f,0f,0f,0f,1f],start_interpolation: 0,interpolation_duration: 2}
$data merge entity $(bone_forearm) {transformation: [-0.8545f,0.3822f,-0.3517f,0.3359f,0.1908f,-0.3989f,-0.8969f,-0.6372f,-0.4831f,-0.8335f,0.268f,0.2355f,0f,0f,0f,1f],start_interpolation: 0,interpolation_duration: 2}
$data merge entity $(bone_magazine1) {transformation: [0f,0f,0f,0.1295f,0f,0f,0f,-0.638f,0f,0f,0f,0.2079f,0f,0f,0f,1f],start_interpolation: 0,interpolation_duration: 2}
$data merge entity $(bone_chamber1) {transformation: [-0.799f,0.5999f,0.0417f,0.1451f,0.5635f,0.7711f,-0.2966f,-0.5523f,-0.2101f,-0.2135f,-0.9541f,0.3785f,0f,0f,0f,1f],start_interpolation: 0,interpolation_duration: 2}
$data merge entity $(bone_akm3) {transformation: [-0.799f,0.5999f,0.0417f,0.1451f,0.5635f,0.7711f,-0.2966f,-0.5523f,-0.2101f,-0.2135f,-0.9541f,0.3785f,0f,0f,0f,1f],start_interpolation: 0,interpolation_duration: 2}
data modify entity @s data merge value {"cameras":{},"locators":{"akm":{"px":-0.024216071775706418,"py":-0.8062787035583667,"pz":0.5170346130381993,"ry":353.2462984457315,"rx":6.547041714565362},"akm2":{"px":0.14795214236732768,"py":-0.3808352181165837,"pz":0.827534369970072,"ry":2.50377549316741,"rx":-17.25196099479134}}}