# This file was generated by Animated Java via MC-Build. It is not recommended to edit this file directly.
$data merge entity $(bone_magazine) {transformation: [-0.997f,0.0755f,-0.0172f,-0.1327f,0.0773f,0.9564f,-0.2817f,-0.549f,-0.0048f,-0.2822f,-0.9593f,0.3027f,0f,0f,0f,1f],start_interpolation: 0,interpolation_duration: 2}
$data merge entity $(bone_chamber) {transformation: [-0.997f,0.0755f,-0.0172f,-0.1266f,0.0773f,0.9564f,-0.2817f,-0.4588f,-0.0048f,-0.2822f,-0.9593f,0.4716f,0f,0f,0f,1f],start_interpolation: 0,interpolation_duration: 2}
$data merge entity $(bone_akm1) {transformation: [-0.997f,0.0755f,-0.0172f,-0.1266f,0.0773f,0.9564f,-0.2817f,-0.4588f,-0.0048f,-0.2822f,-0.9593f,0.4716f,0f,0f,0f,1f],start_interpolation: 0,interpolation_duration: 2}
$data merge entity $(bone_magazine2) {transformation: [0f,0f,0f,-0.1338f,0f,0f,0f,-0.5696f,0f,0f,0f,0.2309f,0f,0f,0f,1f],start_interpolation: 0,interpolation_duration: 2}
$data merge entity $(bone_right_arm) {transformation: [-0.9951f,-0.0172f,-0.0973f,-0.1575f,0.0982f,-0.2817f,-0.9545f,-0.7067f,-0.0109f,-0.9593f,0.2821f,-0.0824f,0f,0f,0f,1f],start_interpolation: 0,interpolation_duration: 2}
$data merge entity $(bone_forearm) {transformation: [-0.315f,0.4173f,-0.8524f,0.1227f,0.7024f,-0.5015f,-0.5051f,-0.689f,-0.6383f,-0.7578f,-0.1352f,0.3983f,0f,0f,0f,1f],start_interpolation: 0,interpolation_duration: 2}
$data merge entity $(bone_magazine1) {transformation: [0f,0f,0f,0.1046f,0f,0f,0f,-0.4286f,0f,0f,0f,0.609f,0f,0f,0f,1f],start_interpolation: 0,interpolation_duration: 2}
$data merge entity $(bone_chamber1) {transformation: [0f,0f,0f,0.1046f,0f,0f,0f,-0.4286f,0f,0f,0f,0.609f,0f,0f,0f,1f],start_interpolation: 0,interpolation_duration: 2}
$data merge entity $(bone_akm3) {transformation: [0f,0f,0f,0.1046f,0f,0f,0f,-0.4286f,0f,0f,0f,0.609f,0f,0f,0f,1f],start_interpolation: 0,interpolation_duration: 2}
data modify entity @s data merge value {"cameras":{},"locators":{"akm":{"px":-0.11541687560857365,"py":-0.2873728075111439,"pz":0.9205524807343957,"ry":358.9703670638321,"rx":-16.364023140821125},"akm2":{"px":0.10461651241560126,"py":-0.4285645759538108,"pz":0.6090017523341774,"ry":347.9676169883955,"rx":-18.688289981761226}}}