# This file was generated by Animated Java via MC-Build. It is not recommended to edit this file directly.
$data merge entity $(bone_magazine) {transformation: [0f,0f,0f,0.0515f,0f,0f,0f,-0.7221f,0f,0f,0f,0.5813f,0f,0f,0f,1f],start_interpolation: 0,interpolation_duration: 2}
$data merge entity $(bone_chamber) {transformation: [0f,0f,0f,0.0515f,0f,0f,0f,-0.7221f,0f,0f,0f,0.5813f,0f,0f,0f,1f],start_interpolation: 0,interpolation_duration: 2}
$data merge entity $(bone_akm1) {transformation: [0f,0f,0f,0.0515f,0f,0f,0f,-0.7221f,0f,0f,0f,0.5813f,0f,0f,0f,1f],start_interpolation: 0,interpolation_duration: 2}
$data merge entity $(bone_magazine2) {transformation: [-0.8533f,0.698f,0.1402f,-0.0682f,0.6859f,0.8647f,-0.1301f,-0.7978f,-0.1908f,-0.0134f,-1.0948f,0.3142f,0f,0f,0f,1f],start_interpolation: 0,interpolation_duration: 2}
$data merge entity $(bone_right_arm) {transformation: [-0.6662f,-0.2431f,-0.705f,-0.16f,0.7293f,-0.0147f,-0.6841f,-0.7787f,0.1559f,-0.9699f,0.187f,0.0224f,0f,0f,0f,1f],start_interpolation: 0,interpolation_duration: 2}
$data merge entity $(bone_forearm) {transformation: [-0.8473f,0.3889f,-0.3618f,0.3343f,0.1964f,-0.4035f,-0.8937f,-0.6369f,-0.4935f,-0.8283f,0.2655f,0.2401f,0f,0f,0f,1f],start_interpolation: 0,interpolation_duration: 2}
$data merge entity $(bone_magazine1) {transformation: [0f,0f,0f,0.1282f,0f,0f,0f,-0.6363f,0f,0f,0f,0.21f,0f,0f,0f,1f],start_interpolation: 0,interpolation_duration: 2}
$data merge entity $(bone_chamber1) {transformation: [-0.7921f,0.6083f,0.0506f,0.1425f,0.5692f,0.766f,-0.2987f,-0.5503f,-0.2205f,-0.2078f,-0.953f,0.3806f,0f,0f,0f,1f],start_interpolation: 0,interpolation_duration: 2}
$data merge entity $(bone_akm3) {transformation: [-0.7921f,0.6083f,0.0506f,0.1425f,0.5692f,0.766f,-0.2987f,-0.5503f,-0.2205f,-0.2078f,-0.953f,0.3806f,0f,0f,0f,1f],start_interpolation: 0,interpolation_duration: 2}
data modify entity @s data merge value {"cameras":{},"locators":{"akm":{"px":0.05149832465863208,"py":-0.7221421975275236,"pz":0.58132193664081,"ry":345.93125845542795,"rx":-0.839983287335119},"akm2":{"px":0.14137503823983577,"py":-0.37800598014395986,"pz":0.8293316561869463,"ry":3.0410083015967757,"rx":-17.38073750511608}}}