# This file was generated by Animated Java via MC-Build. It is not recommended to edit this file directly.
$data merge entity $(bone_magazine) {transformation: [0f,0f,0f,-0.2905f,0f,0f,0f,-1.1636f,0f,0f,0f,-0.0612f,0f,0f,0f,1f],start_interpolation: 0,interpolation_duration: 2}
$data merge entity $(bone_chamber) {transformation: [0f,0f,0f,-0.2905f,0f,0f,0f,-1.1636f,0f,0f,0f,-0.0612f,0f,0f,0f,1f],start_interpolation: 0,interpolation_duration: 2}
$data merge entity $(bone_akm1) {transformation: [0f,0f,0f,-0.2905f,0f,0f,0f,-1.1636f,0f,0f,0f,-0.0612f,0f,0f,0f,1f],start_interpolation: 0,interpolation_duration: 2}
$data merge entity $(bone_magazine2) {transformation: [-0.7853f,0.5246f,0.6024f,-0.2683f,0.7986f,0.5326f,0.5773f,-1.039f,-0.016f,0.8342f,-0.7474f,-0.3368f,0f,0f,0f,1f],start_interpolation: 0,interpolation_duration: 2}
$data merge entity $(bone_right_arm) {transformation: [-0.7819f,0.2319f,-0.5786f,-0.2107f,0.5741f,0.6295f,-0.5236f,-0.8259f,0.2429f,-0.7416f,-0.6253f,-0.551f,0f,0f,0f,1f],start_interpolation: 0,interpolation_duration: 2}
$data merge entity $(bone_forearm) {transformation: [-0.9561f,0.283f,-0.0763f,0.3562f,-0.0516f,-0.4187f,-0.9067f,-0.5023f,-0.2885f,-0.8629f,0.4149f,0.0537f,0f,0f,0f,1f],start_interpolation: 0,interpolation_duration: 2}
$data merge entity $(bone_magazine1) {transformation: [0f,0f,0f,0.1542f,0f,0f,0f,-0.5487f,0f,0f,0f,0.0743f,0f,0f,0f,1f],start_interpolation: 0,interpolation_duration: 2}
$data merge entity $(bone_chamber1) {transformation: [-0.9316f,0.3523f,-0.0891f,0.1847f,0.3571f,0.8421f,-0.4042f,-0.44f,-0.0674f,-0.4084f,-0.9103f,0.229f,0f,0f,0f,1f],start_interpolation: 0,interpolation_duration: 2}
$data merge entity $(bone_akm3) {transformation: [-0.9316f,0.3523f,-0.0891f,0.1847f,0.3571f,0.8421f,-0.4042f,-0.44f,-0.0674f,-0.4084f,-0.9103f,0.229f,0f,0f,0f,1f],start_interpolation: 0,interpolation_duration: 2}
data modify entity @s data merge value {"cameras":{},"locators":{"akm":{"px":-0.2904941001747447,"py":-1.163635539947685,"pz":-0.061181708956750236,"ry":17.361941532931866,"rx":39.012292689345585},"akm2":{"px":0.24077731640326389,"py":-0.2142008057354599,"pz":0.649704804928317,"ry":354.4081204543298,"rx":-23.8425674276856}}}