# This file was generated by Animated Java via MC-Build. It is not recommended to edit this file directly.
$data merge entity $(bone_magazine) {transformation: [0f,0f,0f,-0.2795f,0f,0f,0f,-1.2156f,0f,0f,0f,0.0754f,0f,0f,0f,1f],start_interpolation: 0,interpolation_duration: 2}
$data merge entity $(bone_chamber) {transformation: [0f,0f,0f,-0.2795f,0f,0f,0f,-1.2156f,0f,0f,0f,0.0754f,0f,0f,0f,1f],start_interpolation: 0,interpolation_duration: 2}
$data merge entity $(bone_akm1) {transformation: [0f,0f,0f,-0.2795f,0f,0f,0f,-1.2156f,0f,0f,0f,0.0754f,0f,0f,0f,1f],start_interpolation: 0,interpolation_duration: 2}
$data merge entity $(bone_magazine2) {transformation: [-0.7033f,0.4821f,0.5225f,-0.2591f,0.7106f,0.4986f,0.4964f,-1.0905f,-0.0212f,0.7204f,-0.6932f,-0.2166f,0f,0f,0f,1f],start_interpolation: 0,interpolation_duration: 2}
$data merge entity $(bone_right_arm) {transformation: [-0.78f,0.2186f,-0.5863f,-0.2048f,0.5794f,0.606f,-0.545f,-0.8841f,0.2362f,-0.7649f,-0.5993f,-0.4382f,0f,0f,0f,1f],start_interpolation: 0,interpolation_duration: 2}
$data merge entity $(bone_forearm) {transformation: [-0.9554f,0.28f,-0.0934f,0.3562f,-0.0344f,-0.4201f,-0.9068f,-0.567f,-0.2932f,-0.8632f,0.411f,0.1532f,0f,0f,0f,1f],start_interpolation: 0,interpolation_duration: 2}
$data merge entity $(bone_magazine1) {transformation: [0f,0f,0f,0.1533f,0f,0f,0f,-0.6101f,0f,0f,0f,0.1726f,0f,0f,0f,1f],start_interpolation: 0,interpolation_duration: 2}
$data merge entity $(bone_chamber1) {transformation: [-0.9252f,0.3683f,-0.0916f,0.1849f,0.3729f,0.8376f,-0.3992f,-0.5025f,-0.0703f,-0.4035f,-0.9123f,0.3279f,0f,0f,0f,1f],start_interpolation: 0,interpolation_duration: 2}
$data merge entity $(bone_akm3) {transformation: [-0.9252f,0.3683f,-0.0916f,0.1849f,0.3729f,0.8376f,-0.3992f,-0.5025f,-0.0703f,-0.4035f,-0.9123f,0.3279f,0f,0f,0f,1f],start_interpolation: 0,interpolation_duration: 2}
data modify entity @s data merge value {"cameras":{},"locators":{"akm":{"px":-0.2795376954969524,"py":-1.215597891883126,"pz":0.07541862591724667,"ry":15.946589655004118,"rx":37.29819088652291},"akm2":{"px":0.24280811618835918,"py":-0.27927826746705053,"pz":0.7497038489250315,"ry":354.2663642176673,"rx":-23.530327689618208}}}