# This file was generated by Animated Java via MC-Build. It is not recommended to edit this file directly.
$data merge entity $(bone_magazine) {transformation: [0f,0f,0f,-0.2632f,0f,0f,0f,-1.1941f,0f,0f,0f,0.0858f,0f,0f,0f,1f],start_interpolation: 0,interpolation_duration: 2}
$data merge entity $(bone_chamber) {transformation: [0f,0f,0f,-0.2632f,0f,0f,0f,-1.1941f,0f,0f,0f,0.0858f,0f,0f,0f,1f],start_interpolation: 0,interpolation_duration: 2}
$data merge entity $(bone_akm1) {transformation: [0f,0f,0f,-0.2632f,0f,0f,0f,-1.1941f,0f,0f,0f,0.0858f,0f,0f,0f,1f],start_interpolation: 0,interpolation_duration: 2}
$data merge entity $(bone_magazine2) {transformation: [-0.7971f,0.5379f,0.5806f,-0.25f,0.7902f,0.5888f,0.5394f,-1.0844f,-0.0461f,0.7911f,-0.7962f,-0.1965f,0f,0f,0f,1f],start_interpolation: 0,interpolation_duration: 2}
$data merge entity $(bone_right_arm) {transformation: [-0.78f,0.2009f,-0.5926f,-0.2029f,0.5794f,0.5894f,-0.5629f,-0.8834f,0.2362f,-0.7825f,-0.5762f,-0.4243f,0f,0f,0f,1f],start_interpolation: 0,interpolation_duration: 2}
$data merge entity $(bone_forearm) {transformation: [-0.9533f,0.2904f,-0.083f,0.3567f,-0.0493f,-0.4209f,-0.9058f,-0.5642f,-0.2979f,-0.8594f,0.4156f,0.1519f,0f,0f,0f,1f],start_interpolation: 0,interpolation_duration: 2}
$data merge entity $(bone_magazine1) {transformation: [0f,0f,0f,0.1543f,0f,0f,0f,-0.61f,0f,0f,0f,0.1706f,0f,0f,0f,1f],start_interpolation: 0,interpolation_duration: 2}
$data merge entity $(bone_chamber1) {transformation: [-0.9299f,0.3588f,-0.0812f,0.1836f,0.3597f,0.8404f,-0.4055f,-0.5011f,-0.0772f,-0.4063f,-0.9105f,0.3254f,0f,0f,0f,1f],start_interpolation: 0,interpolation_duration: 2}
$data merge entity $(bone_akm3) {transformation: [-0.9299f,0.3588f,-0.0812f,0.1836f,0.3597f,0.8404f,-0.4055f,-0.5011f,-0.0772f,-0.4063f,-0.9105f,0.3254f,0f,0f,0f,1f],start_interpolation: 0,interpolation_duration: 2}
data modify entity @s data merge value {"cameras":{},"locators":{"akm":{"px":-0.2632047222214198,"py":-1.194078467537255,"pz":0.08578513558577525,"ry":14.401285095471053,"rx":36.11383176231838},"akm2":{"px":0.23615431566517106,"py":-0.2748070978377884,"pz":0.7462206565458129,"ry":354.90220236708706,"rx":-23.922184737980135}}}