# This file was generated by Animated Java via MC-Build. It is not recommended to edit this file directly.
$data merge entity $(bone_magazine) {transformation: [0f,0f,0f,0.0836f,0f,0f,0f,-0.6849f,0f,0f,0f,0.5999f,0f,0f,0f,1f],start_interpolation: 0,interpolation_duration: 2}
$data merge entity $(bone_chamber) {transformation: [0f,0f,0f,0.0836f,0f,0f,0f,-0.6849f,0f,0f,0f,0.5999f,0f,0f,0f,1f],start_interpolation: 0,interpolation_duration: 2}
$data merge entity $(bone_akm1) {transformation: [0f,0f,0f,0.0836f,0f,0f,0f,-0.6849f,0f,0f,0f,0.5999f,0f,0f,0f,1f],start_interpolation: 0,interpolation_duration: 2}
$data merge entity $(bone_magazine2) {transformation: [-0.8607f,0.6805f,0.1057f,-0.0449f,0.6609f,0.8638f,-0.1791f,-0.7723f,-0.1934f,-0.0765f,-1.0825f,0.3408f,0f,0f,0f,1f],start_interpolation: 0,interpolation_duration: 2}
$data merge entity $(bone_right_arm) {transformation: [-0.6612f,-0.2811f,-0.6955f,-0.1497f,0.7353f,-0.0589f,-0.6752f,-0.7669f,0.1489f,-0.9579f,0.2457f,0.053f,0f,0f,0f,1f],start_interpolation: 0,interpolation_duration: 2}
$data merge entity $(bone_forearm) {transformation: [-0.8447f,0.3923f,-0.3642f,0.3345f,0.1941f,-0.4095f,-0.8914f,-0.6344f,-0.4989f,-0.8236f,0.2697f,0.2429f,0f,0f,0f,1f],start_interpolation: 0,interpolation_duration: 2}
$data merge entity $(bone_magazine1) {transformation: [0f,0f,0f,0.1285f,0f,0f,0f,-0.6337f,0f,0f,0f,0.2119f,0f,0f,0f,1f],start_interpolation: 0,interpolation_duration: 2}
$data merge entity $(bone_chamber1) {transformation: [-0.7903f,0.6103f,0.0548f,0.1421f,0.5687f,0.7638f,-0.3052f,-0.5467f,-0.2281f,-0.21f,-0.9507f,0.3819f,0f,0f,0f,1f],start_interpolation: 0,interpolation_duration: 2}
$data merge entity $(bone_akm3) {transformation: [-0.7903f,0.6103f,0.0548f,0.1421f,0.5687f,0.7638f,-0.3052f,-0.5467f,-0.2281f,-0.21f,-0.9507f,0.3819f,0f,0f,0f,1f],start_interpolation: 0,interpolation_duration: 2}
data modify entity @s data merge value {"cameras":{},"locators":{"akm":{"px":0.08363976176213114,"py":-0.6848569667053397,"pz":0.5999453031668631,"ry":343.64233388670334,"rx":-3.3752884301411616},"akm2":{"px":0.1390458062089651,"py":-0.37133050804778445,"pz":0.8295014174881306,"ry":3.3017995290572344,"rx":-17.76917730389764}}}