# This file was generated by Animated Java via MC-Build. It is not recommended to edit this file directly.
$data merge entity $(bone_magazine) {transformation: [0f,0f,0f,0.1787f,0f,0f,0f,-0.5753f,0f,0f,0f,0.5991f,0f,0f,0f,1f],start_interpolation: 0,interpolation_duration: 2}
$data merge entity $(bone_chamber) {transformation: [0f,0f,0f,0.1787f,0f,0f,0f,-0.5753f,0f,0f,0f,0.5991f,0f,0f,0f,1f],start_interpolation: 0,interpolation_duration: 2}
$data merge entity $(bone_akm1) {transformation: [0f,0f,0f,0.1787f,0f,0f,0f,-0.5753f,0f,0f,0f,0.5991f,0f,0f,0f,1f],start_interpolation: 0,interpolation_duration: 2}
$data merge entity $(bone_magazine2) {transformation: [-0.8138f,0.5549f,0.1742f,0.0674f,0.5312f,0.8312f,-0.1661f,-0.6631f,-0.2369f,-0.0426f,-0.9709f,0.3329f,0f,0f,0f,1f],start_interpolation: 0,interpolation_duration: 2}
$data merge entity $(bone_right_arm) {transformation: [-0.6767f,-0.254f,-0.691f,-0.0383f,0.7249f,-0.0659f,-0.6857f,-0.6625f,0.1287f,-0.9649f,0.2287f,0.0462f,0f,0f,0f,1f],start_interpolation: 0,interpolation_duration: 2}
$data merge entity $(bone_forearm) {transformation: [-0.856f,0.3909f,-0.3384f,0.3432f,0.1501f,-0.4385f,-0.8861f,-0.608f,-0.4947f,-0.8093f,0.3167f,0.2464f,0f,0f,0f,1f],start_interpolation: 0,interpolation_duration: 2}
$data merge entity $(bone_magazine1) {transformation: [0f,0f,0f,0.1369f,0f,0f,0f,-0.6137f,0f,0f,0f,0.2184f,0f,0f,0f,1f],start_interpolation: 0,interpolation_duration: 2}
$data merge entity $(bone_chamber1) {transformation: [-0.8071f,0.5884f,0.0492f,0.1507f,0.5382f,0.7674f,-0.3484f,-0.5184f,-0.2427f,-0.2547f,-0.9361f,0.384f,0f,0f,0f,1f],start_interpolation: 0,interpolation_duration: 2}
$data merge entity $(bone_akm3) {transformation: [-0.8071f,0.5884f,0.0492f,0.1507f,0.5382f,0.7674f,-0.3484f,-0.5184f,-0.2427f,-0.2547f,-0.9361f,0.384f,0f,0f,0f,1f],start_interpolation: 0,interpolation_duration: 2}
data modify entity @s data merge value {"cameras":{},"locators":{"akm":{"px":0.1787259936505722,"py":-0.5753071943590196,"pz":0.5990894234377273,"ry":345.2508954115051,"rx":-3.7769711751507558},"akm2":{"px":0.1494897572115215,"py":-0.3222355240878657,"pz":0.8228586763338627,"ry":3.008636799500863,"rx":-20.388953698226832}}}