# This file was generated by Animated Java via MC-Build. It is not recommended to edit this file directly.
$data merge entity $(bone_magazine) {transformation: [0f,0f,0f,-0.2371f,0f,0f,0f,-1.1653f,0f,0f,0f,0.153f,0f,0f,0f,1f],start_interpolation: 0,interpolation_duration: 2}
$data merge entity $(bone_chamber) {transformation: [0f,0f,0f,-0.2371f,0f,0f,0f,-1.1653f,0f,0f,0f,0.153f,0f,0f,0f,1f],start_interpolation: 0,interpolation_duration: 2}
$data merge entity $(bone_akm1) {transformation: [0f,0f,0f,-0.2371f,0f,0f,0f,-1.1653f,0f,0f,0f,0.153f,0f,0f,0f,1f],start_interpolation: 0,interpolation_duration: 2}
$data merge entity $(bone_magazine2) {transformation: [-0.7159f,0.5043f,0.4828f,-0.2331f,0.6964f,0.5649f,0.4426f,-1.0642f,-0.0496f,0.6531f,-0.7557f,-0.1482f,0f,0f,0f,1f],start_interpolation: 0,interpolation_duration: 2}
$data merge entity $(bone_right_arm) {transformation: [-0.776f,0.1679f,-0.608f,-0.1951f,0.5873f,0.544f,-0.5993f,-0.8763f,0.2301f,-0.8221f,-0.5207f,-0.3887f,0f,0f,0f,1f],start_interpolation: 0,interpolation_duration: 2}
$data merge entity $(bone_forearm) {transformation: [-0.9521f,0.2873f,-0.1051f,0.3568f,-0.0267f,-0.4203f,-0.907f,-0.5692f,-0.3047f,-0.8607f,0.4078f,0.1585f,0f,0f,0f,1f],start_interpolation: 0,interpolation_duration: 2}
$data merge entity $(bone_magazine1) {transformation: [0f,0f,0f,0.1534f,0f,0f,0f,-0.6107f,0f,0f,0f,0.1754f,0f,0f,0f,1f],start_interpolation: 0,interpolation_duration: 2}
$data merge entity $(bone_chamber1) {transformation: [-0.9215f,0.3793f,-0.0835f,0.1839f,0.38f,0.8357f,-0.3965f,-0.5037f,-0.0806f,-0.3971f,-0.9142f,0.3313f,0f,0f,0f,1f],start_interpolation: 0,interpolation_duration: 2}
$data merge entity $(bone_akm3) {transformation: [-0.9215f,0.3793f,-0.0835f,0.1839f,0.38f,0.8357f,-0.3965f,-0.5037f,-0.0806f,-0.3971f,-0.9142f,0.3313f,0f,0f,0f,1f],start_interpolation: 0,interpolation_duration: 2}
data modify entity @s data merge value {"cameras":{},"locators":{"akm":{"px":-0.2370755909263717,"py":-1.1653009480659535,"pz":0.15299727450327824,"ry":11.544673906532182,"rx":32.955080413241824},"akm2":{"px":0.23833367589871812,"py":-0.2818941008394079,"pz":0.7542815650162893,"ry":354.78020284935155,"rx":-23.362266649390875}}}