# This file was generated by Animated Java via MC-Build. It is not recommended to edit this file directly.
$data merge entity $(bone_magazine) {transformation: [0f,0f,0f,-0.1901f,0f,0f,0f,-1.0502f,0f,0f,0f,0.1154f,0f,0f,0f,1f],start_interpolation: 0,interpolation_duration: 2}
$data merge entity $(bone_chamber) {transformation: [0f,0f,0f,-0.1901f,0f,0f,0f,-1.0502f,0f,0f,0f,0.1154f,0f,0f,0f,1f],start_interpolation: 0,interpolation_duration: 2}
$data merge entity $(bone_akm1) {transformation: [0f,0f,0f,-0.1901f,0f,0f,0f,-1.0502f,0f,0f,0f,0.1154f,0f,0f,0f,1f],start_interpolation: 0,interpolation_duration: 2}
$data merge entity $(bone_magazine2) {transformation: [-0.8298f,0.5785f,0.4923f,-0.2059f,0.7547f,0.7106f,0.4371f,-0.9797f,-0.0862f,0.6527f,-0.9122f,-0.1788f,0f,0f,0f,1f],start_interpolation: 0,interpolation_duration: 2}
$data merge entity $(bone_right_arm) {transformation: [-0.776f,0.1055f,-0.6219f,-0.1889f,0.5873f,0.4805f,-0.6513f,-0.8115f,0.2301f,-0.8706f,-0.4348f,-0.4353f,0f,0f,0f,1f],start_interpolation: 0,interpolation_duration: 2}
$data merge entity $(bone_forearm) {transformation: [-0.95f,0.2975f,-0.0949f,0.3573f,-0.0414f,-0.4212f,-0.906f,-0.5039f,-0.3095f,-0.8568f,0.4124f,0.0635f,0f,0f,0f,1f],start_interpolation: 0,interpolation_duration: 2}
$data merge entity $(bone_magazine1) {transformation: [0f,0f,0f,0.1544f,0f,0f,0f,-0.5482f,0f,0f,0f,0.0796f,0f,0f,0f,1f],start_interpolation: 0,interpolation_duration: 2}
$data merge entity $(bone_chamber1) {transformation: [-0.9261f,0.37f,-0.0734f,0.1826f,0.3669f,0.8385f,-0.4028f,-0.4399f,-0.0875f,-0.4f,-0.9123f,0.2351f,0f,0f,0f,1f],start_interpolation: 0,interpolation_duration: 2}
$data merge entity $(bone_akm3) {transformation: [-0.9261f,0.37f,-0.0734f,0.1826f,0.3669f,0.8385f,-0.4028f,-0.4399f,-0.0875f,-0.4f,-0.9123f,0.2351f,0f,0f,0f,1f],start_interpolation: 0,interpolation_duration: 2}
data modify entity @s data merge value {"cameras":{},"locators":{"akm":{"px":-0.19010537612820058,"py":-1.0501840023828148,"pz":0.11545133726456588,"ry":6.9093970569234955,"rx":28.718073166714586},"akm2":{"px":0.23184249777132512,"py":-0.21493157202028074,"pz":0.6570252903238736,"ry":355.403114857055,"rx":-23.753468497244754}}}