# This file was generated by Animated Java via MC-Build. It is not recommended to edit this file directly.
$data merge entity $(bone_magazine) {transformation: [0f,0f,0f,0.0802f,0f,0f,0f,-0.691f,0f,0f,0f,0.7023f,0f,0f,0f,1f],start_interpolation: 0,interpolation_duration: 2}
$data merge entity $(bone_chamber) {transformation: [0f,0f,0f,0.0802f,0f,0f,0f,-0.691f,0f,0f,0f,0.7023f,0f,0f,0f,1f],start_interpolation: 0,interpolation_duration: 2}
$data merge entity $(bone_akm1) {transformation: [0f,0f,0f,0.0802f,0f,0f,0f,-0.691f,0f,0f,0f,0.7023f,0f,0f,0f,1f],start_interpolation: 0,interpolation_duration: 2}
$data merge entity $(bone_magazine2) {transformation: [-0.7744f,0.6256f,0.0943f,-0.0513f,0.6094f,0.7777f,-0.1544f,-0.7776f,-0.1699f,-0.0621f,-0.9835f,0.4309f,0f,0f,0f,1f],start_interpolation: 0,interpolation_duration: 2}
$data merge entity $(bone_right_arm) {transformation: [-0.6624f,-0.2744f,-0.697f,-0.1526f,0.734f,-0.0519f,-0.6772f,-0.7697f,0.1497f,-0.9602f,0.2358f,0.1417f,0f,0f,0f,1f],start_interpolation: 0,interpolation_duration: 2}
$data merge entity $(bone_forearm) {transformation: [-0.8448f,0.3876f,-0.3687f,0.3338f,0.202f,-0.4071f,-0.8908f,-0.6361f,-0.4954f,-0.827f,0.2656f,0.3369f,0f,0f,0f,1f],start_interpolation: 0,interpolation_duration: 2}
$data merge entity $(bone_magazine1) {transformation: [0f,0f,0f,0.1277f,0f,0f,0f,-0.634f,0f,0f,0f,0.3064f,0f,0f,0f,1f],start_interpolation: 0,interpolation_duration: 2}
$data merge entity $(bone_chamber1) {transformation: [-0.7875f,0.6142f,0.0504f,0.1423f,0.5747f,0.7614f,-0.3001f,-0.548f,-0.2227f,-0.2073f,-0.9526f,0.4769f,0f,0f,0f,1f],start_interpolation: 0,interpolation_duration: 2}
$data merge entity $(bone_akm3) {transformation: [-0.7875f,0.6142f,0.0504f,0.1423f,0.5747f,0.7614f,-0.3001f,-0.548f,-0.2227f,-0.2073f,-0.9526f,0.4769f,0f,0f,0f,1f],start_interpolation: 0,interpolation_duration: 2}
data modify entity @s data merge value {"cameras":{},"locators":{"akm":{"px":0.08017694434650473,"py":-0.690994583122189,"pz":0.7023340075471841,"ry":344.0503239024155,"rx":-2.9721641229370177},"akm2":{"px":0.14147560006524493,"py":-0.3751886617296926,"pz":0.9254782596484821,"ry":3.031241216127171,"rx":-17.460978193321402}}}