# This file was generated by Animated Java via MC-Build. It is not recommended to edit this file directly.
$data merge entity $(bone_magazine) {transformation: [0f,0f,0f,0.1515f,0f,0f,0f,-0.615f,0f,0f,0f,0.6093f,0f,0f,0f,1f],start_interpolation: 0,interpolation_duration: 2}
$data merge entity $(bone_chamber) {transformation: [0f,0f,0f,0.1515f,0f,0f,0f,-0.615f,0f,0f,0f,0.6093f,0f,0f,0f,1f],start_interpolation: 0,interpolation_duration: 2}
$data merge entity $(bone_akm1) {transformation: [0f,0f,0f,0.1515f,0f,0f,0f,-0.615f,0f,0f,0f,0.6093f,0f,0f,0f,1f],start_interpolation: 0,interpolation_duration: 2}
$data merge entity $(bone_magazine2) {transformation: [-0.8357f,0.6443f,0.1155f,0.0232f,0.6162f,0.8375f,-0.2137f,-0.7081f,-0.2208f,-0.1012f,-1.0333f,0.3524f,0f,0f,0f,1f],start_interpolation: 0,interpolation_duration: 2}
$data merge entity $(bone_right_arm) {transformation: [-0.6458f,-0.291f,-0.7059f,-0.0884f,0.7527f,-0.0873f,-0.6526f,-0.7118f,0.1283f,-0.9527f,0.2754f,0.0676f,0f,0f,0f,1f],start_interpolation: 0,interpolation_duration: 2}
$data merge entity $(bone_forearm) {transformation: [-0.8517f,0.3923f,-0.3475f,0.3404f,0.1645f,-0.4296f,-0.8879f,-0.6193f,-0.4976f,-0.8134f,0.3013f,0.2455f,0f,0f,0f,1f],start_interpolation: 0,interpolation_duration: 2}
$data merge entity $(bone_magazine1) {transformation: [0f,0f,0f,0.1342f,0f,0f,0f,-0.6229f,0f,0f,0f,0.2162f,0f,0f,0f,1f],start_interpolation: 0,interpolation_duration: 2}
$data merge entity $(bone_chamber1) {transformation: [-0.8012f,0.5961f,0.0521f,0.1477f,0.5484f,0.7663f,-0.3348f,-0.5301f,-0.2395f,-0.2397f,-0.9408f,0.3833f,0f,0f,0f,1f],start_interpolation: 0,interpolation_duration: 2}
$data merge entity $(bone_akm3) {transformation: [-0.8012f,0.5961f,0.0521f,0.1477f,0.5484f,0.7663f,-0.3348f,-0.5301f,-0.2395f,-0.2397f,-0.9408f,0.3833f,0f,0f,0f,1f],start_interpolation: 0,interpolation_duration: 2}
data modify entity @s data merge value {"cameras":{},"locators":{"akm":{"px":0.15146603843423892,"py":-0.6150160760698057,"pz":0.6092944373690384,"ry":343.0168282039163,"rx":-5.0071675855564886},"akm2":{"px":0.14542572448947894,"py":-0.3405304015676241,"pz":0.8249979418589689,"ry":3.170928911690396,"rx":-19.559962346232986}}}