# This file was generated by Animated Java via MC-Build. It is not recommended to edit this file directly.
$data merge entity $(bone_magazine) {transformation: [-0.6697f,0f,0f,0.1625f,0.7302f,0f,0f,-0.6058f,0.1356f,0f,0f,0.7059f,0f,0f,0f,1f],start_interpolation: 0,interpolation_duration: 1}
$data merge entity $(bone_chamber) {transformation: [-0.6697f,0f,0f,0.1625f,0.7302f,0f,0f,-0.6058f,0.1356f,0f,0f,0.7059f,0f,0f,0f,1f],start_interpolation: 0,interpolation_duration: 1}
$data merge entity $(bone_akm1) {transformation: [-0.6697f,0f,0f,0.1625f,0.7302f,0f,0f,-0.6058f,0.1356f,0f,0f,0.7059f,0f,0f,0f,1f],start_interpolation: 0,interpolation_duration: 1}
$data merge entity $(bone_magazine2) {transformation: [-0.7859f,0.6037f,0.1337f,0.0394f,0.578f,0.794f,-0.1884f,-0.6937f,-0.2199f,-0.0707f,-0.973f,0.4369f,0f,0f,0f,1f],start_interpolation: 0,interpolation_duration: 1}
$data merge entity $(bone_right_arm) {transformation: [-0.6456f,-0.2733f,-0.7131f,-0.0681f,0.7531f,-0.0726f,-0.6539f,-0.6933f,0.127f,-0.9592f,0.2527f,0.1507f,0f,0f,0f,1f],start_interpolation: 0,interpolation_duration: 1}
$data merge entity $(bone_forearm) {transformation: [-0.8525f,0.3924f,-0.3453f,0.341f,0.1611f,-0.4312f,-0.8878f,-0.6177f,-0.4973f,-0.8125f,0.3043f,0.3393f,0f,0f,0f,1f],start_interpolation: 0,interpolation_duration: 1}
$data merge entity $(bone_magazine1) {transformation: [0f,0f,0f,0.1328f,0f,0f,0f,-0.6204f,0f,0f,0f,0.3096f,0f,0f,0f,1f],start_interpolation: 0,interpolation_duration: 1}
$data merge entity $(bone_chamber1) {transformation: [-0.8032f,0.5942f,0.0415f,0.1482f,0.5503f,0.7669f,-0.3303f,-0.5285f,-0.2281f,-0.2425f,-0.943f,0.4769f,0f,0f,0f,1f],start_interpolation: 0,interpolation_duration: 1}
$data merge entity $(bone_akm3) {transformation: [-0.8032f,0.5942f,0.0415f,0.1482f,0.5503f,0.7669f,-0.3303f,-0.5285f,-0.2281f,-0.2425f,-0.943f,0.4769f,0f,0f,0f,1f],start_interpolation: 0,interpolation_duration: 1}
data modify entity @s data merge value {"cameras":{},"locators":{"akm":{"px":0.16250991278624338,"py":-0.605808054197165,"pz":0.7059510702639965,"ry":344.32034692482875,"rx":-3.9544083200869875},"akm2":{"px":0.150971206156585,"py":-0.3410417478762893,"pz":0.919559833281245,"ry":2.5184071195646993,"rx":-19.287269300749113}}}