# This file was generated by Animated Java via MC-Build. It is not recommended to edit this file directly.
$data merge entity $(bone_magazine) {transformation: [-0.6866f,0f,0f,0.1008f,0.7101f,0f,0f,-0.6691f,0.156f,0f,0f,0.7112f,0f,0f,0f,1f],start_interpolation: 0,interpolation_duration: 0}
$data merge entity $(bone_chamber) {transformation: [-0.6866f,0f,0f,0.1008f,0.7101f,0f,0f,-0.6691f,0.156f,0f,0f,0.7112f,0f,0f,0f,1f],start_interpolation: 0,interpolation_duration: 0}
$data merge entity $(bone_akm1) {transformation: [-0.6866f,0f,0f,0.1008f,0.7101f,0f,0f,-0.6691f,0.156f,0f,0f,0.7112f,0f,0f,0f,1f],start_interpolation: 0,interpolation_duration: 0}
$data merge entity $(bone_magazine2) {transformation: [-0.7808f,0.6193f,0.0824f,-0.0327f,0.5997f,0.78f,-0.1787f,-0.7595f,-0.175f,-0.0901f,-0.9804f,0.4436f,0f,0f,0f,1f],start_interpolation: 0,interpolation_duration: 0}
$data merge entity $(bone_right_arm) {transformation: [-0.6576f,-0.293f,-0.6941f,-0.1408f,0.7393f,-0.0738f,-0.6693f,-0.7585f,0.1449f,-0.9533f,0.2652f,0.1569f,0f,0f,0f,1f],start_interpolation: 0,interpolation_duration: 0}
$data merge entity $(bone_forearm) {transformation: [-0.8448f,0.3895f,-0.3668f,0.3346f,0.1966f,-0.4117f,-0.8899f,-0.6335f,-0.4976f,-0.8239f,0.2712f,0.338f,0f,0f,0f,1f],start_interpolation: 0,interpolation_duration: 0}
$data merge entity $(bone_magazine1) {transformation: [0f,0f,0f,0.1262f,0f,0f,0f,-0.6303f,0f,0f,0f,0.3066f,0f,0f,0f,1f],start_interpolation: 0,interpolation_duration: 0}
$data merge entity $(bone_chamber1) {transformation: [-0.7895f,0.6125f,0.0392f,0.1428f,0.5761f,0.7615f,-0.2968f,-0.5449f,-0.2117f,-0.2118f,-0.9541f,0.4773f,0f,0f,0f,1f],start_interpolation: 0,interpolation_duration: 0}
$data merge entity $(bone_akm3) {transformation: [-0.7895f,0.6125f,0.0392f,0.1428f,0.5761f,0.7615f,-0.2968f,-0.5449f,-0.2117f,-0.2118f,-0.9541f,0.4773f,0f,0f,0f,1f],start_interpolation: 0,interpolation_duration: 0}
data modify entity @s data merge value {"cameras":{},"locators":{"akm":{"px":0.10077150518228592,"py":-0.6691363405023554,"pz":0.7112178681931829,"ry":343.24000584641806,"rx":-3.9137063762273656},"akm2":{"px":0.1473089540854985,"py":-0.37365409251929654,"pz":0.9264108234592903,"ry":2.3533979250302366,"rx":-17.268101620797033}}}