# This file was generated by Animated Java via MC-Build. It is not recommended to edit this file directly.
$data merge entity $(bone_magazine) {transformation: [0f,0f,0f,0.1642f,0f,0f,0f,-0.5991f,0f,0f,0f,0.6051f,0f,0f,0f,1f],start_interpolation: 0,interpolation_duration: 2}
$data merge entity $(bone_chamber) {transformation: [0f,0f,0f,0.1642f,0f,0f,0f,-0.5991f,0f,0f,0f,0.6051f,0f,0f,0f,1f],start_interpolation: 0,interpolation_duration: 2}
$data merge entity $(bone_akm1) {transformation: [0f,0f,0f,0.1642f,0f,0f,0f,-0.5991f,0f,0f,0f,0.6051f,0f,0f,0f,1f],start_interpolation: 0,interpolation_duration: 2}
$data merge entity $(bone_magazine2) {transformation: [-0.8235f,0.6257f,0.1379f,0.0414f,0.5975f,0.831f,-0.2026f,-0.6899f,-0.2313f,-0.0809f,-1.0142f,0.3448f,0f,0f,0f,1f],start_interpolation: 0,interpolation_duration: 2}
$data merge entity $(bone_right_arm) {transformation: [-0.648f,-0.276f,-0.7099f,-0.0671f,0.7515f,-0.0798f,-0.6549f,-0.6917f,0.1242f,-0.9578f,0.2591f,0.0589f,0f,0f,0f,1f],start_interpolation: 0,interpolation_duration: 2}
$data merge entity $(bone_forearm) {transformation: [-0.8547f,0.3913f,-0.3412f,0.3422f,0.155f,-0.4349f,-0.887f,-0.6134f,-0.4955f,-0.811f,0.311f,0.2457f,0f,0f,0f,1f],start_interpolation: 0,interpolation_duration: 2}
$data merge entity $(bone_magazine1) {transformation: [0f,0f,0f,0.1359f,0f,0f,0f,-0.6184f,0f,0f,0f,0.2173f,0f,0f,0f,1f],start_interpolation: 0,interpolation_duration: 2}
$data merge entity $(bone_chamber1) {transformation: [-0.8053f,0.5907f,0.0501f,0.1496f,0.5416f,0.7674f,-0.3432f,-0.5241f,-0.2412f,-0.2493f,-0.9379f,0.3835f,0f,0f,0f,1f],start_interpolation: 0,interpolation_duration: 2}
$data merge entity $(bone_akm3) {transformation: [-0.8053f,0.5907f,0.0501f,0.1496f,0.5416f,0.7674f,-0.3432f,-0.5241f,-0.2412f,-0.2493f,-0.9379f,0.3835f,0f,0f,0f,1f],start_interpolation: 0,interpolation_duration: 2}
data modify entity @s data merge value {"cameras":{},"locators":{"akm":{"px":0.16416589237435544,"py":-0.5991395953925828,"pz":0.6050750574714764,"ry":343.9232789005249,"rx":-4.575328635420618},"akm2":{"px":0.14809810847586757,"py":-0.330352744358557,"pz":0.8234125149879503,"ry":3.0599662884920917,"rx":-20.074345634442953}}}
execute on vehicle unless entity @s[tag=aj.transforms_only] at @s run function animated_java:akm/animations/reload2/zzz/frames/35_root_function