# This file was generated by Animated Java via MC-Build. It is not recommended to edit this file directly.
$data merge entity $(bone_magazine) {transformation: [0f,0f,0f,0.1219f,0f,0f,0f,-0.6482f,0f,0f,0f,0.714f,0f,0f,0f,1f],start_interpolation: 0,interpolation_duration: 2}
$data merge entity $(bone_chamber) {transformation: [0f,0f,0f,0.1219f,0f,0f,0f,-0.6482f,0f,0f,0f,0.714f,0f,0f,0f,1f],start_interpolation: 0,interpolation_duration: 2}
$data merge entity $(bone_akm1) {transformation: [0f,0f,0f,0.1219f,0f,0f,0f,-0.6482f,0f,0f,0f,0.714f,0f,0f,0f,1f],start_interpolation: 0,interpolation_duration: 2}
$data merge entity $(bone_magazine2) {transformation: [-0.7832f,0.6163f,0.0818f,-0.0146f,0.5943f,0.7809f,-0.1925f,-0.7427f,-0.1825f,-0.1022f,-0.9779f,0.4492f,0f,0f,0f,1f],start_interpolation: 0,interpolation_duration: 2}
$data merge entity $(bone_right_arm) {transformation: [-0.6521f,-0.3001f,-0.6962f,-0.1259f,0.7452f,-0.0843f,-0.6615f,-0.745f,0.1399f,-0.9502f,0.2786f,0.164f,0f,0f,0f,1f],start_interpolation: 0,interpolation_duration: 2}
$data merge entity $(bone_forearm) {transformation: [-0.8459f,0.3905f,-0.3633f,0.3359f,0.1896f,-0.4164f,-0.8892f,-0.6304f,-0.4985f,-0.8211f,0.2781f,0.3388f,0f,0f,0f,1f],start_interpolation: 0,interpolation_duration: 2}
$data merge entity $(bone_magazine1) {transformation: [0f,0f,0f,0.1298f,0f,0f,0f,-0.63f,0f,0f,0f,0.3082f,0f,0f,0f,1f],start_interpolation: 0,interpolation_duration: 2}
$data merge entity $(bone_chamber1) {transformation: [-0.791f,0.6095f,0.0527f,0.1438f,0.5665f,0.7622f,-0.3132f,-0.5415f,-0.2311f,-0.2179f,-0.9482f,0.4775f,0f,0f,0f,1f],start_interpolation: 0,interpolation_duration: 2}
$data merge entity $(bone_akm3) {transformation: [-0.791f,0.6095f,0.0527f,0.1438f,0.5665f,0.7622f,-0.3132f,-0.5415f,-0.2311f,-0.2179f,-0.9482f,0.4775f,0f,0f,0f,1f],start_interpolation: 0,interpolation_duration: 2}
data modify entity @s data merge value {"cameras":{},"locators":{"akm":{"px":0.12193598400126941,"py":-0.6482325878498375,"pz":0.7140440089872265,"ry":342.46961055503806,"rx":-4.834060087374604},"akm2":{"px":0.14174359980337323,"py":-0.36233792848208374,"pz":0.923540310815543,"ry":3.180634130715873,"rx":-18.25364987716736}}}