# This file was generated by Animated Java via MC-Build. It is not recommended to edit this file directly.
$data merge entity $(bone_magazine) {transformation: [0f,0f,0f,-0.0514f,0f,0f,0f,-0.8352f,0f,0f,0f,0.5036f,0f,0f,0f,1f],start_interpolation: 0,interpolation_duration: 2}
$data merge entity $(bone_chamber) {transformation: [0f,0f,0f,-0.0514f,0f,0f,0f,-0.8352f,0f,0f,0f,0.5036f,0f,0f,0f,1f],start_interpolation: 0,interpolation_duration: 2}
$data merge entity $(bone_akm1) {transformation: [0f,0f,0f,-0.0514f,0f,0f,0f,-0.8352f,0f,0f,0f,0.5036f,0f,0f,0f,1f],start_interpolation: 0,interpolation_duration: 2}
$data merge entity $(bone_magazine2) {transformation: [-0.7057f,0.6524f,0.2764f,-0.1279f,0.6881f,0.7241f,0.0476f,-0.8585f,-0.1691f,0.2238f,-0.9599f,0.1984f,0f,0f,0f,1f],start_interpolation: 0,interpolation_duration: 2}
$data merge entity $(bone_right_arm) {transformation: [-0.6718f,-0.068f,-0.7376f,-0.1626f,0.7226f,0.159f,-0.6728f,-0.7856f,0.1631f,-0.9849f,-0.0577f,-0.0978f,0f,0f,0f,1f],start_interpolation: 0,interpolation_duration: 2}
$data merge entity $(bone_forearm) {transformation: [-0.8547f,0.3754f,-0.3586f,0.335f,0.2018f,-0.3962f,-0.8957f,-0.6392f,-0.4783f,-0.8379f,0.2629f,0.2361f,0f,0f,0f,1f],start_interpolation: 0,interpolation_duration: 2}
$data merge entity $(bone_magazine1) {transformation: [0f,0f,0f,0.1284f,0f,0f,0f,-0.6381f,0f,0f,0f,0.2093f,0f,0f,0f,1f],start_interpolation: 0,interpolation_duration: 2}
$data merge entity $(bone_chamber1) {transformation: [-0.7948f,0.6059f,0.0354f,0.1454f,0.572f,0.7673f,-0.29f,-0.5537f,-0.2028f,-0.2103f,-0.9564f,0.3804f,0f,0f,0f,1f],start_interpolation: 0,interpolation_duration: 2}
$data merge entity $(bone_akm3) {transformation: [-0.7948f,0.6059f,0.0354f,0.1454f,0.572f,0.7673f,-0.29f,-0.5537f,-0.2028f,-0.2103f,-0.9564f,0.3804f,0f,0f,0f,1f],start_interpolation: 0,interpolation_duration: 2}
data modify entity @s data merge value {"cameras":{},"locators":{"akm":{"px":-0.05136756569904591,"py":-0.8352215604031894,"pz":0.5036148988183484,"ry":356.0495090441917,"rx":9.150845814864478},"akm2":{"px":0.151581892504446,"py":-0.38553351573884137,"pz":0.8307089166562024,"ry":2.1172357650174547,"rx":-16.857809987459458}}}