# This file was generated by Animated Java via MC-Build. It is not recommended to edit this file directly.
$data merge entity $(bone_magazine) {transformation: [-0.7356f,0f,0f,0.1785f,0.664f,0f,0f,-0.5529f,0.1344f,0f,0f,0.7096f,0f,0f,0f,1f],start_interpolation: 0,interpolation_duration: 1}
$data merge entity $(bone_chamber) {transformation: [-0.7356f,0f,0f,0.1785f,0.664f,0f,0f,-0.5529f,0.1344f,0f,0f,0.7096f,0f,0f,0f,1f],start_interpolation: 0,interpolation_duration: 1}
$data merge entity $(bone_akm1) {transformation: [-0.7356f,0f,0f,0.1785f,0.664f,0f,0f,-0.5529f,0.1344f,0f,0f,0.7096f,0f,0f,0f,1f],start_interpolation: 0,interpolation_duration: 1}
$data merge entity $(bone_magazine2) {transformation: [-0.8358f,0.5146f,0.1929f,0.0764f,0.4987f,0.8577f,-0.127f,-0.64f,-0.2308f,-0.01f,-0.9733f,0.4359f,0f,0f,0f,1f],start_interpolation: -1,interpolation_duration: 0}
$data merge entity $(bone_right_arm) {transformation: [-0.7164f,-0.2357f,-0.6567f,-0.0257f,0.6859f,-0.0649f,-0.7248f,-0.6426f,0.1282f,-0.9697f,0.2082f,0.1466f,0f,0f,0f,1f],start_interpolation: 0,interpolation_duration: 1}
$data merge entity $(bone_forearm) {transformation: [-0.8561f,0.3897f,-0.3393f,0.3434f,0.1504f,-0.4403f,-0.8851f,-0.5896f,-0.4944f,-0.8089f,0.3184f,0.3463f,0f,0f,0f,1f],start_interpolation: 0,interpolation_duration: 1}
$data merge entity $(bone_magazine1) {transformation: [0f,0f,0f,0.1353f,0f,0f,0f,-0.5939f,0f,0f,0f,0.3179f,0f,0f,0f,1f],start_interpolation: 0,interpolation_duration: 1}
$data merge entity $(bone_chamber1) {transformation: [-0.8071f,0.5892f,0.0388f,0.1511f,0.5429f,0.7663f,-0.3437f,-0.4995f,-0.2322f,-0.2564f,-0.9383f,0.4838f,0f,0f,0f,1f],start_interpolation: 0,interpolation_duration: 1}
$data merge entity $(bone_akm3) {transformation: [-0.8071f,0.5892f,0.0388f,0.1511f,0.5429f,0.7663f,-0.3437f,-0.4995f,-0.2322f,-0.2564f,-0.9383f,0.4838f,0f,0f,0f,1f],start_interpolation: 0,interpolation_duration: 1}
data modify entity @s data merge value {"cameras":{},"locators":{"akm":{"px":0.17846936323182502,"py":-0.5528629329430782,"pz":0.709597494254507,"ry":346.4852430232421,"rx":-3.5557504634651083},"akm2":{"px":0.1549476672837451,"py":-0.3056168539420792,"pz":0.9236959279641126,"ry":2.3658224488765995,"rx":-20.103676431236185}}}