# This file was generated by Animated Java via MC-Build. It is not recommended to edit this file directly.
$data merge entity $(bone_magazine) {transformation: [0f,0f,0f,0.1379f,0f,0f,0f,-0.6328f,0f,0f,0f,0.7143f,0f,0f,0f,1f],start_interpolation: 0,interpolation_duration: 2}
$data merge entity $(bone_chamber) {transformation: [0f,0f,0f,0.1379f,0f,0f,0f,-0.6328f,0f,0f,0f,0.7143f,0f,0f,0f,1f],start_interpolation: 0,interpolation_duration: 2}
$data merge entity $(bone_akm1) {transformation: [0f,0f,0f,0.1379f,0f,0f,0f,-0.6328f,0f,0f,0f,0.7143f,0f,0f,0f,1f],start_interpolation: 0,interpolation_duration: 2}
$data merge entity $(bone_magazine2) {transformation: [-0.7834f,0.6149f,0.0901f,0.0028f,0.591f,0.782f,-0.198f,-0.7271f,-0.1922f,-0.1018f,-0.976f,0.4494f,0f,0f,0f,1f],start_interpolation: 0,interpolation_duration: 2}
$data merge entity $(bone_right_arm) {transformation: [-0.6472f,-0.2984f,-0.7015f,-0.1091f,0.7503f,-0.0863f,-0.6555f,-0.7302f,0.1351f,-0.9505f,0.2798f,0.1646f,0f,0f,0f,1f],start_interpolation: 0,interpolation_duration: 2}
$data merge entity $(bone_forearm) {transformation: [-0.8477f,0.3909f,-0.3586f,0.3374f,0.1818f,-0.421f,-0.8887f,-0.6268f,-0.4984f,-0.8185f,0.2858f,0.3392f,0f,0f,0f,1f],start_interpolation: 0,interpolation_duration: 2}
$data merge entity $(bone_magazine1) {transformation: [0f,0f,0f,0.1313f,0f,0f,0f,-0.6276f,0f,0f,0f,0.309f,0f,0f,0f,1f],start_interpolation: 0,interpolation_duration: 2}
$data merge entity $(bone_chamber1) {transformation: [-0.7941f,0.6056f,0.0524f,0.1451f,0.561f,0.7633f,-0.3205f,-0.5377f,-0.2341f,-0.2251f,-0.9458f,0.4775f,0f,0f,0f,1f],start_interpolation: 0,interpolation_duration: 2}
$data merge entity $(bone_akm3) {transformation: [-0.7941f,0.6056f,0.0524f,0.1451f,0.561f,0.7633f,-0.3205f,-0.5377f,-0.2341f,-0.2251f,-0.9458f,0.4775f,0f,0f,0f,1f],start_interpolation: 0,interpolation_duration: 2}
data modify entity @s data merge value {"cameras":{},"locators":{"akm":{"px":0.13792183010312556,"py":-0.6327612527328312,"pz":0.7143144094698094,"ry":342.5691854477251,"rx":-4.950504520069152},"akm2":{"px":0.143041526930902,"py":-0.3551067446898206,"pz":0.9221743551890202,"ry":3.172124807378111,"rx":-18.691070277189333}}}