# This file was generated by Animated Java via MC-Build. It is not recommended to edit this file directly.
$data merge entity $(bone_magazine) {transformation: [0f,0f,0f,0.0508f,0f,0f,0f,-0.4209f,0f,0f,0f,0.5619f,0f,0f,0f,1f],start_interpolation: 0,interpolation_duration: 2}
$data merge entity $(bone_chamber) {transformation: [0f,0f,0f,0.0508f,0f,0f,0f,-0.4209f,0f,0f,0f,0.5619f,0f,0f,0f,1f],start_interpolation: 0,interpolation_duration: 2}
$data merge entity $(bone_akm1) {transformation: [0f,0f,0f,0.0508f,0f,0f,0f,-0.4209f,0f,0f,0f,0.5619f,0f,0f,0f,1f],start_interpolation: 0,interpolation_duration: 2}
$data merge entity $(bone_magazine2) {transformation: [0f,0f,0f,-0.0055f,0f,0f,0f,-0.4995f,0f,0f,0f,0.2868f,0f,0f,0f,1f],start_interpolation: 0,interpolation_duration: 2}
$data merge entity $(bone_right_arm) {transformation: [-0.8835f,-0.1514f,-0.4433f,-0.0871f,0.4533f,-0.0376f,-0.8905f,-0.5117f,0.1182f,-0.9878f,0.1019f,-0.0152f,0f,0f,0f,1f],start_interpolation: 0,interpolation_duration: 2}
$data merge entity $(bone_forearm) {transformation: [-0.8606f,0.3958f,-0.3206f,0.3375f,0.1295f,-0.4387f,-0.8892f,-0.4931f,-0.4926f,-0.8067f,0.3263f,0.1934f,0f,0f,0f,1f],start_interpolation: 0,interpolation_duration: 2}
$data merge entity $(bone_magazine1) {transformation: [-0.8179f,0.573f,0.052f,0.1312f,0.5208f,0.7758f,-0.3562f,-0.5029f,-0.2445f,-0.2643f,-0.933f,0.1664f,0f,0f,0f,1f],start_interpolation: 0,interpolation_duration: 2}
$data merge entity $(bone_chamber1) {transformation: [-0.8179f,0.573f,0.052f,0.1438f,0.5208f,0.7758f,-0.3562f,-0.4058f,-0.2445f,-0.2643f,-0.933f,0.331f,0f,0f,0f,1f],start_interpolation: 0,interpolation_duration: 2}
$data merge entity $(bone_akm3) {transformation: [-0.8179f,0.573f,0.052f,0.1438f,0.5208f,0.7758f,-0.3562f,-0.4058f,-0.2445f,-0.2643f,-0.933f,0.331f,0f,0f,0f,1f],start_interpolation: 0,interpolation_duration: 2}
data modify entity @s data merge value {"cameras":{},"locators":{"akm":{"px":0.05084368824627215,"py":-0.4208671991915071,"pz":0.5618585003285614,"ry":351.2845465603639,"rx":-2.1552886464575436},"akm2":{"px":0.14071312126752314,"py":-0.20556732982713863,"pz":0.7679764894241586,"ry":3.192578291789829,"rx":-20.86840076341703}}}