# This file was generated by Animated Java via MC-Build. It is not recommended to edit this file directly.
$data merge entity $(bone_magazine) {transformation: [0f,0f,0f,0.1472f,0f,0f,0f,-0.5338f,0f,0f,0f,0.6142f,0f,0f,0f,1f],start_interpolation: 0,interpolation_duration: 2}
$data merge entity $(bone_chamber) {transformation: [0f,0f,0f,0.1472f,0f,0f,0f,-0.5338f,0f,0f,0f,0.6142f,0f,0f,0f,1f],start_interpolation: 0,interpolation_duration: 2}
$data merge entity $(bone_akm1) {transformation: [0f,0f,0f,0.1472f,0f,0f,0f,-0.5338f,0f,0f,0f,0.6142f,0f,0f,0f,1f],start_interpolation: 0,interpolation_duration: 2}
$data merge entity $(bone_magazine2) {transformation: [0f,0f,0f,0.0572f,0f,0f,0f,-0.6185f,0f,0f,0f,0.3427f,0f,0f,0f,1f],start_interpolation: -1,interpolation_duration: 0}
$data merge entity $(bone_right_arm) {transformation: [-0.7521f,-0.2087f,-0.6251f,-0.0383f,0.647f,-0.0531f,-0.7606f,-0.6206f,0.1255f,-0.9765f,0.175f,0.05f,0f,0f,0f,1f],start_interpolation: 0,interpolation_duration: 2}
$data merge entity $(bone_forearm) {transformation: [-0.856f,0.3898f,-0.3395f,0.3431f,0.1519f,-0.4381f,-0.886f,-0.5665f,-0.4941f,-0.81f,0.3158f,0.2503f,0f,0f,0f,1f],start_interpolation: 0,interpolation_duration: 2}
$data merge entity $(bone_magazine1) {transformation: [-0.8064f,0.5894f,0.0481f,0.1367f,0.5397f,0.7669f,-0.3474f,-0.5718f,-0.2416f,-0.2541f,-0.9365f,0.2224f,0f,0f,0f,1f],start_interpolation: 0,interpolation_duration: 2}
$data merge entity $(bone_chamber1) {transformation: [-0.8064f,0.5894f,0.0481f,0.1507f,0.5397f,0.7669f,-0.3474f,-0.4767f,-0.2416f,-0.2541f,-0.9365f,0.3881f,0f,0f,0f,1f],start_interpolation: 0,interpolation_duration: 2}
$data merge entity $(bone_akm3) {transformation: [-0.8064f,0.5894f,0.0481f,0.1507f,0.5397f,0.7669f,-0.3474f,-0.4767f,-0.2416f,-0.2541f,-0.9365f,0.3881f,0f,0f,0f,1f],start_interpolation: 0,interpolation_duration: 2}
data modify entity @s data merge value {"cameras":{},"locators":{"akm":{"px":0.14725110680645967,"py":-0.5337782760486298,"pz":0.6142352975490126,"ry":347.93504822963706,"rx":-3.0465794714676897},"akm2":{"px":0.15009267931022946,"py":-0.28107796584762135,"pz":0.8271712557057098,"ry":2.9431550560427695,"rx":-20.326357603931637}}}