# This file was generated by Animated Java via MC-Build. It is not recommended to edit this file directly.
$data merge entity $(bone_magazine) {transformation: [0f,0f,0f,0.0256f,0f,0f,0f,-0.3876f,0f,0f,0f,0.5558f,0f,0f,0f,1f],start_interpolation: 0,interpolation_duration: 2}
$data merge entity $(bone_chamber) {transformation: [0f,0f,0f,0.0256f,0f,0f,0f,-0.3876f,0f,0f,0f,0.5558f,0f,0f,0f,1f],start_interpolation: 0,interpolation_duration: 2}
$data merge entity $(bone_akm1) {transformation: [0f,0f,0f,0.0256f,0f,0f,0f,-0.3876f,0f,0f,0f,0.5558f,0f,0f,0f,1f],start_interpolation: 0,interpolation_duration: 2}
$data merge entity $(bone_magazine2) {transformation: [0f,0f,0f,-0.0275f,0f,0f,0f,-0.4722f,0f,0f,0f,0.2836f,0f,0f,0f,1f],start_interpolation: 0,interpolation_duration: 2}
$data merge entity $(bone_right_arm) {transformation: [-0.9221f,-0.1654f,-0.3497f,-0.1133f,0.3636f,-0.0615f,-0.9295f,-0.4971f,0.1322f,-0.9843f,0.1169f,-0.0178f,0f,0f,0f,1f],start_interpolation: 0,interpolation_duration: 2}
$data merge entity $(bone_forearm) {transformation: [-0.8655f,0.4071f,-0.2918f,0.3287f,0.0952f,-0.4383f,-0.8938f,-0.4777f,-0.4918f,-0.8013f,0.3406f,0.1922f,0f,0f,0f,1f],start_interpolation: 0,interpolation_duration: 2}
$data merge entity $(bone_magazine1) {transformation: [-0.8344f,0.5478f,0.0606f,0.1228f,0.4913f,0.7892f,-0.3685f,-0.4943f,-0.2496f,-0.2777f,-0.9277f,0.1659f,0f,0f,0f,1f],start_interpolation: 0,interpolation_duration: 2}
$data merge entity $(bone_chamber1) {transformation: [-0.8344f,0.5478f,0.0606f,0.1328f,0.4913f,0.7892f,-0.3685f,-0.3943f,-0.2496f,-0.2777f,-0.9277f,0.329f,0f,0f,0f,1f],start_interpolation: 0,interpolation_duration: 2}
$data merge entity $(bone_akm3) {transformation: [-0.8344f,0.5478f,0.0606f,0.1328f,0.4913f,0.7892f,-0.3685f,-0.3943f,-0.2496f,-0.2777f,-0.9277f,0.329f,0f,0f,0f,1f],start_interpolation: 0,interpolation_duration: 2}
data modify entity @s data merge value {"cameras":{},"locators":{"akm":{"px":0.025625017439422627,"py":-0.38761435049545057,"pz":0.5557990161720544,"ry":350.4641492225087,"rx":-3.528227393482762},"akm2":{"px":0.12466059542499935,"py":-0.18772131079887522,"pz":0.7629718849604425,"ry":3.7349760695735768,"rx":-21.621359023552706}}}