# This file was generated by Animated Java via MC-Build. It is not recommended to edit this file directly.
$data merge entity $(bone_magazine) {transformation: [0f,0f,0f,0.0758f,0f,0f,0f,-0.6968f,0f,0f,0f,0.606f,0f,0f,0f,1f],start_interpolation: 0,interpolation_duration: 2}
$data merge entity $(bone_chamber) {transformation: [0f,0f,0f,0.0758f,0f,0f,0f,-0.6968f,0f,0f,0f,0.606f,0f,0f,0f,1f],start_interpolation: 0,interpolation_duration: 2}
$data merge entity $(bone_akm1) {transformation: [0f,0f,0f,0.0758f,0f,0f,0f,-0.6968f,0f,0f,0f,0.606f,0f,0f,0f,1f],start_interpolation: 0,interpolation_duration: 2}
$data merge entity $(bone_magazine2) {transformation: [-0.7725f,0.6276f,0.0967f,-0.0548f,0.6124f,0.7766f,-0.1475f,-0.7817f,-0.1677f,-0.0547f,-0.9843f,0.3335f,0f,0f,0f,1f],start_interpolation: 0,interpolation_duration: 2}
$data merge entity $(bone_right_arm) {transformation: [-0.6633f,-0.27f,-0.6979f,-0.1544f,0.7328f,-0.0454f,-0.6789f,-0.7718f,0.1516f,-0.9618f,0.228f,0.0437f,0f,0f,0f,1f],start_interpolation: 0,interpolation_duration: 2}
$data merge entity $(bone_forearm) {transformation: [-0.8453f,0.3868f,-0.3685f,0.3336f,0.2032f,-0.4052f,-0.8914f,-0.637f,-0.4941f,-0.8283f,0.2639f,0.2424f,0f,0f,0f,1f],start_interpolation: 0,interpolation_duration: 2}
$data merge entity $(bone_magazine1) {transformation: [0f,0f,0f,0.1275f,0f,0f,0f,-0.6348f,0f,0f,0f,0.2121f,0f,0f,0f,1f],start_interpolation: 0,interpolation_duration: 2}
$data merge entity $(bone_chamber1) {transformation: [-0.7877f,0.6141f,0.0495f,0.1422f,0.5752f,0.7618f,-0.2979f,-0.5492f,-0.2206f,-0.2062f,-0.9533f,0.3828f,0f,0f,0f,1f],start_interpolation: 0,interpolation_duration: 2}
$data merge entity $(bone_akm3) {transformation: [-0.7877f,0.6141f,0.0495f,0.1422f,0.5752f,0.7618f,-0.2979f,-0.5492f,-0.2206f,-0.2062f,-0.9533f,0.3828f,0f,0f,0f,1f],start_interpolation: 0,interpolation_duration: 2}
data modify entity @s data merge value {"cameras":{},"locators":{"akm":{"px":0.07581353568165398,"py":-0.6968459733436263,"pz":0.6060500599821207,"ry":344.3162863939846,"rx":-2.6045305377763603},"akm2":{"px":0.14188119070082017,"py":-0.37740487124960376,"pz":0.8317777241899696,"ry":2.9729022954206528,"rx":-17.330083091784672}}}