# This file was generated by Animated Java via MC-Build. It is not recommended to edit this file directly.
$data merge entity $(bone_magazine) {transformation: [-0.9841f,0.1761f,0.0211f,-0.081f,0.1555f,0.914f,-0.3748f,-0.572f,-0.0853f,-0.3656f,-0.9269f,0.3159f,0f,0f,0f,1f],start_interpolation: 0,interpolation_duration: 1}
$data merge entity $(bone_chamber) {transformation: [-0.9841f,0.1761f,0.0211f,-0.0781f,0.1555f,0.914f,-0.3748f,-0.466f,-0.0853f,-0.3656f,-0.9269f,0.4754f,0f,0f,0f,1f],start_interpolation: 0,interpolation_duration: 1}
$data merge entity $(bone_akm1) {transformation: [-0.9841f,0.1761f,0.0211f,-0.0781f,0.1555f,0.914f,-0.3748f,-0.466f,-0.0853f,-0.3656f,-0.9269f,0.4754f,0f,0f,0f,1f],start_interpolation: 0,interpolation_duration: 1}
$data merge entity $(bone_magazine2) {transformation: [0f,0f,0f,-0.0801f,0f,0f,0f,-0.6075f,0f,0f,0f,0.2428f,0f,0f,0f,1f],start_interpolation: 0,interpolation_duration: 1}
$data merge entity $(bone_right_arm) {transformation: [-0.9779f,0.0198f,-0.208f,-0.0951f,0.1849f,-0.3819f,-0.9055f,-0.7679f,-0.0973f,-0.924f,0.3698f,-0.0555f,0f,0f,0f,1f],start_interpolation: 0,interpolation_duration: 1}
$data merge entity $(bone_forearm) {transformation: [-0.5228f,0.3429f,-0.7804f,0.198f,0.6136f,-0.4841f,-0.6238f,-0.695f,-0.5918f,-0.805f,0.0427f,0.3914f,0f,0f,0f,1f],start_interpolation: 0,interpolation_duration: 1}
$data merge entity $(bone_magazine1) {transformation: [0f,0f,0f,22.5397f,0f,0f,0f,-21.7858f,0f,0f,0f,4.0272f,0f,0f,0f,1f],start_interpolation: 0,interpolation_duration: 1}
$data merge entity $(bone_chamber1) {transformation: [0f,0f,0f,22.5397f,0f,0f,0f,-21.7858f,0f,0f,0f,4.0272f,0f,0f,0f,1f],start_interpolation: 0,interpolation_duration: 1}
$data merge entity $(bone_akm3) {transformation: [0f,0f,0f,22.5397f,0f,0f,0f,-21.7858f,0f,0f,0f,4.0272f,0f,0f,0f,1f],start_interpolation: 0,interpolation_duration: 1}
data modify entity @s data merge value {"cameras":{},"locators":{"akm":{"px":-0.08148140202231101,"py":-0.2515960814775837,"pz":0.9056150622482106,"ry":1.305429882582331,"rx":-22.01359206471044},"akm2":{"px":22.539694126730453,"py":-21.78584542906538,"pz":4.02716051103671,"ry":345.8890018022274,"rx":-20.64402335631273}}}