# This file was generated by Animated Java via MC-Build. It is not recommended to edit this file directly.
$data merge entity $(bone_magazine) {transformation: [-0.9896f,0.1434f,0.0114f,-0.0983f,0.1307f,0.9295f,-0.345f,-0.57f,-0.0601f,-0.3399f,-0.9385f,0.312f,0f,0f,0f,1f],start_interpolation: 0,interpolation_duration: 0}
$data merge entity $(bone_chamber) {transformation: [-0.9896f,0.1434f,0.0114f,-0.0948f,0.1307f,0.9295f,-0.345f,-0.469f,-0.0601f,-0.3399f,-0.9385f,0.4747f,0f,0f,0f,1f],start_interpolation: 0,interpolation_duration: 0}
$data merge entity $(bone_akm1) {transformation: [-0.9896f,0.1434f,0.0114f,-0.0948f,0.1307f,0.9295f,-0.345f,-0.469f,-0.0601f,-0.3399f,-0.9385f,0.4747f,0f,0f,0f,1f],start_interpolation: 0,interpolation_duration: 0}
$data merge entity $(bone_magazine2) {transformation: [0f,0f,0f,-0.0977f,0f,0f,0f,-0.6005f,0f,0f,0f,0.2391f,0f,0f,0f,1f],start_interpolation: 0,interpolation_duration: 0}
$data merge entity $(bone_right_arm) {transformation: [-0.985f,0.0104f,-0.1722f,-0.1148f,0.1576f,-0.3515f,-0.9228f,-0.7541f,-0.0701f,-0.9361f,0.3446f,-0.0641f,0f,0f,0f,1f],start_interpolation: 0,interpolation_duration: 0}
$data merge entity $(bone_forearm) {transformation: [-0.4598f,0.3646f,-0.8097f,0.1749f,0.6485f,-0.4852f,-0.5866f,-0.6993f,-0.6067f,-0.7948f,-0.0134f,0.3938f,0f,0f,0f,1f],start_interpolation: 0,interpolation_duration: 0}
$data merge entity $(bone_magazine1) {transformation: [0f,0f,0f,0.1314f,0f,0f,0f,-0.4482f,0f,0f,0f,0.5919f,0f,0f,0f,1f],start_interpolation: 0,interpolation_duration: 0}
$data merge entity $(bone_chamber1) {transformation: [0f,0f,0f,0.1314f,0f,0f,0f,-0.4482f,0f,0f,0f,0.5919f,0f,0f,0f,1f],start_interpolation: 0,interpolation_duration: 0}
$data merge entity $(bone_akm3) {transformation: [0f,0f,0f,0.1314f,0f,0f,0f,-0.4482f,0f,0f,0f,0.5919f,0f,0f,0f,1f],start_interpolation: 0,interpolation_duration: 0}
data modify entity @s data merge value {"cameras":{},"locators":{"akm":{"px":-0.09485417449270794,"py":-0.26833104651106016,"pz":0.9115222216316141,"ry":0.6964202160155537,"rx":-20.181003167080547},"akm2":{"px":0.13138489968880143,"py":-0.44824137241339873,"pz":0.591909436743365,"ry":346.3785530857498,"rx":-19.35166268214744}}}