# This file was generated by Animated Java via MC-Build. It is not recommended to edit this file directly.
$data merge entity $(bone_magazine) {transformation: [-0.9896f,0.1435f,0.0104f,-0.0981f,0.1307f,0.927f,-0.3515f,-0.5689f,-0.0601f,-0.3465f,-0.9361f,0.3119f,0f,0f,0f,1f],start_interpolation: 0,interpolation_duration: 2}
$data merge entity $(bone_chamber) {transformation: [-0.9896f,0.1435f,0.0104f,-0.0944f,0.1307f,0.927f,-0.3515f,-0.4667f,-0.0601f,-0.3465f,-0.9361f,0.4739f,0f,0f,0f,1f],start_interpolation: 0,interpolation_duration: 2}
$data merge entity $(bone_akm1) {transformation: [-0.9896f,0.1435f,0.0104f,-0.0944f,0.1307f,0.927f,-0.3515f,-0.4667f,-0.0601f,-0.3465f,-0.9361f,0.4739f,0f,0f,0f,1f],start_interpolation: 0,interpolation_duration: 2}
$data merge entity $(bone_magazine2) {transformation: [0f,0f,0f,-0.0977f,0f,0f,0f,-0.6005f,0f,0f,0f,0.2391f,0f,0f,0f,1f],start_interpolation: 0,interpolation_duration: 2}
$data merge entity $(bone_right_arm) {transformation: [-0.985f,0.0104f,-0.1722f,-0.1148f,0.1576f,-0.3515f,-0.9228f,-0.7541f,-0.0701f,-0.9361f,0.3446f,-0.0641f,0f,0f,0f,1f],start_interpolation: 0,interpolation_duration: 2}
$data merge entity $(bone_forearm) {transformation: [-0.4598f,0.3646f,-0.8097f,0.1749f,0.6485f,-0.4852f,-0.5866f,-0.6993f,-0.6067f,-0.7948f,-0.0134f,0.3938f,0f,0f,0f,1f],start_interpolation: 0,interpolation_duration: 2}
$data merge entity $(bone_magazine1) {transformation: [0f,0f,0f,0.1314f,0f,0f,0f,-0.4482f,0f,0f,0f,0.5919f,0f,0f,0f,1f],start_interpolation: 0,interpolation_duration: 2}
$data merge entity $(bone_chamber1) {transformation: [0f,0f,0f,0.1314f,0f,0f,0f,-0.4482f,0f,0f,0f,0.5919f,0f,0f,0f,1f],start_interpolation: 0,interpolation_duration: 2}
$data merge entity $(bone_akm3) {transformation: [0f,0f,0f,0.1314f,0f,0f,0f,-0.4482f,0f,0f,0f,0.5919f,0f,0f,0f,1f],start_interpolation: 0,interpolation_duration: 2}
data modify entity @s data merge value {"cameras":{},"locators":{"akm":{"px":-0.09394082473847594,"py":-0.2630111867093565,"pz":0.9092635168620684,"ry":0.6369187231955777,"rx":-20.577095220852414},"akm2":{"px":0.1313848692873978,"py":-0.4482412562723701,"pz":0.5919094003493991,"ry":346.64688827362215,"rx":-20.830343740543846}}}