# This file was generated by Animated Java via MC-Build. It is not recommended to edit this file directly.
$data merge entity $(bone_magazine) {transformation: [-0.675f,0f,0f,0.1674f,0.7254f,0f,0f,-0.5988f,0.1346f,0f,0f,0.7051f,0f,0f,0f,1f],start_interpolation: 0,interpolation_duration: 0}
$data merge entity $(bone_chamber) {transformation: [-0.675f,0f,0f,0.1674f,0.7254f,0f,0f,-0.5988f,0.1346f,0f,0f,0.7051f,0f,0f,0f,1f],start_interpolation: 0,interpolation_duration: 0}
$data merge entity $(bone_akm1) {transformation: [-0.675f,0f,0f,0.1674f,0.7254f,0f,0f,-0.5988f,0.1346f,0f,0f,0.7051f,0f,0f,0f,1f],start_interpolation: 0,interpolation_duration: 0}
$data merge entity $(bone_magazine2) {transformation: [-0.7885f,0.5981f,0.1433f,0.0467f,0.5724f,0.7989f,-0.1845f,-0.686f,-0.2248f,-0.0634f,-0.9723f,0.4337f,0f,0f,0f,1f],start_interpolation: 0,interpolation_duration: 0}
$data merge entity $(bone_right_arm) {transformation: [-0.6493f,-0.2671f,-0.7121f,-0.0595f,0.75f,-0.0702f,-0.6577f,-0.6851f,0.1257f,-0.9611f,0.2459f,0.1471f,0f,0f,0f,1f],start_interpolation: 0,interpolation_duration: 0}
$data merge entity $(bone_forearm) {transformation: [-0.854f,0.3907f,-0.3436f,0.3417f,0.1587f,-0.4333f,-0.8872f,-0.6152f,-0.4954f,-0.8122f,0.308f,0.3395f,0f,0f,0f,1f],start_interpolation: 0,interpolation_duration: 0}
$data merge entity $(bone_magazine1) {transformation: [0f,0f,0f,0.1332f,0f,0f,0f,-0.6181f,0f,0f,0f,0.3103f,0f,0f,0f,1f],start_interpolation: 0,interpolation_duration: 0}
$data merge entity $(bone_chamber1) {transformation: [-0.8045f,0.5927f,0.0382f,0.1492f,0.5492f,0.7667f,-0.3324f,-0.5259f,-0.2263f,-0.2465f,-0.9424f,0.4774f,0f,0f,0f,1f],start_interpolation: 0,interpolation_duration: 0}
$data merge entity $(bone_akm3) {transformation: [-0.8045f,0.5927f,0.0382f,0.1492f,0.5492f,0.7667f,-0.3324f,-0.5259f,-0.2263f,-0.2465f,-0.9424f,0.4774f,0f,0f,0f,1f],start_interpolation: 0,interpolation_duration: 0}
data modify entity @s data merge value {"cameras":{},"locators":{"akm":{"px":0.16739467884089423,"py":-0.5988192212300535,"pz":0.7051243578413469,"ry":344.72457481875483,"rx":-3.7841548787979495},"akm2":{"px":0.15350988503077728,"py":-0.33736896473751615,"pz":0.9195980555731456,"ry":2.318425057336981,"rx":-19.415482108255265}}}