# This file was generated by Animated Java via MC-Build. It is not recommended to edit this file directly.
$data merge entity $(bone_magazine) {transformation: [0f,0f,0f,0.0103f,0f,0f,0f,-0.3526f,0f,0f,0f,0.5487f,0f,0f,0f,1f],start_interpolation: 0,interpolation_duration: 2}
$data merge entity $(bone_chamber) {transformation: [0f,0f,0f,0.0103f,0f,0f,0f,-0.3526f,0f,0f,0f,0.5487f,0f,0f,0f,1f],start_interpolation: 0,interpolation_duration: 2}
$data merge entity $(bone_akm1) {transformation: [0f,0f,0f,0.0103f,0f,0f,0f,-0.3526f,0f,0f,0f,0.5487f,0f,0f,0f,1f],start_interpolation: 0,interpolation_duration: 2}
$data merge entity $(bone_magazine2) {transformation: [0f,0f,0f,-0.0442f,0f,0f,0f,-0.4475f,0f,0f,0f,0.2819f,0f,0f,0f,1f],start_interpolation: 0,interpolation_duration: 2}
$data merge entity $(bone_right_arm) {transformation: [-0.95f,-0.1968f,-0.2424f,-0.1387f,0.2661f,-0.1042f,-0.9583f,-0.491f,0.1633f,-0.9749f,0.1513f,-0.0161f,0f,0f,0f,1f],start_interpolation: 0,interpolation_duration: 2}
$data merge entity $(bone_forearm) {transformation: [-0.8697f,0.4212f,-0.2574f,0.317f,0.054f,-0.4372f,-0.8977f,-0.4604f,-0.4907f,-0.7946f,0.3575f,0.1918f,0f,0f,0f,1f],start_interpolation: 0,interpolation_duration: 2}
$data merge entity $(bone_magazine1) {transformation: [-0.8528f,0.5173f,0.072f,0.1117f,0.4553f,0.8039f,-0.3826f,-0.4851f,-0.2558f,-0.2935f,-0.9211f,0.1665f,0f,0f,0f,1f],start_interpolation: 0,interpolation_duration: 2}
$data merge entity $(bone_chamber1) {transformation: [-0.8528f,0.5173f,0.072f,0.1184f,0.4553f,0.8039f,-0.3826f,-0.382f,-0.2558f,-0.2935f,-0.9211f,0.3278f,0f,0f,0f,1f],start_interpolation: 0,interpolation_duration: 2}
$data merge entity $(bone_akm3) {transformation: [-0.8528f,0.5173f,0.072f,0.1184f,0.4553f,0.8039f,-0.3826f,-0.382f,-0.2558f,-0.2935f,-0.9211f,0.3278f,0f,0f,0f,1f],start_interpolation: 0,interpolation_duration: 2}
data modify entity @s data merge value {"cameras":{},"locators":{"akm":{"px":0.010308866219808416,"py":-0.352592595649257,"pz":0.5486636219615454,"ry":348.58694167658575,"rx":-5.97922577525668},"akm2":{"px":0.10365366081609777,"py":-0.1680249859527126,"pz":0.7579747255823701,"ry":4.468359021565618,"rx":-22.495832284495297}}}