# This file was generated by Animated Java via MC-Build. It is not recommended to edit this file directly.
$data merge entity $(bone_magazine) {transformation: [0f,0f,0f,0.1689f,0f,0f,0f,-0.5974f,0f,0f,0f,0.7046f,0f,0f,0f,1f],start_interpolation: 0,interpolation_duration: 2}
$data merge entity $(bone_chamber) {transformation: [0f,0f,0f,0.1689f,0f,0f,0f,-0.5974f,0f,0f,0f,0.7046f,0f,0f,0f,1f],start_interpolation: 0,interpolation_duration: 2}
$data merge entity $(bone_akm1) {transformation: [0f,0f,0f,0.1689f,0f,0f,0f,-0.5974f,0f,0f,0f,0.7046f,0f,0f,0f,1f],start_interpolation: 0,interpolation_duration: 2}
$data merge entity $(bone_magazine2) {transformation: [-0.7885f,0.5981f,0.1433f,0.0467f,0.5724f,0.7989f,-0.1845f,-0.686f,-0.2248f,-0.0634f,-0.9723f,0.4337f,0f,0f,0f,1f],start_interpolation: 0,interpolation_duration: 2}
$data merge entity $(bone_right_arm) {transformation: [-0.6493f,-0.2671f,-0.7121f,-0.0595f,0.75f,-0.0702f,-0.6577f,-0.6851f,0.1257f,-0.9611f,0.2459f,0.1471f,0f,0f,0f,1f],start_interpolation: 0,interpolation_duration: 2}
$data merge entity $(bone_forearm) {transformation: [-0.854f,0.3907f,-0.3436f,0.3417f,0.1587f,-0.4333f,-0.8872f,-0.6152f,-0.4954f,-0.8122f,0.308f,0.3395f,0f,0f,0f,1f],start_interpolation: 0,interpolation_duration: 2}
$data merge entity $(bone_magazine1) {transformation: [0f,0f,0f,0.1354f,0f,0f,0f,-0.6196f,0f,0f,0f,0.311f,0f,0f,0f,1f],start_interpolation: 0,interpolation_duration: 2}
$data merge entity $(bone_chamber1) {transformation: [-0.8038f,0.5928f,0.0498f,0.1492f,0.5443f,0.7667f,-0.3404f,-0.5259f,-0.2399f,-0.2465f,-0.939f,0.4774f,0f,0f,0f,1f],start_interpolation: 0,interpolation_duration: 2}
$data merge entity $(bone_akm3) {transformation: [-0.8038f,0.5928f,0.0498f,0.1492f,0.5443f,0.7667f,-0.3404f,-0.5259f,-0.2399f,-0.2465f,-0.939f,0.4774f,0f,0f,0f,1f],start_interpolation: 0,interpolation_duration: 2}
data modify entity @s data merge value {"cameras":{},"locators":{"akm":{"px":0.16894265073881845,"py":-0.597389493436169,"pz":0.7045898620180742,"ry":344.47108599522346,"rx":-4.022952480714891},"akm2":{"px":0.1479467253353424,"py":-0.3335632608323139,"pz":0.9179754283654539,"ry":3.0337690915810356,"rx":-19.89884962706704}}}