# This file was generated by Animated Java via MC-Build. It is not recommended to edit this file directly.
$data merge entity $(bone_magazine) {transformation: [0f,0f,0f,0.073f,0f,0f,0f,-0.4435f,0f,0f,0f,0.5658f,0f,0f,0f,1f],start_interpolation: 0,interpolation_duration: 2}
$data merge entity $(bone_chamber) {transformation: [0f,0f,0f,0.073f,0f,0f,0f,-0.4435f,0f,0f,0f,0.5658f,0f,0f,0f,1f],start_interpolation: 0,interpolation_duration: 2}
$data merge entity $(bone_akm1) {transformation: [0f,0f,0f,0.073f,0f,0f,0f,-0.4435f,0f,0f,0f,0.5658f,0f,0f,0f,1f],start_interpolation: 0,interpolation_duration: 2}
$data merge entity $(bone_magazine2) {transformation: [0f,0f,0f,0.0101f,0f,0f,0f,-0.5212f,0f,0f,0f,0.2882f,0f,0f,0f,1f],start_interpolation: 0,interpolation_duration: 2}
$data merge entity $(bone_right_arm) {transformation: [-0.845f,-0.1526f,-0.5126f,-0.071f,0.5219f,-0.026f,-0.8526f,-0.5235f,0.1168f,-0.9879f,0.1017f,-0.0114f,0f,0f,0f,1f],start_interpolation: 0,interpolation_duration: 2}
$data merge entity $(bone_forearm) {transformation: [-0.8562f,0.3875f,-0.3418f,0.3428f,0.1556f,-0.4373f,-0.8857f,-0.5059f,-0.4927f,-0.8115f,0.3141f,0.1961f,0f,0f,0f,1f],start_interpolation: 0,interpolation_duration: 2}
$data merge entity $(bone_magazine1) {transformation: [-0.8051f,0.5913f,0.046f,0.1364f,0.5426f,0.7657f,-0.3453f,-0.5106f,-0.2394f,-0.253f,-0.9374f,0.1685f,0f,0f,0f,1f],start_interpolation: 0,interpolation_duration: 2}
$data merge entity $(bone_chamber1) {transformation: [-0.8051f,0.5913f,0.046f,0.1508f,0.5426f,0.7657f,-0.3453f,-0.4159f,-0.2394f,-0.253f,-0.9374f,0.3344f,0f,0f,0f,1f],start_interpolation: 0,interpolation_duration: 2}
$data merge entity $(bone_akm3) {transformation: [-0.8051f,0.5913f,0.046f,0.1508f,0.5426f,0.7657f,-0.3453f,-0.4159f,-0.2394f,-0.253f,-0.9374f,0.3344f,0f,0f,0f,1f],start_interpolation: 0,interpolation_duration: 2}
data modify entity @s data merge value {"cameras":{},"locators":{"akm":{"px":0.0729741721546808,"py":-0.44354201781876873,"pz":0.5658366227058667,"ry":351.2179159591322,"rx":-1.4923795781180134},"akm2":{"px":0.15130589388162646,"py":-0.22128018822851528,"pz":0.7739266869680788,"ry":2.811477531556733,"rx":-20.199833131078993}}}