# This file was generated by Animated Java via MC-Build. It is not recommended to edit this file directly.
$data merge entity $(bone_magazine) {transformation: [0f,0f,0f,0.1597f,0f,0f,0f,-0.5435f,0f,0f,0f,0.5126f,0f,0f,0f,1f],start_interpolation: 0,interpolation_duration: 2}
$data merge entity $(bone_chamber) {transformation: [0f,0f,0f,0.1597f,0f,0f,0f,-0.5435f,0f,0f,0f,0.5126f,0f,0f,0f,1f],start_interpolation: 0,interpolation_duration: 2}
$data merge entity $(bone_akm1) {transformation: [0f,0f,0f,0.1597f,0f,0f,0f,-0.5435f,0f,0f,0f,0.5126f,0f,0f,0f,1f],start_interpolation: 0,interpolation_duration: 2}
$data merge entity $(bone_magazine2) {transformation: [-0.8281f,0.6376f,0.1297f,0.0349f,0.6096f,0.8337f,-0.2057f,-0.6345f,-0.2273f,-0.0867f,-1.0246f,0.2533f,0f,0f,0f,1f],start_interpolation: 0,interpolation_duration: 2}
$data merge entity $(bone_right_arm) {transformation: [-0.6458f,-0.2805f,-0.7101f,-0.0742f,0.753f,-0.0804f,-0.6531f,-0.6363f,0.1261f,-0.9565f,0.2631f,-0.0324f,0f,0f,0f,1f],start_interpolation: 0,interpolation_duration: 2}
$data merge entity $(bone_forearm) {transformation: [-0.8531f,0.3918f,-0.3445f,0.3413f,0.1599f,-0.4321f,-0.8875f,-0.5541f,-0.4966f,-0.8123f,0.306f,0.1518f,0f,0f,0f,1f],start_interpolation: 0,interpolation_duration: 2}
$data merge entity $(bone_magazine1) {transformation: [0f,0f,0f,0.135f,0f,0f,0f,-0.5584f,0f,0f,0f,0.123f,0f,0f,0f,1f],start_interpolation: 0,interpolation_duration: 2}
$data merge entity $(bone_chamber1) {transformation: [-0.8032f,0.5935f,0.0511f,0.1486f,0.5451f,0.7668f,-0.3388f,-0.4649f,-0.2403f,-0.2443f,-0.9395f,0.2896f,0f,0f,0f,1f],start_interpolation: 0,interpolation_duration: 2}
$data merge entity $(bone_akm3) {transformation: [-0.8032f,0.5935f,0.0511f,0.1486f,0.5451f,0.7668f,-0.3388f,-0.4649f,-0.2403f,-0.2443f,-0.9395f,0.2896f,0f,0f,0f,1f],start_interpolation: 0,interpolation_duration: 2}
data modify entity @s data merge value {"cameras":{},"locators":{"akm":{"px":0.15971910256437788,"py":-0.5435026751105005,"pz":0.5126309270792131,"ry":343.6570853787646,"rx":-4.611607232089774},"akm2":{"px":0.14674506252847141,"py":-0.2733646183153977,"pz":0.7304862948909501,"ry":3.114630793352376,"rx":-19.80423429566417}}}