# This file was generated by Animated Java via MC-Build. It is not recommended to edit this file directly.
$data merge entity $(bone_magazine) {transformation: [-0.9574f,0f,0f,0.0284f,0.1834f,0f,0f,-0.3301f,0.2231f,0f,0f,0.6379f,0f,0f,0f,1f],start_interpolation: 0,interpolation_duration: 1}
$data merge entity $(bone_chamber) {transformation: [-0.9574f,0f,0f,0.0284f,0.1834f,0f,0f,-0.3301f,0.2231f,0f,0f,0.6379f,0f,0f,0f,1f],start_interpolation: 0,interpolation_duration: 1}
$data merge entity $(bone_akm1) {transformation: [-0.9574f,0f,0f,0.0284f,0.1834f,0f,0f,-0.3301f,0.2231f,0f,0f,0.6379f,0f,0f,0f,1f],start_interpolation: 0,interpolation_duration: 1}
$data merge entity $(bone_magazine2) {transformation: [0f,0f,0f,-0.0364f,0f,0f,0f,-0.4369f,0f,0f,0f,0.3731f,0f,0f,0f,1f],start_interpolation: 0,interpolation_duration: 1}
$data merge entity $(bone_right_arm) {transformation: [-0.954f,-0.2498f,-0.166f,-0.1462f,0.2048f,-0.1383f,-0.969f,-0.4902f,0.2191f,-0.9584f,0.1831f,0.0842f,0f,0f,0f,1f],start_interpolation: 0,interpolation_duration: 1}
$data merge entity $(bone_forearm) {transformation: [-0.8703f,0.4181f,-0.2605f,0.3167f,0.059f,-0.4366f,-0.8977f,-0.4613f,-0.489f,-0.7966f,0.3552f,0.286f,0f,0f,0f,1f],start_interpolation: 0,interpolation_duration: 1}
$data merge entity $(bone_magazine1) {transformation: [-0.8519f,0.52f,0.0613f,0.1098f,0.4629f,0.8027f,-0.376f,-0.4844f,-0.2447f,-0.2919f,-0.9246f,0.2605f,0f,0f,0f,1f],start_interpolation: 0,interpolation_duration: 1}
$data merge entity $(bone_chamber1) {transformation: [-0.8519f,0.52f,0.0613f,0.1187f,0.4629f,0.8027f,-0.376f,-0.3825f,-0.2447f,-0.2919f,-0.9246f,0.4224f,0f,0f,0f,1f],start_interpolation: 0,interpolation_duration: 1}
$data merge entity $(bone_akm3) {transformation: [-0.8519f,0.52f,0.0613f,0.1187f,0.4629f,0.8027f,-0.376f,-0.3825f,-0.2447f,-0.2919f,-0.9246f,0.4224f,0f,0f,0f,1f],start_interpolation: 0,interpolation_duration: 1}
data modify entity @s data merge value {"cameras":{},"locators":{"akm":{"px":0.02839744396816919,"py":-0.33006608668142295,"pz":0.6379428883434088,"ry":345.4075792753759,"rx":-7.867734359076372},"akm2":{"px":0.1090997864386334,"py":-0.1717600823174275,"pz":0.8543872458392583,"ry":3.7929366285771096,"rx":-22.085196851602788}}}