# This file was generated by Animated Java via MC-Build. It is not recommended to edit this file directly.
$data merge entity $(bone_magazine) {transformation: [0f,0f,0f,0.0188f,0f,0f,0f,-0.3675f,0f,0f,0f,0.5519f,0f,0f,0f,1f],start_interpolation: 0,interpolation_duration: 2}
$data merge entity $(bone_chamber) {transformation: [0f,0f,0f,0.0188f,0f,0f,0f,-0.3675f,0f,0f,0f,0.5519f,0f,0f,0f,1f],start_interpolation: 0,interpolation_duration: 2}
$data merge entity $(bone_akm1) {transformation: [0f,0f,0f,0.0188f,0f,0f,0f,-0.3675f,0f,0f,0f,0.5519f,0f,0f,0f,1f],start_interpolation: 0,interpolation_duration: 2}
$data merge entity $(bone_magazine2) {transformation: [0f,0f,0f,-0.0363f,0f,0f,0f,-0.4591f,0f,0f,0f,0.2803f,0f,0f,0f,1f],start_interpolation: 0,interpolation_duration: 2}
$data merge entity $(bone_right_arm) {transformation: [-0.9384f,-0.1868f,-0.2907f,-0.1282f,0.3092f,-0.0782f,-0.9478f,-0.4891f,0.1543f,-0.9793f,0.1311f,-0.0172f,0f,0f,0f,1f],start_interpolation: 0,interpolation_duration: 2}
$data merge entity $(bone_forearm) {transformation: [-0.867f,0.41f,-0.2833f,0.3256f,0.0855f,-0.4378f,-0.895f,-0.4731f,-0.491f,-0.8001f,0.3446f,0.1921f,0f,0f,0f,1f],start_interpolation: 0,interpolation_duration: 2}
$data merge entity $(bone_magazine1) {transformation: [-0.8391f,0.5403f,0.0627f,0.1197f,0.4828f,0.793f,-0.3716f,-0.4917f,-0.2505f,-0.2816f,-0.9263f,0.1662f,0f,0f,0f,1f],start_interpolation: 0,interpolation_duration: 2}
$data merge entity $(bone_chamber1) {transformation: [-0.8391f,0.5403f,0.0627f,0.1291f,0.4828f,0.793f,-0.3716f,-0.391f,-0.2505f,-0.2816f,-0.9263f,0.3289f,0f,0f,0f,1f],start_interpolation: 0,interpolation_duration: 2}
$data merge entity $(bone_akm3) {transformation: [-0.8391f,0.5403f,0.0627f,0.1291f,0.4828f,0.793f,-0.3716f,-0.391f,-0.2505f,-0.2816f,-0.9263f,0.3289f,0f,0f,0f,1f],start_interpolation: 0,interpolation_duration: 2}
data modify entity @s data merge value {"cameras":{},"locators":{"akm":{"px":0.018762709824478148,"py":-0.3675027174278911,"pz":0.5519436928442407,"ry":349.20094143461534,"rx":-4.484767294972244},"akm2":{"px":0.11963175697558277,"py":-0.18277144314601518,"pz":0.7620239412894865,"ry":3.870089190552875,"rx":-21.81298790009185}}}