# This file was generated by Animated Java via MC-Build. It is not recommended to edit this file directly.
$data merge entity $(bone_magazine) {transformation: [0f,0f,0f,0.174f,0f,0f,0f,-0.5829f,0f,0f,0f,0.6003f,0f,0f,0f,1f],start_interpolation: 0,interpolation_duration: 2}
$data merge entity $(bone_chamber) {transformation: [0f,0f,0f,0.174f,0f,0f,0f,-0.5829f,0f,0f,0f,0.6003f,0f,0f,0f,1f],start_interpolation: 0,interpolation_duration: 2}
$data merge entity $(bone_akm1) {transformation: [0f,0f,0f,0.174f,0f,0f,0f,-0.5829f,0f,0f,0f,0.6003f,0f,0f,0f,1f],start_interpolation: 0,interpolation_duration: 2}
$data merge entity $(bone_magazine2) {transformation: [-0.8144f,0.591f,0.1639f,0.0586f,0.565f,0.8289f,-0.1816f,-0.6709f,-0.2386f,-0.0542f,-0.9897f,0.3358f,0f,0f,0f,1f],start_interpolation: 0,interpolation_duration: 2}
$data merge entity $(bone_right_arm) {transformation: [-0.6605f,-0.2585f,-0.7049f,-0.0466f,0.7405f,-0.069f,-0.6685f,-0.6703f,0.1241f,-0.9636f,0.237f,0.0489f,0f,0f,0f,1f],start_interpolation: 0,interpolation_duration: 2}
$data merge entity $(bone_forearm) {transformation: [-0.856f,0.391f,-0.3383f,0.3433f,0.1499f,-0.4385f,-0.8861f,-0.608f,-0.4948f,-0.8092f,0.3168f,0.2464f,0f,0f,0f,1f],start_interpolation: 0,interpolation_duration: 2}
$data merge entity $(bone_magazine1) {transformation: [0f,0f,0f,0.1369f,0f,0f,0f,-0.6137f,0f,0f,0f,0.2184f,0f,0f,0f,1f],start_interpolation: 0,interpolation_duration: 2}
$data merge entity $(bone_chamber1) {transformation: [-0.8072f,0.5883f,0.0493f,0.1506f,0.538f,0.7675f,-0.3485f,-0.5184f,-0.2429f,-0.2548f,-0.936f,0.384f,0f,0f,0f,1f],start_interpolation: 0,interpolation_duration: 2}
$data merge entity $(bone_akm3) {transformation: [-0.8072f,0.5883f,0.0493f,0.1506f,0.538f,0.7675f,-0.3485f,-0.5184f,-0.2429f,-0.2548f,-0.936f,0.384f,0f,0f,0f,1f],start_interpolation: 0,interpolation_duration: 2}
data modify entity @s data merge value {"cameras":{},"locators":{"akm":{"px":0.17396117632368407,"py":-0.5828527530559585,"pz":0.6002751339521376,"ry":344.98415174093793,"rx":-3.9577593999317484},"akm2":{"px":0.14940756339162906,"py":-0.3221379355896192,"pz":0.8227819409812784,"ry":3.0175659003890587,"rx":-20.39747278413603}}}