# This file was generated by Animated Java via MC-Build. It is not recommended to edit this file directly.
$data merge entity $(bone_magazine) {transformation: [-0.7411f,0f,0f,0.1765f,0.6578f,0f,0f,-0.5531f,0.1343f,0f,0f,0.7113f,0f,0f,0f,1f],start_interpolation: 0,interpolation_duration: 0}
$data merge entity $(bone_chamber) {transformation: [-0.7411f,0f,0f,0.1765f,0.6578f,0f,0f,-0.5531f,0.1343f,0f,0f,0.7113f,0f,0f,0f,1f],start_interpolation: 0,interpolation_duration: 0}
$data merge entity $(bone_akm1) {transformation: [-0.7411f,0f,0f,0.1765f,0.6578f,0f,0f,-0.5531f,0.1343f,0f,0f,0.7113f,0f,0f,0f,1f],start_interpolation: 0,interpolation_duration: 0}
$data merge entity $(bone_magazine2) {transformation: [-0.8373f,0.5117f,0.1942f,0.076f,0.4983f,0.8595f,-0.1165f,-0.6392f,-0.2265f,-0.0008f,-0.9743f,0.4367f,0f,0f,0f,1f],start_interpolation: 0,interpolation_duration: 0}
$data merge entity $(bone_right_arm) {transformation: [-0.7207f,-0.2327f,-0.6531f,-0.0257f,0.6814f,-0.064f,-0.7291f,-0.6426f,0.1278f,-0.9704f,0.2047f,0.1466f,0f,0f,0f,1f],start_interpolation: 0,interpolation_duration: 0}
$data merge entity $(bone_forearm) {transformation: [-0.8561f,0.3911f,-0.3379f,0.3436f,0.148f,-0.4408f,-0.8853f,-0.5892f,-0.4952f,-0.8079f,0.3195f,0.3461f,0f,0f,0f,1f],start_interpolation: 0,interpolation_duration: 0}
$data merge entity $(bone_magazine1) {transformation: [-0.808f,0.5879f,0.039f,0.1354f,0.5414f,0.767f,-0.3443f,-0.5938f,-0.2324f,-0.2571f,-0.938f,0.3176f,0f,0f,0f,1f],start_interpolation: 0,interpolation_duration: 0}
$data merge entity $(bone_chamber1) {transformation: [-0.808f,0.5879f,0.039f,0.151f,0.5414f,0.767f,-0.3443f,-0.4992f,-0.2324f,-0.2571f,-0.938f,0.4834f,0f,0f,0f,1f],start_interpolation: 0,interpolation_duration: 0}
$data merge entity $(bone_akm3) {transformation: [-0.808f,0.5879f,0.039f,0.151f,0.5414f,0.767f,-0.3443f,-0.4992f,-0.2324f,-0.2571f,-0.938f,0.4834f,0f,0f,0f,1f],start_interpolation: 0,interpolation_duration: 0}
data modify entity @s data merge value {"cameras":{},"locators":{"akm":{"px":0.17646907952509186,"py":-0.5531001030377753,"pz":0.7113494293424117,"ry":346.6896610509792,"rx":-3.4749448230642987},"akm2":{"px":0.15469777953769856,"py":-0.305029839570907,"pz":0.923120856940583,"ry":2.3816526274234207,"rx":-20.14095631261835}}}