# This file was generated by Animated Java via MC-Build. It is not recommended to edit this file directly.
$data merge entity $(bone_magazine) {transformation: [-0.767f,0f,0f,0.1583f,0.6282f,0f,0f,-0.549f,0.1309f,0f,0f,0.7169f,0f,0f,0f,1f],start_interpolation: 0,interpolation_duration: 0}
$data merge entity $(bone_chamber) {transformation: [-0.767f,0f,0f,0.1583f,0.6282f,0f,0f,-0.549f,0.1309f,0f,0f,0.7169f,0f,0f,0f,1f],start_interpolation: 0,interpolation_duration: 0}
$data merge entity $(bone_akm1) {transformation: [-0.767f,0f,0f,0.1583f,0.6282f,0f,0f,-0.549f,0.1309f,0f,0f,0.7169f,0f,0f,0f,1f],start_interpolation: 0,interpolation_duration: 0}
$data merge entity $(bone_magazine2) {transformation: [0f,0f,0f,0.0669f,0f,0f,0f,-0.6327f,0f,0f,0f,0.4403f,0f,0f,0f,1f],start_interpolation: 0,interpolation_duration: 0}
$data merge entity $(bone_right_arm) {transformation: [-0.7481f,-0.2119f,-0.6289f,-0.0297f,0.6517f,-0.0554f,-0.7565f,-0.636f,0.1255f,-0.9757f,0.1796f,0.1474f,0f,0f,0f,1f],start_interpolation: 0,interpolation_duration: 0}
$data merge entity $(bone_forearm) {transformation: [-0.856f,0.3909f,-0.3383f,0.3434f,0.1495f,-0.4393f,-0.8858f,-0.5784f,-0.4949f,-0.8088f,0.3176f,0.3472f,0f,0f,0f,1f],start_interpolation: 0,interpolation_duration: 0}
$data merge entity $(bone_magazine1) {transformation: [-0.8077f,0.5883f,0.0391f,0.1351f,0.5422f,0.7672f,-0.3426f,-0.5828f,-0.2315f,-0.2555f,-0.9387f,0.3187f,0f,0f,0f,1f],start_interpolation: -1,interpolation_duration: 0}
$data merge entity $(bone_chamber1) {transformation: [-0.8077f,0.5883f,0.0391f,0.1508f,0.5422f,0.7672f,-0.3426f,-0.4886f,-0.2315f,-0.2555f,-0.9387f,0.4847f,0f,0f,0f,1f],start_interpolation: 0,interpolation_duration: 0}
$data merge entity $(bone_akm3) {transformation: [-0.8077f,0.5883f,0.0391f,0.1508f,0.5422f,0.7672f,-0.3426f,-0.4886f,-0.2315f,-0.2555f,-0.9387f,0.4847f,0f,0f,0f,1f],start_interpolation: 0,interpolation_duration: 0}
data modify entity @s data merge value {"cameras":{},"locators":{"akm":{"px":0.1582922821251368,"py":-0.5490250279139055,"pz":0.7169317283927313,"ry":347.8970591375373,"rx":-2.9910732563840017},"akm2":{"px":0.15445989478759917,"py":-0.2951998837939474,"pz":0.9248127543123462,"ry":2.385328941405618,"rx":-20.035656861617475}}}