# This file was generated by Animated Java via MC-Build. It is not recommended to edit this file directly.
$data merge entity $(bone_magazine) {transformation: [0f,0f,0f,-0.0018f,0f,0f,0f,-0.0706f,0f,0f,0f,0.4317f,0f,0f,0f,1f],start_interpolation: 0,interpolation_duration: 1}
$data merge entity $(bone_chamber) {transformation: [0f,0f,0f,-0.0018f,0f,0f,0f,-0.0706f,0f,0f,0f,0.4317f,0f,0f,0f,1f],start_interpolation: 0,interpolation_duration: 1}
$data merge entity $(bone_akm1) {transformation: [0f,0f,0f,-0.0018f,0f,0f,0f,-0.0706f,0f,0f,0f,0.4317f,0f,0f,0f,1f],start_interpolation: 0,interpolation_duration: 1}
$data merge entity $(bone_magazine2) {transformation: [0f,0f,0f,-0.0399f,0f,0f,0f,-0.325f,0f,0f,0f,0.3156f,0f,0f,0f,1f],start_interpolation: 0,interpolation_duration: 1}
$data merge entity $(bone_right_arm) {transformation: [-0.3219f,-0.3408f,0.8833f,-0.1348f,-0.3039f,-0.8464f,-0.4373f,-0.6138f,0.8967f,-0.4092f,0.1689f,0.2138f,0f,0f,0f,1f],start_interpolation: 0,interpolation_duration: 1}
$data merge entity $(bone_forearm) {transformation: [-0.8678f,0.4827f,-0.118f,0.2462f,-0.1343f,-0.4564f,-0.8796f,-0.3965f,-0.4785f,-0.7474f,0.4609f,0.2841f,0f,0f,0f,1f],start_interpolation: 0,interpolation_duration: 1}
$data merge entity $(bone_magazine1) {transformation: [-0.9129f,0.3891f,0.1236f,0.046f,0.2921f,0.834f,-0.468f,-0.4543f,-0.2852f,-0.3912f,-0.875f,0.2649f,0f,0f,0f,1f],start_interpolation: 0,interpolation_duration: 1}
$data merge entity $(bone_chamber1) {transformation: [-0.9129f,0.3891f,0.1236f,0.038f,0.2921f,0.834f,-0.468f,-0.334f,-0.2852f,-0.3912f,-0.875f,0.4137f,0f,0f,0f,1f],start_interpolation: 0,interpolation_duration: 1}
$data merge entity $(bone_akm3) {transformation: [-0.9129f,0.3891f,0.1236f,0.038f,0.2921f,0.834f,-0.468f,-0.334f,-0.2852f,-0.3912f,-0.875f,0.4137f,0f,0f,0f,1f],start_interpolation: 0,interpolation_duration: 1}
data modify entity @s data merge value {"cameras":{},"locators":{"akm":{"px":-0.0017962269719158967,"py":-0.07054890169608402,"pz":0.43172768979537257,"ry":320.20947612860687,"rx":-57.82317612781627},"akm2":{"px":-0.006390947737841504,"py":-0.07793840509689837,"pz":0.8181028086329944,"ry":8.038363342611916,"rx":-27.907631240916274}}}