# This file was generated by Animated Java via MC-Build. It is not recommended to edit this file directly.
$data merge entity $(bone_magazine) {transformation: [-0.8137f,0f,0f,0.1146f,0.5675f,0f,0f,-0.5041f,0.1258f,0f,0f,0.6936f,0f,0f,0f,1f],start_interpolation: 0,interpolation_duration: 0}
$data merge entity $(bone_chamber) {transformation: [-0.8137f,0f,0f,0.1146f,0.5675f,0f,0f,-0.5041f,0.1258f,0f,0f,0.6936f,0f,0f,0f,1f],start_interpolation: 0,interpolation_duration: 0}
$data merge entity $(bone_akm1) {transformation: [-0.8137f,0f,0f,0.1146f,0.5675f,0f,0f,-0.5041f,0.1258f,0f,0f,0.6936f,0f,0f,0f,1f],start_interpolation: 0,interpolation_duration: 0}
$data merge entity $(bone_magazine2) {transformation: [0f,0f,0f,0.0416f,0f,0f,0f,-0.578f,0f,0f,0f,0.4127f,0f,0f,0f,1f],start_interpolation: 0,interpolation_duration: 0}
$data merge entity $(bone_right_arm) {transformation: [-0.7976f,-0.1681f,-0.5792f,-0.0437f,0.5906f,-0.0225f,-0.8067f,-0.5765f,0.1226f,-0.9855f,0.1172f,0.1142f,0f,0f,0f,1f],start_interpolation: 0,interpolation_duration: 0}
$data merge entity $(bone_forearm) {transformation: [-0.8522f,0.384f,-0.3554f,0.3465f,0.1721f,-0.4357f,-0.8835f,-0.5402f,-0.4941f,-0.814f,0.3053f,0.3171f,0f,0f,0f,1f],start_interpolation: 0,interpolation_duration: 0}
$data merge entity $(bone_magazine1) {transformation: [-0.797f,0.6029f,0.035f,0.1383f,0.56f,0.7594f,-0.3312f,-0.5405f,-0.2262f,-0.2444f,-0.9429f,0.2883f,0f,0f,0f,1f],start_interpolation: 0,interpolation_duration: 0}
$data merge entity $(bone_chamber1) {transformation: [-0.797f,0.6029f,0.035f,0.1553f,0.56f,0.7594f,-0.3312f,-0.4487f,-0.2262f,-0.2444f,-0.9429f,0.4555f,0f,0f,0f,1f],start_interpolation: 0,interpolation_duration: 0}
$data merge entity $(bone_akm3) {transformation: [-0.797f,0.6029f,0.035f,0.1553f,0.56f,0.7594f,-0.3312f,-0.4487f,-0.2262f,-0.2444f,-0.9429f,0.4555f,0f,0f,0f,1f],start_interpolation: 0,interpolation_duration: 0}
data modify entity @s data merge value {"cameras":{},"locators":{"akm":{"px":0.11456017387054812,"py":-0.5041475677178731,"pz":0.6936242721458155,"ry":350.4312503330523,"rx":-1.130025822195523},"akm2":{"px":0.16155520163405357,"py":-0.26110911369503736,"pz":0.8980858988107527,"ry":2.123371379203121,"rx":-19.339600886972264}}}