# This file was generated by Animated Java via MC-Build. It is not recommended to edit this file directly.
$data merge entity $(bone_magazine) {transformation: [0f,0f,0f,0.1575f,0f,0f,0f,-0.4701f,0f,0f,0f,0.5168f,0f,0f,0f,1f],start_interpolation: 0,interpolation_duration: 2}
$data merge entity $(bone_chamber) {transformation: [0f,0f,0f,0.1575f,0f,0f,0f,-0.4701f,0f,0f,0f,0.5168f,0f,0f,0f,1f],start_interpolation: 0,interpolation_duration: 2}
$data merge entity $(bone_akm1) {transformation: [0f,0f,0f,0.1575f,0f,0f,0f,-0.4701f,0f,0f,0f,0.5168f,0f,0f,0f,1f],start_interpolation: 0,interpolation_duration: 2}
$data merge entity $(bone_magazine2) {transformation: [0f,0f,0f,0.061f,0f,0f,0f,-0.556f,0f,0f,0f,0.2472f,0f,0f,0f,1f],start_interpolation: -1,interpolation_duration: 0}
$data merge entity $(bone_right_arm) {transformation: [-0.7323f,-0.2239f,-0.6431f,-0.0383f,0.6688f,-0.0583f,-0.7412f,-0.5581f,0.1284f,-0.9729f,0.1924f,-0.0438f,0f,0f,0f,1f],start_interpolation: 0,interpolation_duration: 2}
$data merge entity $(bone_forearm) {transformation: [-0.856f,0.3902f,-0.3391f,0.3431f,0.1512f,-0.4383f,-0.886f,-0.5039f,-0.4943f,-0.8098f,0.3161f,0.1565f,0f,0f,0f,1f],start_interpolation: 0,interpolation_duration: 2}
$data merge entity $(bone_magazine1) {transformation: [-0.8067f,0.589f,0.0485f,0.1368f,0.5391f,0.7671f,-0.3478f,-0.5093f,-0.2421f,-0.2544f,-0.9363f,0.1286f,0f,0f,0f,1f],start_interpolation: 0,interpolation_duration: 2}
$data merge entity $(bone_chamber1) {transformation: [-0.8067f,0.589f,0.0485f,0.1507f,0.5391f,0.7671f,-0.3478f,-0.4142f,-0.2421f,-0.2544f,-0.9363f,0.2942f,0f,0f,0f,1f],start_interpolation: 0,interpolation_duration: 2}
$data merge entity $(bone_akm3) {transformation: [-0.8067f,0.589f,0.0485f,0.1507f,0.5391f,0.7671f,-0.3478f,-0.4142f,-0.2421f,-0.2544f,-0.9363f,0.2942f,0f,0f,0f,1f],start_interpolation: 0,interpolation_duration: 2}
data modify entity @s data merge value {"cameras":{},"locators":{"akm":{"px":0.15749495036282468,"py":-0.4701146289417956,"pz":0.5168317683502875,"ry":347.04199845845864,"rx":-3.3415413191888015},"akm2":{"px":0.1498664078867275,"py":-0.2183083867044437,"pz":0.7332101869412744,"ry":2.967726392861209,"rx":-20.349871172493884}}}