# This file was generated by Animated Java via MC-Build. It is not recommended to edit this file directly.
$data merge entity $(bone_magazine) {transformation: [0f,0f,0f,0.1713f,0f,0f,0f,-0.5938f,0f,0f,0f,0.6093f,0f,0f,0f,1f],start_interpolation: 0,interpolation_duration: 2}
$data merge entity $(bone_chamber) {transformation: [0f,0f,0f,0.1713f,0f,0f,0f,-0.5938f,0f,0f,0f,0.6093f,0f,0f,0f,1f],start_interpolation: 0,interpolation_duration: 2}
$data merge entity $(bone_akm1) {transformation: [0f,0f,0f,0.1713f,0f,0f,0f,-0.5938f,0f,0f,0f,0.6093f,0f,0f,0f,1f],start_interpolation: 0,interpolation_duration: 2}
$data merge entity $(bone_magazine2) {transformation: [-0.791f,0.5931f,0.1501f,0.0509f,0.5677f,0.8031f,-0.181f,-0.6818f,-0.2279f,-0.0579f,-0.972f,0.3378f,0f,0f,0f,1f],start_interpolation: 0,interpolation_duration: 2}
$data merge entity $(bone_right_arm) {transformation: [-0.6523f,-0.2631f,-0.7108f,-0.0547f,0.7475f,-0.0679f,-0.6608f,-0.6804f,0.1256f,-0.9624f,0.2409f,0.0509f,0f,0f,0f,1f],start_interpolation: 0,interpolation_duration: 2}
$data merge entity $(bone_forearm) {transformation: [-0.8545f,0.3908f,-0.3422f,0.342f,0.1566f,-0.4343f,-0.887f,-0.614f,-0.4952f,-0.8116f,0.3099f,0.2458f,0f,0f,0f,1f],start_interpolation: 0,interpolation_duration: 2}
$data merge entity $(bone_magazine1) {transformation: [0f,0f,0f,0.1357f,0f,0f,0f,-0.6187f,0f,0f,0f,0.2174f,0f,0f,0f,1f],start_interpolation: 0,interpolation_duration: 2}
$data merge entity $(bone_chamber1) {transformation: [-0.8047f,0.5916f,0.0497f,0.1495f,0.5428f,0.767f,-0.3421f,-0.5246f,-0.2405f,-0.2483f,-0.9384f,0.3836f,0f,0f,0f,1f],start_interpolation: 0,interpolation_duration: 2}
$data merge entity $(bone_akm3) {transformation: [-0.8047f,0.5916f,0.0497f,0.1495f,0.5428f,0.767f,-0.3421f,-0.5246f,-0.2405f,-0.2483f,-0.9384f,0.3836f,0f,0f,0f,1f],start_interpolation: 0,interpolation_duration: 2}
data modify entity @s data merge value {"cameras":{},"locators":{"akm":{"px":0.1712547765615665,"py":-0.5937808041183091,"pz":0.6093038199986527,"ry":344.7100038556248,"rx":-3.891553219795239},"akm2":{"px":0.148275520400406,"py":-0.33149737657048456,"pz":0.8238316365699182,"ry":3.029243296230902,"rx":-20.00421350160469}}}
execute on vehicle unless entity @s[tag=aj.transforms_only] at @s run function animated_java:akm/animations/reload2/zzz/frames/47_root_function