# This file was generated by Animated Java via MC-Build. It is not recommended to edit this file directly.
$data merge entity $(bone_magazine) {transformation: [-0.8508f,0f,0f,0.0873f,0.5118f,0f,0f,-0.457f,0.1192f,0f,0f,0.666f,0f,0f,0f,1f],start_interpolation: 0,interpolation_duration: 0}
$data merge entity $(bone_chamber) {transformation: [-0.8508f,0f,0f,0.0873f,0.5118f,0f,0f,-0.457f,0.1192f,0f,0f,0.666f,0f,0f,0f,1f],start_interpolation: 0,interpolation_duration: 0}
$data merge entity $(bone_akm1) {transformation: [-0.8508f,0f,0f,0.0873f,0.5118f,0f,0f,-0.457f,0.1192f,0f,0f,0.666f,0f,0f,0f,1f],start_interpolation: 0,interpolation_duration: 0}
$data merge entity $(bone_magazine2) {transformation: [0f,0f,0f,0.0229f,0f,0f,0f,-0.5327f,0f,0f,0f,0.3854f,0f,0f,0f,1f],start_interpolation: 0,interpolation_duration: 0}
$data merge entity $(bone_right_arm) {transformation: [-0.8369f,-0.1553f,-0.5249f,-0.0593f,0.5349f,-0.0281f,-0.8445f,-0.5366f,0.1164f,-0.9875f,0.1065f,0.0851f,0f,0f,0f,1f],start_interpolation: 0,interpolation_duration: 0}
$data merge entity $(bone_forearm) {transformation: [-0.8561f,0.3892f,-0.3401f,0.343f,0.1529f,-0.4379f,-0.8859f,-0.5054f,-0.4937f,-0.8104f,0.3154f,0.2897f,0f,0f,0f,1f],start_interpolation: 0,interpolation_duration: 0}
$data merge entity $(bone_magazine1) {transformation: [-0.8066f,0.5898f,0.0385f,0.1349f,0.5443f,0.7666f,-0.3406f,-0.5094f,-0.2304f,-0.2538f,-0.9394f,0.2614f,0f,0f,0f,1f],start_interpolation: 0,interpolation_duration: 0}
$data merge entity $(bone_chamber1) {transformation: [-0.8066f,0.5898f,0.0385f,0.1508f,0.5443f,0.7666f,-0.3406f,-0.4156f,-0.2304f,-0.2538f,-0.9394f,0.4276f,0f,0f,0f,1f],start_interpolation: 0,interpolation_duration: 0}
$data merge entity $(bone_akm3) {transformation: [-0.8066f,0.5898f,0.0385f,0.1508f,0.5443f,0.7666f,-0.3406f,-0.4156f,-0.2304f,-0.2538f,-0.9394f,0.4276f,0f,0f,0f,1f],start_interpolation: 0,interpolation_duration: 0}
data modify entity @s data merge value {"cameras":{},"locators":{"akm":{"px":0.08730198698672806,"py":-0.45699509902913327,"pz":0.666031711437711,"ry":351.15390478630695,"rx":-1.4599034789550807},"akm2":{"px":0.15477886690732146,"py":-0.2231673374916203,"pz":0.8681283678851504,"ry":2.3453153869078562,"rx":-19.916117952970726}}}