# This file was generated by Animated Java via MC-Build. It is not recommended to edit this file directly.
$data merge entity $(bone_magazine) {transformation: [0f,0f,0f,-0.0314f,0f,0f,0f,-0.0777f,0f,0f,0f,0.2577f,0f,0f,0f,1f],start_interpolation: 0,interpolation_duration: 2}
$data merge entity $(bone_chamber) {transformation: [0f,0f,0f,-0.0314f,0f,0f,0f,-0.0777f,0f,0f,0f,0.2577f,0f,0f,0f,1f],start_interpolation: 0,interpolation_duration: 2}
$data merge entity $(bone_akm1) {transformation: [0f,0f,0f,-0.0314f,0f,0f,0f,-0.0777f,0f,0f,0f,0.2577f,0f,0f,0f,1f],start_interpolation: 0,interpolation_duration: 2}
$data merge entity $(bone_magazine2) {transformation: [0f,0f,0f,-0.0588f,0f,0f,0f,-0.3441f,0f,0f,0f,0.1932f,0f,0f,0f,1f],start_interpolation: 0,interpolation_duration: 2}
$data merge entity $(bone_right_arm) {transformation: [-0.2076f,-0.2881f,0.9349f,-0.1273f,-0.1685f,-0.9309f,-0.3242f,-0.6601f,0.9636f,-0.2248f,0.1447f,0.1482f,0f,0f,0f,1f],start_interpolation: 0,interpolation_duration: 2}
$data merge entity $(bone_forearm) {transformation: [-0.8615f,0.4916f,-0.1272f,0.2409f,-0.2135f,-0.5779f,-0.7877f,-0.4209f,-0.4607f,-0.6515f,0.6028f,0.1648f,0f,0f,0f,1f],start_interpolation: 0,interpolation_duration: 2}
$data merge entity $(bone_magazine1) {transformation: [-0.9071f,0.3971f,0.1399f,0.0419f,0.2359f,0.7545f,-0.6124f,-0.4813f,-0.3487f,-0.5225f,-0.778f,0.1534f,0f,0f,0f,1f],start_interpolation: 0,interpolation_duration: 2}
$data merge entity $(bone_chamber1) {transformation: [-0.9071f,0.3971f,0.1399f,0.0311f,0.2359f,0.7545f,-0.6124f,-0.337f,-0.3487f,-0.5225f,-0.778f,0.2789f,0f,0f,0f,1f],start_interpolation: 0,interpolation_duration: 2}
$data merge entity $(bone_akm3) {transformation: [-0.9071f,0.3971f,0.1399f,0.0311f,0.2359f,0.7545f,-0.6124f,-0.337f,-0.3487f,-0.5225f,-0.778f,0.2789f,0f,0f,0f,1f],start_interpolation: 0,interpolation_duration: 2}
data modify entity @s data merge value {"cameras":{},"locators":{"akm":{"px":-0.03136525432997442,"py":-0.07771738506115237,"pz":0.25766415924742214,"ry":307.9666993117295,"rx":-68.56915850872849},"akm2":{"px":-0.02075997993959159,"py":-0.01477397513251788,"pz":0.6318355497410764,"ry":10.191263333611005,"rx":-37.76575998721568}}}
execute on vehicle unless entity @s[tag=aj.transforms_only] at @s run function animated_java:akm/animations/reload2/zzz/frames/48_root_function