# This file was generated by Animated Java via MC-Build. It is not recommended to edit this file directly.
$data merge entity $(bone_magazine) {transformation: [0f,0f,0f,0.0384f,0f,0f,0f,-0.089f,0f,0f,0f,0.3558f,0f,0f,0f,1f],start_interpolation: 0,interpolation_duration: 2}
$data merge entity $(bone_chamber) {transformation: [0f,0f,0f,0.0384f,0f,0f,0f,-0.089f,0f,0f,0f,0.3558f,0f,0f,0f,1f],start_interpolation: 0,interpolation_duration: 2}
$data merge entity $(bone_akm1) {transformation: [0f,0f,0f,0.0384f,0f,0f,0f,-0.089f,0f,0f,0f,0.3558f,0f,0f,0f,1f],start_interpolation: 0,interpolation_duration: 2}
$data merge entity $(bone_magazine2) {transformation: [0f,0f,0f,-0.0277f,0f,0f,0f,-0.328f,0f,0f,0f,0.2174f,0f,0f,0f,1f],start_interpolation: 0,interpolation_duration: 2}
$data merge entity $(bone_right_arm) {transformation: [-0.6087f,-0.4169f,0.675f,-0.1608f,-0.2109f,-0.7352f,-0.6442f,-0.5823f,0.7649f,-0.5345f,0.3596f,0.0776f,0f,0f,0f,1f],start_interpolation: 0,interpolation_duration: 2}
$data merge entity $(bone_forearm) {transformation: [-0.8644f,0.4904f,-0.1105f,0.2466f,-0.1466f,-0.4561f,-0.8778f,-0.3943f,-0.4809f,-0.7426f,0.4662f,0.1892f,0f,0f,0f,1f],start_interpolation: 0,interpolation_duration: 2}
$data merge entity $(bone_magazine1) {transformation: [-0.914f,0.3818f,0.1376f,0.0482f,0.2776f,0.8355f,-0.4742f,-0.4547f,-0.296f,-0.3952f,-0.8696f,0.17f,0f,0f,0f,1f],start_interpolation: 0,interpolation_duration: 2}
$data merge entity $(bone_chamber1) {transformation: [-0.914f,0.3818f,0.1376f,0.0373f,0.2776f,0.8355f,-0.4742f,-0.3331f,-0.296f,-0.3952f,-0.8696f,0.3176f,0f,0f,0f,1f],start_interpolation: 0,interpolation_duration: 2}
$data merge entity $(bone_akm3) {transformation: [-0.914f,0.3818f,0.1376f,0.0373f,0.2776f,0.8355f,-0.4742f,-0.3331f,-0.296f,-0.3952f,-0.8696f,0.3176f,0f,0f,0f,1f],start_interpolation: 0,interpolation_duration: 2}
data modify entity @s data merge value {"cameras":{},"locators":{"akm":{"px":0.03837239888369767,"py":-0.08900946359696102,"pz":0.35576988711283153,"ry":322.04358605950415,"rx":-47.324071504830115},"akm2":{"px":-0.01409488588173037,"py":-0.07404526310144988,"pz":0.7192594425871677,"ry":8.993877398964798,"rx":-28.30793305703785}}}