# This file was generated by Animated Java via MC-Build. It is not recommended to edit this file directly.
$data merge entity $(bone_magazine) {transformation: [0f,0f,0f,-0.0331f,0f,0f,0f,-0.0722f,0f,0f,0f,0.4224f,0f,0f,0f,1f],start_interpolation: 0,interpolation_duration: 1}
$data merge entity $(bone_chamber) {transformation: [0f,0f,0f,-0.0331f,0f,0f,0f,-0.0722f,0f,0f,0f,0.4224f,0f,0f,0f,1f],start_interpolation: 0,interpolation_duration: 1}
$data merge entity $(bone_akm1) {transformation: [0f,0f,0f,-0.0331f,0f,0f,0f,-0.0722f,0f,0f,0f,0.4224f,0f,0f,0f,1f],start_interpolation: 0,interpolation_duration: 1}
$data merge entity $(bone_magazine2) {transformation: [0f,0f,0f,-0.0563f,0f,0f,0f,-0.3322f,0f,0f,0f,0.3197f,0f,0f,0f,1f],start_interpolation: 0,interpolation_duration: 1}
$data merge entity $(bone_right_arm) {transformation: [-0.1936f,-0.2871f,0.9381f,-0.128f,-0.2988f,-0.8935f,-0.3351f,-0.6349f,0.9345f,-0.3452f,0.0872f,0.2362f,0f,0f,0f,1f],start_interpolation: 0,interpolation_duration: 1}
$data merge entity $(bone_forearm) {transformation: [-0.8659f,0.4871f,-0.1135f,0.2395f,-0.1576f,-0.4811f,-0.8624f,-0.3974f,-0.4747f,-0.7289f,0.4933f,0.28f,0f,0f,0f,1f],start_interpolation: 0,interpolation_duration: 1}
$data merge entity $(bone_magazine1) {transformation: [-0.914f,0.3847f,0.1287f,0.0397f,0.2752f,0.8212f,-0.4999f,-0.4571f,-0.298f,-0.4215f,-0.8565f,0.2627f,0f,0f,0f,1f],start_interpolation: 0,interpolation_duration: 1}
$data merge entity $(bone_chamber1) {transformation: [-0.914f,0.3847f,0.1287f,0.0306f,0.2752f,0.8212f,-0.4999f,-0.3313f,-0.298f,-0.4215f,-0.8565f,0.4068f,0f,0f,0f,1f],start_interpolation: 0,interpolation_duration: 1}
$data merge entity $(bone_akm3) {transformation: [-0.914f,0.3847f,0.1287f,0.0306f,0.2752f,0.8212f,-0.4999f,-0.3313f,-0.298f,-0.4215f,-0.8565f,0.4068f,0f,0f,0f,1f],start_interpolation: 0,interpolation_duration: 1}
data modify entity @s data merge value {"cameras":{},"locators":{"akm":{"px":-0.033093453684126736,"py":-0.07218074551870815,"pz":0.4224008198421255,"ry":320.25167437233847,"rx":-63.32025686902264},"akm2":{"px":-0.0164050072880097,"py":-0.060502618800018615,"pz":0.8011912933436032,"ry":8.548632498743672,"rx":-29.99369530580434}}}