# This file was generated by Animated Java via MC-Build. It is not recommended to edit this file directly.
$data merge entity $(bone_magazine) {transformation: [0f,0f,0f,-0.0208f,0f,0f,0f,-0.0934f,0f,0f,0f,0.2062f,0f,0f,0f,1f],start_interpolation: 0,interpolation_duration: 2}
$data merge entity $(bone_chamber) {transformation: [0f,0f,0f,-0.0208f,0f,0f,0f,-0.0934f,0f,0f,0f,0.2062f,0f,0f,0f,1f],start_interpolation: 0,interpolation_duration: 2}
$data merge entity $(bone_akm1) {transformation: [0f,0f,0f,-0.0208f,0f,0f,0f,-0.0934f,0f,0f,0f,0.2062f,0f,0f,0f,1f],start_interpolation: 0,interpolation_duration: 2}
$data merge entity $(bone_magazine2) {transformation: [0f,0f,0f,-0.0511f,0f,0f,0f,-0.3637f,0f,0f,0f,0.1745f,0f,0f,0f,1f],start_interpolation: 0,interpolation_duration: 2}
$data merge entity $(bone_right_arm) {transformation: [-0.1135f,-0.2932f,0.9493f,-0.1174f,-0.0633f,-0.9514f,-0.3014f,-0.6848f,0.9915f,-0.0943f,0.0895f,0.17f,0f,0f,0f,1f],start_interpolation: 0,interpolation_duration: 2}
$data merge entity $(bone_forearm) {transformation: [-0.8633f,0.4838f,-0.1435f,0.2464f,-0.2233f,-0.6212f,-0.7512f,-0.437f,-0.4526f,-0.6165f,0.6443f,0.1536f,0f,0f,0f,1f],start_interpolation: 0,interpolation_duration: 2}
$data merge entity $(bone_magazine1) {transformation: [-0.9013f,0.4125f,0.1321f,0.0464f,0.2323f,0.7177f,-0.6565f,-0.4944f,-0.3656f,-0.561f,-0.7427f,0.1446f,0f,0f,0f,1f],start_interpolation: 0,interpolation_duration: 2}
$data merge entity $(bone_chamber1) {transformation: [-0.9013f,0.4125f,0.1321f,0.0411f,0.2323f,0.7177f,-0.6565f,-0.3597f,-0.3656f,-0.561f,-0.7427f,0.2433f,0f,0f,0f,1f],start_interpolation: 0,interpolation_duration: 2}
$data merge entity $(bone_akm3) {transformation: [-0.9013f,0.4125f,0.1321f,0.0378f,0.2323f,0.7177f,-0.6565f,-0.3433f,-0.3656f,-0.561f,-0.7427f,0.2619f,0f,0f,0f,1f],start_interpolation: 0,interpolation_duration: 2}
data modify entity @s data merge value {"cameras":{},"locators":{"akm":{"px":-0.020770853108101665,"py":-0.09340711365875151,"pz":0.20618070931035729,"ry":287.8259208472854,"rx":-72.06221357642531},"akm2":{"px":-0.00981930650938602,"py":-0.001365020895759017,"pz":0.5964239949473651,"ry":10.082264359542847,"rx":-41.03189159417833}}}