# This file was generated by Animated Java via MC-Build. It is not recommended to edit this file directly.
$data merge entity $(bone_magazine) {transformation: [0f,0f,0f,-0.0328f,0f,0f,0f,-0.0823f,0f,0f,0f,0.3488f,0f,0f,0f,1f],start_interpolation: 0,interpolation_duration: 1}
$data merge entity $(bone_chamber) {transformation: [0f,0f,0f,-0.0328f,0f,0f,0f,-0.0823f,0f,0f,0f,0.3488f,0f,0f,0f,1f],start_interpolation: 0,interpolation_duration: 1}
$data merge entity $(bone_akm1) {transformation: [0f,0f,0f,-0.0328f,0f,0f,0f,-0.0823f,0f,0f,0f,0.3488f,0f,0f,0f,1f],start_interpolation: 0,interpolation_duration: 1}
$data merge entity $(bone_magazine2) {transformation: [0f,0f,0f,-0.0571f,0f,0f,0f,-0.3525f,0f,0f,0f,0.2923f,0f,0f,0f,1f],start_interpolation: 0,interpolation_duration: 1}
$data merge entity $(bone_right_arm) {transformation: [-0.104f,-0.2806f,0.9542f,-0.1214f,-0.1506f,-0.9439f,-0.2939f,-0.6696f,0.9831f,-0.1743f,0.0559f,0.2622f,0f,0f,0f,1f],start_interpolation: 0,interpolation_duration: 1}
$data merge entity $(bone_forearm) {transformation: [-0.8653f,0.484f,-0.1306f,0.2385f,-0.1906f,-0.5586f,-0.8072f,-0.4169f,-0.4636f,-0.6736f,0.5756f,0.2653f,0f,0f,0f,1f],start_interpolation: 0,interpolation_duration: 1}
$data merge entity $(bone_magazine1) {transformation: [-0.9074f,0.4006f,0.1271f,0.0381f,0.2576f,0.7692f,-0.5848f,-0.4751f,-0.332f,-0.4979f,-0.8012f,0.2525f,0f,0f,0f,1f],start_interpolation: 0,interpolation_duration: 1}
$data merge entity $(bone_chamber1) {transformation: [-0.9074f,0.4006f,0.1271f,0.0299f,0.2576f,0.7692f,-0.5848f,-0.3354f,-0.332f,-0.4979f,-0.8012f,0.3832f,0f,0f,0f,1f],start_interpolation: 0,interpolation_duration: 1}
$data merge entity $(bone_akm3) {transformation: [-0.9074f,0.4006f,0.1271f,0.0299f,0.2576f,0.7692f,-0.5848f,-0.3354f,-0.332f,-0.4979f,-0.8012f,0.3832f,0f,0f,0f,1f],start_interpolation: 0,interpolation_duration: 1}
data modify entity @s data merge value {"cameras":{},"locators":{"akm":{"px":-0.03284452403822426,"py":-0.0822733007735957,"pz":0.34883042723848084,"ry":301.8517675284841,"rx":-70.71321722935983},"akm2":{"px":-0.01572429131433427,"py":-0.02587614780238806,"pz":0.7481880317615812,"ry":9.016819484001019,"rx":-35.78710264759451}}}
execute on vehicle unless entity @s[tag=aj.transforms_only] at @s run function animated_java:akm/animations/reload2/zzz/frames/50_root_function