# This file was generated by Animated Java via MC-Build. It is not recommended to edit this file directly.
$data merge entity $(bone_magazine) {transformation: [0f,0f,0f,0.1872f,0f,0f,0f,-0.5577f,0f,0f,0f,0.61f,0f,0f,0f,1f],start_interpolation: 0,interpolation_duration: 2}
$data merge entity $(bone_chamber) {transformation: [0f,0f,0f,0.1872f,0f,0f,0f,-0.5577f,0f,0f,0f,0.61f,0f,0f,0f,1f],start_interpolation: 0,interpolation_duration: 2}
$data merge entity $(bone_akm1) {transformation: [0f,0f,0f,0.1872f,0f,0f,0f,-0.5577f,0f,0f,0f,0.61f,0f,0f,0f,1f],start_interpolation: 0,interpolation_duration: 2}
$data merge entity $(bone_magazine2) {transformation: [-0.8236f,0.539f,0.1782f,0.0774f,0.5186f,0.8421f,-0.15f,-0.6466f,-0.2309f,-0.0311f,-0.9728f,0.3372f,0f,0f,0f,1f],start_interpolation: -1,interpolation_duration: 0}
$data merge entity $(bone_right_arm) {transformation: [-0.6932f,-0.2497f,-0.6762f,-0.0279f,0.7092f,-0.0688f,-0.7016f,-0.6487f,0.1286f,-0.9659f,0.2248f,0.0496f,0f,0f,0f,1f],start_interpolation: 0,interpolation_duration: 2}
$data merge entity $(bone_forearm) {transformation: [-0.8561f,0.3912f,-0.3378f,0.3437f,0.1478f,-0.4411f,-0.8852f,-0.599f,-0.4953f,-0.8077f,0.3198f,0.2492f,0f,0f,0f,1f],start_interpolation: 0,interpolation_duration: 2}
$data merge entity $(bone_magazine1) {transformation: [0f,0f,0f,0.1374f,0f,0f,0f,-0.6049f,0f,0f,0f,0.2213f,0f,0f,0f,1f],start_interpolation: 0,interpolation_duration: 2}
$data merge entity $(bone_chamber1) {transformation: [-0.8074f,0.5879f,0.0494f,0.151f,0.5368f,0.7669f,-0.3517f,-0.509f,-0.2447f,-0.2574f,-0.9348f,0.3865f,0f,0f,0f,1f],start_interpolation: 0,interpolation_duration: 2}
$data merge entity $(bone_akm3) {transformation: [-0.8074f,0.5879f,0.0494f,0.151f,0.5368f,0.7669f,-0.3517f,-0.509f,-0.2447f,-0.2574f,-0.9348f,0.3865f,0f,0f,0f,1f],start_interpolation: 0,interpolation_duration: 2}
data modify entity @s data merge value {"cameras":{},"locators":{"akm":{"px":0.18717036706491452,"py":-0.5576950723327581,"pz":0.6100077574985628,"ry":345.5071592282841,"rx":-3.946631166018219},"akm2":{"px":0.1497482250696827,"py":-0.311294890537162,"pz":0.8246263637976948,"ry":3.027016348868443,"rx":-20.590188577771553}}}