# This file was generated by Animated Java via MC-Build. It is not recommended to edit this file directly.
$data merge entity $(bone_magazine) {transformation: [0f,0f,0f,0.0198f,0f,0f,0f,-0.3753f,0f,0f,0f,0.6497f,0f,0f,0f,1f],start_interpolation: 0,interpolation_duration: 2}
$data merge entity $(bone_chamber) {transformation: [0f,0f,0f,0.0198f,0f,0f,0f,-0.3753f,0f,0f,0f,0.6497f,0f,0f,0f,1f],start_interpolation: 0,interpolation_duration: 2}
$data merge entity $(bone_akm1) {transformation: [0f,0f,0f,0.0198f,0f,0f,0f,-0.3753f,0f,0f,0f,0.6497f,0f,0f,0f,1f],start_interpolation: 0,interpolation_duration: 2}
$data merge entity $(bone_magazine2) {transformation: [0f,0f,0f,-0.0336f,0f,0f,0f,-0.4641f,0f,0f,0f,0.3762f,0f,0f,0f,1f],start_interpolation: 0,interpolation_duration: 2}
$data merge entity $(bone_right_arm) {transformation: [-0.9343f,-0.1748f,-0.3108f,-0.1221f,0.3274f,-0.0755f,-0.9418f,-0.4948f,0.1411f,-0.9817f,0.1278f,0.076f,0f,0f,0f,1f],start_interpolation: 0,interpolation_duration: 2}
$data merge entity $(bone_forearm) {transformation: [-0.8672f,0.4135f,-0.2775f,0.3245f,0.0776f,-0.4382f,-0.8955f,-0.4706f,-0.4919f,-0.7981f,0.3479f,0.2856f,0f,0f,0f,1f],start_interpolation: 0,interpolation_duration: 2}
$data merge entity $(bone_magazine1) {transformation: [-0.8422f,0.5351f,0.0659f,0.1188f,0.4761f,0.7955f,-0.3748f,-0.4906f,-0.253f,-0.2843f,-0.9248f,0.2596f,0f,0f,0f,1f],start_interpolation: 0,interpolation_duration: 2}
$data merge entity $(bone_chamber1) {transformation: [-0.8422f,0.5351f,0.0659f,0.1274f,0.4761f,0.7955f,-0.3748f,-0.3893f,-0.253f,-0.2843f,-0.9248f,0.4219f,0f,0f,0f,1f],start_interpolation: 0,interpolation_duration: 2}
$data merge entity $(bone_akm3) {transformation: [-0.8422f,0.5351f,0.0659f,0.1274f,0.4761f,0.7955f,-0.3748f,-0.3893f,-0.253f,-0.2843f,-0.9248f,0.4219f,0f,0f,0f,1f],start_interpolation: 0,interpolation_duration: 2}
data modify entity @s data merge value {"cameras":{},"locators":{"akm":{"px":0.0198491380136951,"py":-0.3753051915838511,"pz":0.6496940446342154,"ry":349.9067127355804,"rx":-4.332338739766882},"akm2":{"px":0.11615956461989452,"py":-0.1793761245950446,"pz":0.8541883454719355,"ry":4.075594154347812,"rx":-22.01348617418277}}}