# This file was generated by Animated Java via MC-Build. It is not recommended to edit this file directly.
$data merge entity $(bone_magazine) {transformation: [-0.9413f,0f,0f,0.0196f,0.3052f,0f,0f,-0.3759f,0.1441f,0f,0f,0.6498f,0f,0f,0f,1f],start_interpolation: 0,interpolation_duration: 0}
$data merge entity $(bone_chamber) {transformation: [-0.9413f,0f,0f,0.0196f,0.3052f,0f,0f,-0.3759f,0.1441f,0f,0f,0.6498f,0f,0f,0f,1f],start_interpolation: 0,interpolation_duration: 0}
$data merge entity $(bone_akm1) {transformation: [-0.9413f,0f,0f,0.0196f,0.3052f,0f,0f,-0.3759f,0.1441f,0f,0f,0.6498f,0f,0f,0f,1f],start_interpolation: 0,interpolation_duration: 0}
$data merge entity $(bone_magazine2) {transformation: [0f,0f,0f,-0.0336f,0f,0f,0f,-0.4641f,0f,0f,0f,0.3762f,0f,0f,0f,1f],start_interpolation: 0,interpolation_duration: 0}
$data merge entity $(bone_right_arm) {transformation: [-0.9343f,-0.1748f,-0.3108f,-0.1221f,0.3274f,-0.0755f,-0.9418f,-0.4948f,0.1411f,-0.9817f,0.1278f,0.076f,0f,0f,0f,1f],start_interpolation: 0,interpolation_duration: 0}
$data merge entity $(bone_forearm) {transformation: [-0.8672f,0.4135f,-0.2775f,0.3245f,0.0776f,-0.4382f,-0.8955f,-0.4706f,-0.4919f,-0.7981f,0.3479f,0.2856f,0f,0f,0f,1f],start_interpolation: 0,interpolation_duration: 0}
$data merge entity $(bone_magazine1) {transformation: [-0.8429f,0.5351f,0.0573f,0.1172f,0.4798f,0.7955f,-0.3699f,-0.4897f,-0.2436f,-0.2843f,-0.9273f,0.2591f,0f,0f,0f,1f],start_interpolation: 0,interpolation_duration: 0}
$data merge entity $(bone_chamber1) {transformation: [-0.8429f,0.5351f,0.0573f,0.1274f,0.4798f,0.7955f,-0.3699f,-0.3893f,-0.2436f,-0.2843f,-0.9273f,0.4219f,0f,0f,0f,1f],start_interpolation: 0,interpolation_duration: 0}
$data merge entity $(bone_akm3) {transformation: [-0.8429f,0.5351f,0.0573f,0.1274f,0.4798f,0.7955f,-0.3699f,-0.3893f,-0.2436f,-0.2843f,-0.9273f,0.4219f,0f,0f,0f,1f],start_interpolation: 0,interpolation_duration: 0}
data modify entity @s data merge value {"cameras":{},"locators":{"akm":{"px":0.01963800250828878,"py":-0.37594504305002086,"pz":0.6497808646642683,"ry":349.9400774971124,"rx":-4.228860530483563},"akm2":{"px":0.12025483783978247,"py":-0.18172022038912178,"pz":0.8554051374952247,"ry":3.5385868812476247,"rx":-21.71132952967431}}}