# This file was generated by Animated Java via MC-Build. It is not recommended to edit this file directly.
$data merge entity $(bone_magazine) {transformation: [0f,0f,0f,0.044f,0f,0f,0f,-0.4144f,0f,0f,0f,0.5609f,0f,0f,0f,1f],start_interpolation: 0,interpolation_duration: 2}
$data merge entity $(bone_chamber) {transformation: [0f,0f,0f,0.044f,0f,0f,0f,-0.4144f,0f,0f,0f,0.5609f,0f,0f,0f,1f],start_interpolation: 0,interpolation_duration: 2}
$data merge entity $(bone_akm1) {transformation: [0f,0f,0f,0.044f,0f,0f,0f,-0.4144f,0f,0f,0f,0.5609f,0f,0f,0f,1f],start_interpolation: 0,interpolation_duration: 2}
$data merge entity $(bone_magazine2) {transformation: [0f,0f,0f,-0.0128f,0f,0f,0f,-0.4946f,0f,0f,0f,0.2841f,0f,0f,0f,1f],start_interpolation: 0,interpolation_duration: 2}
$data merge entity $(bone_right_arm) {transformation: [-0.8821f,-0.1513f,-0.4462f,-0.0941f,0.4559f,-0.0355f,-0.8893f,-0.5039f,0.1187f,-0.9879f,0.1003f,-0.0164f,0f,0f,0f,1f],start_interpolation: 0,interpolation_duration: 2}
$data merge entity $(bone_forearm) {transformation: [-0.8601f,0.3938f,-0.3243f,0.3382f,0.1343f,-0.4384f,-0.8887f,-0.495f,-0.4921f,-0.8079f,0.3242f,0.1938f,0f,0f,0f,1f],start_interpolation: 0,interpolation_duration: 2}
$data merge entity $(bone_magazine1) {transformation: [-0.8158f,0.5762f,0.0504f,0.1318f,0.5249f,0.774f,-0.3541f,-0.5038f,-0.243f,-0.2624f,-0.9338f,0.1667f,0f,0f,0f,1f],start_interpolation: 0,interpolation_duration: 2}
$data merge entity $(bone_chamber1) {transformation: [-0.8158f,0.5762f,0.0504f,0.1449f,0.5249f,0.774f,-0.3541f,-0.4072f,-0.243f,-0.2624f,-0.9338f,0.3316f,0f,0f,0f,1f],start_interpolation: 0,interpolation_duration: 2}
$data merge entity $(bone_akm3) {transformation: [-0.8158f,0.5762f,0.0504f,0.1449f,0.5249f,0.774f,-0.3541f,-0.4072f,-0.243f,-0.2624f,-0.9338f,0.3316f,0f,0f,0f,1f],start_interpolation: 0,interpolation_duration: 2}
data modify entity @s data merge value {"cameras":{},"locators":{"akm":{"px":0.043996477519422275,"py":-0.4144044817733653,"pz":0.5608717940747898,"ry":351.2922270498023,"rx":-2.034605263865004},"akm2":{"px":0.1426865825160691,"py":-0.20801510945867752,"pz":0.7690501759300679,"ry":3.0865221256281643,"rx":-20.738902617855555}}}