# This file was generated by Animated Java via MC-Build. It is not recommended to edit this file directly.
$data merge entity $(bone_magazine) {transformation: [0f,0f,0f,0.0146f,0f,0f,0f,-0.1424f,0f,0f,0f,0.0619f,0f,0f,0f,1f],start_interpolation: 0,interpolation_duration: 2}
$data merge entity $(bone_chamber) {transformation: [0f,0f,0f,0.0146f,0f,0f,0f,-0.1424f,0f,0f,0f,0.0619f,0f,0f,0f,1f],start_interpolation: 0,interpolation_duration: 2}
$data merge entity $(bone_akm1) {transformation: [0f,0f,0f,0.0146f,0f,0f,0f,-0.1424f,0f,0f,0f,0.0619f,0f,0f,0f,1f],start_interpolation: 0,interpolation_duration: 2}
$data merge entity $(bone_magazine2) {transformation: [0f,0f,0f,-0.0364f,0f,0f,0f,-0.4051f,0f,0f,0f,0.1032f,0f,0f,0f,1f],start_interpolation: 0,interpolation_duration: 2}
$data merge entity $(bone_right_arm) {transformation: [-0.1261f,-0.3581f,0.9251f,-0.1227f,0.2132f,-0.9206f,-0.3272f,-0.7142f,0.9688f,0.156f,0.1924f,0.1828f,0f,0f,0f,1f],start_interpolation: 0,interpolation_duration: 2}
$data merge entity $(bone_forearm) {transformation: [-0.8681f,0.4673f,-0.1674f,0.254f,-0.2203f,-0.6649f,-0.7137f,-0.4565f,-0.4449f,-0.5827f,0.6801f,0.1422f,0f,0f,0f,1f],start_interpolation: 0,interpolation_duration: 2}
$data merge entity $(bone_magazine1) {transformation: [-0.893f,0.4351f,0.115f,0.0524f,0.2399f,0.6766f,-0.6962f,-0.5085f,-0.3807f,-0.5941f,-0.7086f,0.1351f,0f,0f,0f,1f],start_interpolation: 0,interpolation_duration: 2}
$data merge entity $(bone_chamber1) {transformation: [-0.893f,0.4351f,0.115f,0.0565f,0.2399f,0.6766f,-0.6962f,-0.4037f,-0.3807f,-0.5941f,-0.7086f,0.1916f,0f,0f,0f,1f],start_interpolation: 0,interpolation_duration: 2}
$data merge entity $(bone_akm3) {transformation: [-0.893f,0.4351f,0.115f,0.0478f,0.2399f,0.6766f,-0.6962f,-0.3515f,-0.3807f,-0.5941f,-0.7086f,0.2448f,0f,0f,0f,1f],start_interpolation: 0,interpolation_duration: 2}
data modify entity @s data merge value {"cameras":{},"locators":{"akm":{"px":0.014596548845304317,"py":-0.1424228855418185,"pz":0.06188004157538791,"ry":246.4551143736942,"rx":-67.00965321719629},"akm2":{"px":0.009263600355589763,"py":0.007867433437154181,"pz":0.561699879467899,"ry":9.22159235808536,"rx":-44.119019078694265}}}