# This file was generated by Animated Java via MC-Build. It is not recommended to edit this file directly.
$data merge entity $(bone_magazine) {transformation: [0f,0f,0f,-0.0305f,0f,0f,0f,-0.0867f,0f,0f,0f,0.2356f,0f,0f,0f,1f],start_interpolation: 0,interpolation_duration: 2}
$data merge entity $(bone_chamber) {transformation: [0f,0f,0f,-0.0305f,0f,0f,0f,-0.0867f,0f,0f,0f,0.2356f,0f,0f,0f,1f],start_interpolation: 0,interpolation_duration: 2}
$data merge entity $(bone_akm1) {transformation: [0f,0f,0f,-0.0305f,0f,0f,0f,-0.0867f,0f,0f,0f,0.2356f,0f,0f,0f,1f],start_interpolation: 0,interpolation_duration: 2}
$data merge entity $(bone_magazine2) {transformation: [0f,0f,0f,-0.0546f,0f,0f,0f,-0.359f,0f,0f,0f,0.1871f,0f,0f,0f,1f],start_interpolation: 0,interpolation_duration: 2}
$data merge entity $(bone_right_arm) {transformation: [-0.122f,-0.2815f,0.9518f,-0.1201f,-0.1186f,-0.9479f,-0.2956f,-0.6761f,0.9854f,-0.1489f,0.0823f,0.1662f,0f,0f,0f,1f],start_interpolation: 0,interpolation_duration: 2}
$data merge entity $(bone_forearm) {transformation: [-0.8621f,0.4887f,-0.1341f,0.2431f,-0.2187f,-0.5975f,-0.7715f,-0.4279f,-0.4571f,-0.6358f,0.622f,0.1599f,0f,0f,0f,1f],start_interpolation: 0,interpolation_duration: 2}
$data merge entity $(bone_magazine1) {transformation: [-0.9046f,0.4036f,0.137f,0.0437f,0.2336f,0.7384f,-0.6327f,-0.4871f,-0.3565f,-0.5403f,-0.7622f,0.1496f,0f,0f,0f,1f],start_interpolation: 0,interpolation_duration: 2}
$data merge entity $(bone_chamber1) {transformation: [-0.9046f,0.4036f,0.137f,0.0363f,0.2336f,0.7384f,-0.6327f,-0.3515f,-0.3565f,-0.5403f,-0.7622f,0.2571f,0f,0f,0f,1f],start_interpolation: 0,interpolation_duration: 2}
$data merge entity $(bone_akm3) {transformation: [-0.9046f,0.4036f,0.137f,0.0337f,0.2336f,0.7384f,-0.6327f,-0.3396f,-0.3565f,-0.5403f,-0.7622f,0.2714f,0f,0f,0f,1f],start_interpolation: 0,interpolation_duration: 2}
data modify entity @s data merge value {"cameras":{},"locators":{"akm":{"px":-0.030514686758089198,"py":-0.08664655970532294,"pz":0.23556059239563568,"ry":297.8750218634324,"rx":-71.42896592523486},"akm2":{"px":-0.016537183716569502,"py":-0.008320704255181721,"pz":0.6160540129229846,"ry":10.189328596755786,"rx":-39.24657350872371}}}