# This file was generated by Animated Java via MC-Build. It is not recommended to edit this file directly.
$data merge entity $(bone_magazine) {transformation: [-0.9583f,0f,0f,0.0093f,0.226f,0f,0f,-0.3463f,0.1746f,0f,0f,0.6429f,0f,0f,0f,1f],start_interpolation: 0,interpolation_duration: 0}
$data merge entity $(bone_chamber) {transformation: [-0.9583f,0f,0f,0.0093f,0.226f,0f,0f,-0.3463f,0.1746f,0f,0f,0.6429f,0f,0f,0f,1f],start_interpolation: 0,interpolation_duration: 0}
$data merge entity $(bone_akm1) {transformation: [-0.9583f,0f,0f,0.0093f,0.226f,0f,0f,-0.3463f,0.1746f,0f,0f,0.6429f,0f,0f,0f,1f],start_interpolation: 0,interpolation_duration: 0}
$data merge entity $(bone_magazine2) {transformation: [0f,0f,0f,-0.0462f,0f,0f,0f,-0.4441f,0f,0f,0f,0.375f,0f,0f,0f,1f],start_interpolation: 0,interpolation_duration: 0}
$data merge entity $(bone_right_arm) {transformation: [-0.9537f,-0.2042f,-0.2209f,-0.1427f,0.2475f,-0.1149f,-0.9621f,-0.4913f,0.1711f,-0.9722f,0.1601f,0.0784f,0f,0f,0f,1f],start_interpolation: 0,interpolation_duration: 0}
$data merge entity $(bone_forearm) {transformation: [-0.87f,0.4255f,-0.2489f,0.3145f,0.0431f,-0.4373f,-0.8983f,-0.4565f,-0.4911f,-0.7923f,0.3621f,0.2854f,0f,0f,0f,1f],start_interpolation: 0,interpolation_duration: 0}
$data merge entity $(bone_magazine1) {transformation: [-0.8578f,0.5096f,0.0675f,0.1079f,0.4495f,0.8074f,-0.3822f,-0.4825f,-0.2492f,-0.2975f,-0.9216f,0.2598f,0f,0f,0f,1f],start_interpolation: 0,interpolation_duration: 0}
$data merge entity $(bone_chamber1) {transformation: [-0.8578f,0.5096f,0.0675f,0.1151f,0.4495f,0.8074f,-0.3822f,-0.3793f,-0.2492f,-0.2975f,-0.9216f,0.4209f,0f,0f,0f,1f],start_interpolation: 0,interpolation_duration: 0}
$data merge entity $(bone_akm3) {transformation: [-0.8578f,0.5096f,0.0675f,0.1151f,0.4495f,0.8074f,-0.3822f,-0.3793f,-0.2492f,-0.2975f,-0.9216f,0.4209f,0f,0f,0f,1f],start_interpolation: 0,interpolation_duration: 0}
data modify entity @s data merge value {"cameras":{},"locators":{"akm":{"px":0.009323050831982465,"py":-0.34627089912626663,"pz":0.6429224973859764,"ry":348.1546339546034,"rx":-6.512811231920586},"akm2":{"px":0.10222037594935193,"py":-0.16535674754319163,"pz":0.8512262600010747,"ry":4.187395975808215,"rx":-22.472189906918427}}}