# This file was generated by Animated Java via MC-Build. It is not recommended to edit this file directly.
$data merge entity $(bone_magazine) {transformation: [0f,0f,0f,0.0267f,0f,0f,0f,-0.2734f,0f,0f,0f,0.6144f,0f,0f,0f,1f],start_interpolation: 0,interpolation_duration: 2}
$data merge entity $(bone_chamber) {transformation: [0f,0f,0f,0.0267f,0f,0f,0f,-0.2734f,0f,0f,0f,0.6144f,0f,0f,0f,1f],start_interpolation: 0,interpolation_duration: 2}
$data merge entity $(bone_akm1) {transformation: [0f,0f,0f,0.0267f,0f,0f,0f,-0.2734f,0f,0f,0f,0.6144f,0f,0f,0f,1f],start_interpolation: 0,interpolation_duration: 2}
$data merge entity $(bone_magazine2) {transformation: [0f,0f,0f,-0.0438f,0f,0f,0f,-0.4069f,0f,0f,0f,0.3703f,0f,0f,0f,1f],start_interpolation: 0,interpolation_duration: 2}
$data merge entity $(bone_right_arm) {transformation: [-0.9514f,-0.3079f,0.0061f,-0.168f,0.0782f,-0.2605f,-0.9623f,-0.5077f,0.2979f,-0.915f,0.2719f,0.0959f,0f,0f,0f,1f],start_interpolation: 0,interpolation_duration: 2}
$data merge entity $(bone_forearm) {transformation: [-0.8719f,0.4514f,-0.1898f,0.2906f,-0.0302f,-0.4364f,-0.8992f,-0.4286f,-0.4888f,-0.7783f,0.3941f,0.2857f,0f,0f,0f,1f],start_interpolation: 0,interpolation_duration: 2}
$data merge entity $(bone_magazine1) {transformation: [-0.8845f,0.4559f,0.099f,0.0877f,0.3804f,0.8276f,-0.4129f,-0.4694f,-0.2702f,-0.3275f,-0.9054f,0.2623f,0f,0f,0f,1f],start_interpolation: 0,interpolation_duration: 2}
$data merge entity $(bone_chamber1) {transformation: [-0.8845f,0.4559f,0.099f,0.0869f,0.3804f,0.8276f,-0.4129f,-0.3597f,-0.2702f,-0.3275f,-0.9054f,0.4192f,0f,0f,0f,1f],start_interpolation: 0,interpolation_duration: 2}
$data merge entity $(bone_akm3) {transformation: [-0.8845f,0.4559f,0.099f,0.0869f,0.3804f,0.8276f,-0.4129f,-0.3597f,-0.2702f,-0.3275f,-0.9054f,0.4192f,0f,0f,0f,1f],start_interpolation: 0,interpolation_duration: 2}
data modify entity @s data merge value {"cameras":{},"locators":{"akm":{"px":0.026696784102090844,"py":-0.2734065800109817,"pz":0.6143969970337942,"ry":341.401419666897,"rx":-15.101663337291345},"akm2":{"px":0.056843928890192894,"py":-0.13029332637466765,"pz":0.8406125268621372,"ry":6.239782648256636,"rx":-24.386516364497947}}}