# This file was generated by Animated Java via MC-Build. It is not recommended to edit this file directly.
$data merge entity $(bone_magazine) {transformation: [-0.9104f,0f,0f,0.0468f,-0.0287f,0f,0f,-0.2225f,0.4127f,0f,0f,0.5818f,0f,0f,0f,1f],start_interpolation: 0,interpolation_duration: 0}
$data merge entity $(bone_chamber) {transformation: [-0.9104f,0f,0f,0.0468f,-0.0287f,0f,0f,-0.2225f,0.4127f,0f,0f,0.5818f,0f,0f,0f,1f],start_interpolation: 0,interpolation_duration: 0}
$data merge entity $(bone_akm1) {transformation: [-0.9104f,0f,0f,0.0468f,-0.0287f,0f,0f,-0.2225f,0.4127f,0f,0f,0.5818f,0f,0f,0f,1f],start_interpolation: 0,interpolation_duration: 0}
$data merge entity $(bone_magazine2) {transformation: [0f,0f,0f,-0.033f,0f,0f,0f,-0.3828f,0f,0f,0f,0.3598f,0f,0f,0f,1f],start_interpolation: 0,interpolation_duration: 0}
$data merge entity $(bone_right_arm) {transformation: [-0.9136f,-0.3727f,0.1625f,-0.1728f,-0.0114f,-0.3761f,-0.9265f,-0.5234f,0.4064f,-0.8483f,0.3394f,0.1105f,0f,0f,0f,1f],start_interpolation: 0,interpolation_duration: 0}
$data merge entity $(bone_forearm) {transformation: [-0.8708f,0.464f,-0.1626f,0.2778f,-0.0658f,-0.4376f,-0.8968f,-0.4162f,-0.4873f,-0.7702f,0.4116f,0.2857f,0f,0f,0f,1f],start_interpolation: 0,interpolation_duration: 0}
$data merge entity $(bone_magazine1) {transformation: [-0.8965f,0.4307f,0.1033f,0.0748f,0.352f,0.8344f,-0.4241f,-0.463f,-0.2689f,-0.3438f,-0.8997f,0.2628f,0f,0f,0f,1f],start_interpolation: 0,interpolation_duration: 0}
$data merge entity $(bone_chamber1) {transformation: [-0.8965f,0.4307f,0.1033f,0.0722f,0.352f,0.8344f,-0.4241f,-0.3509f,-0.2689f,-0.3438f,-0.8997f,0.4181f,0f,0f,0f,1f],start_interpolation: 0,interpolation_duration: 0}
$data merge entity $(bone_akm3) {transformation: [-0.8965f,0.4307f,0.1033f,0.0722f,0.352f,0.8344f,-0.4241f,-0.3509f,-0.2689f,-0.3438f,-0.8997f,0.4181f,0f,0f,0f,1f],start_interpolation: 0,interpolation_duration: 0}
data modify entity @s data merge value {"cameras":{},"locators":{"akm":{"px":0.04677013338495039,"py":-0.22246262690251412,"pz":0.5818099128194514,"ry":336.282568536139,"rx":-22.072246970860462},"akm2":{"px":0.03914860707456694,"py":-0.11588745960705532,"pz":0.8361120919421896,"ry":6.549703914996911,"rx":-25.092226516762143}}}