# This file was generated by Animated Java via MC-Build. It is not recommended to edit this file directly.
$data merge entity $(bone_magazine) {transformation: [0f,0f,0f,0.0146f,0f,0f,0f,-0.1424f,0f,0f,0f,0.0619f,0f,0f,0f,1f],start_interpolation: 0,interpolation_duration: 2}
$data merge entity $(bone_chamber) {transformation: [0f,0f,0f,0.0146f,0f,0f,0f,-0.1424f,0f,0f,0f,0.0619f,0f,0f,0f,1f],start_interpolation: 0,interpolation_duration: 2}
$data merge entity $(bone_akm1) {transformation: [0f,0f,0f,0.0146f,0f,0f,0f,-0.1424f,0f,0f,0f,0.0619f,0f,0f,0f,1f],start_interpolation: 0,interpolation_duration: 2}
$data merge entity $(bone_magazine2) {transformation: [0f,0f,0f,-0.0347f,0f,0f,0f,-0.4079f,0f,0f,0f,0.103f,0f,0f,0f,1f],start_interpolation: 0,interpolation_duration: 2}
$data merge entity $(bone_right_arm) {transformation: [-0.1261f,-0.3581f,0.9251f,-0.1227f,0.2132f,-0.9206f,-0.3272f,-0.7142f,0.9688f,0.156f,0.1924f,0.1828f,0f,0f,0f,1f],start_interpolation: 0,interpolation_duration: 2}
$data merge entity $(bone_forearm) {transformation: [-0.8686f,0.4657f,-0.1691f,0.2539f,-0.2175f,-0.6652f,-0.7143f,-0.4569f,-0.4451f,-0.5837f,0.6791f,0.1426f,0f,0f,0f,1f],start_interpolation: 0,interpolation_duration: 2}
$data merge entity $(bone_magazine1) {transformation: [-0.8925f,0.4367f,0.1133f,0.0521f,0.2427f,0.6764f,-0.6954f,-0.5084f,-0.3803f,-0.5931f,-0.7096f,0.1354f,0f,0f,0f,1f],start_interpolation: 0,interpolation_duration: 2}
$data merge entity $(bone_chamber1) {transformation: [-0.8925f,0.4367f,0.1133f,0.0564f,0.2427f,0.6764f,-0.6954f,-0.4037f,-0.3803f,-0.5931f,-0.7096f,0.1921f,0f,0f,0f,1f],start_interpolation: 0,interpolation_duration: 2}
$data merge entity $(bone_akm3) {transformation: [-0.8925f,0.4367f,0.1133f,0.0479f,0.2427f,0.6764f,-0.6954f,-0.3516f,-0.3803f,-0.5931f,-0.7096f,0.2453f,0f,0f,0f,1f],start_interpolation: 0,interpolation_duration: 2}
data modify entity @s data merge value {"cameras":{},"locators":{"akm":{"px":0.014596549469855403,"py":-0.1424228866422977,"pz":0.06188003651558578,"ry":246.45511437369424,"rx":-67.00965321719633},"akm2":{"px":0.01026843735934447,"py":0.007427579750647506,"pz":0.5627621826253233,"ry":9.073524513292483,"rx":-44.05794950832756}}}