# This file was generated by Animated Java via MC-Build. It is not recommended to edit this file directly.
$data merge entity $(bone_magazine) {transformation: [0f,0f,0f,0.0838f,0f,0f,0f,-0.4506f,0f,0f,0f,0.5706f,0f,0f,0f,1f],start_interpolation: 0,interpolation_duration: 2}
$data merge entity $(bone_chamber) {transformation: [0f,0f,0f,0.0838f,0f,0f,0f,-0.4506f,0f,0f,0f,0.5706f,0f,0f,0f,1f],start_interpolation: 0,interpolation_duration: 2}
$data merge entity $(bone_akm1) {transformation: [0f,0f,0f,0.0838f,0f,0f,0f,-0.4506f,0f,0f,0f,0.5706f,0f,0f,0f,1f],start_interpolation: 0,interpolation_duration: 2}
$data merge entity $(bone_magazine2) {transformation: [0f,0f,0f,0.0184f,0f,0f,0f,-0.5275f,0f,0f,0f,0.2904f,0f,0f,0f,1f],start_interpolation: 0,interpolation_duration: 2}
$data merge entity $(bone_right_arm) {transformation: [-0.8347f,-0.1561f,-0.5282f,-0.064f,0.5383f,-0.0287f,-0.8422f,-0.5312f,0.1163f,-0.9873f,0.108f,-0.0098f,0f,0f,0f,1f],start_interpolation: 0,interpolation_duration: 2}
$data merge entity $(bone_forearm) {transformation: [-0.8561f,0.389f,-0.3402f,0.343f,0.1531f,-0.4379f,-0.8859f,-0.5054f,-0.4936f,-0.8105f,0.3153f,0.196f,0f,0f,0f,1f],start_interpolation: 0,interpolation_duration: 2}
$data merge entity $(bone_magazine1) {transformation: [-0.806f,0.59f,0.0475f,0.1366f,0.5406f,0.7665f,-0.3467f,-0.5106f,-0.2409f,-0.2538f,-0.9368f,0.1682f,0f,0f,0f,1f],start_interpolation: 0,interpolation_duration: 2}
$data merge entity $(bone_chamber1) {transformation: [-0.806f,0.59f,0.0475f,0.1508f,0.5406f,0.7665f,-0.3467f,-0.4156f,-0.2409f,-0.2538f,-0.9368f,0.3339f,0f,0f,0f,1f],start_interpolation: 0,interpolation_duration: 2}
$data merge entity $(bone_akm3) {transformation: [-0.806f,0.59f,0.0475f,0.1508f,0.5406f,0.7665f,-0.3467f,-0.4156f,-0.2409f,-0.2538f,-0.9368f,0.3339f,0f,0f,0f,1f],start_interpolation: 0,interpolation_duration: 2}
data modify entity @s data merge value {"cameras":{},"locators":{"akm":{"px":0.08382084727202037,"py":-0.45064403674336295,"pz":0.5706517881554186,"ry":351.01636257171646,"rx":-1.6428640560833299},"akm2":{"px":0.15048262021301922,"py":-0.22029347307094652,"pz":0.7731598220948561,"ry":2.900819941915614,"rx":-20.285774184184888}}}