# This file was generated by Animated Java via MC-Build. It is not recommended to edit this file directly.
$data merge entity $(bone_magazine) {transformation: [0f,0f,0f,0.042f,0f,0f,0f,-0.4102f,0f,0f,0f,0.5632f,0f,0f,0f,1f],start_interpolation: 0,interpolation_duration: 2}
$data merge entity $(bone_chamber) {transformation: [0f,0f,0f,0.042f,0f,0f,0f,-0.4102f,0f,0f,0f,0.5632f,0f,0f,0f,1f],start_interpolation: 0,interpolation_duration: 2}
$data merge entity $(bone_akm1) {transformation: [0f,0f,0f,0.042f,0f,0f,0f,-0.4102f,0f,0f,0f,0.5632f,0f,0f,0f,1f],start_interpolation: 0,interpolation_duration: 2}
$data merge entity $(bone_magazine2) {transformation: [0f,0f,0f,-0.0135f,0f,0f,0f,-0.4911f,0f,0f,0f,0.2852f,0f,0f,0f,1f],start_interpolation: 0,interpolation_duration: 2}
$data merge entity $(bone_right_arm) {transformation: [-0.8944f,-0.1532f,-0.4202f,-0.0957f,0.4309f,-0.0439f,-0.9013f,-0.5061f,0.1196f,-0.9872f,0.1052f,-0.0165f,0f,0f,0f,1f],start_interpolation: 0,interpolation_duration: 2}
$data merge entity $(bone_forearm) {transformation: [-0.8622f,0.3998f,-0.3112f,0.335f,0.118f,-0.4389f,-0.8908f,-0.4881f,-0.4927f,-0.8047f,0.3312f,0.1928f,0f,0f,0f,1f],start_interpolation: 0,interpolation_duration: 2}
$data merge entity $(bone_magazine1) {transformation: [-0.8234f,0.5648f,0.0551f,0.1288f,0.511f,0.7803f,-0.3606f,-0.5001f,-0.2467f,-0.2688f,-0.9311f,0.166f,0f,0f,0f,1f],start_interpolation: 0,interpolation_duration: 2}
$data merge entity $(bone_chamber1) {transformation: [-0.8234f,0.5648f,0.0551f,0.1405f,0.511f,0.7803f,-0.3606f,-0.402f,-0.2467f,-0.2688f,-0.9311f,0.33f,0f,0f,0f,1f],start_interpolation: 0,interpolation_duration: 2}
$data merge entity $(bone_akm3) {transformation: [-0.8234f,0.5648f,0.0551f,0.1405f,0.511f,0.7803f,-0.3606f,-0.402f,-0.2467f,-0.2688f,-0.9311f,0.33f,0f,0f,0f,1f],start_interpolation: 0,interpolation_duration: 2}
data modify entity @s data merge value {"cameras":{},"locators":{"akm":{"px":0.04202744435962217,"py":-0.41019798749480196,"pz":0.5632014851855588,"ry":351.1812106372463,"rx":-2.5144843579819653},"akm2":{"px":0.135637487708126,"py":-0.19950391176775856,"pz":0.7659681176147881,"ry":3.387525914358065,"rx":-21.137884390262393}}}