# This file was generated by Animated Java via MC-Build. It is not recommended to edit this file directly.
$data merge entity $(bone_magazine) {transformation: [0f,0f,0f,-0.0705f,0f,0f,0f,-0.2502f,0f,0f,0f,0.2677f,0f,0f,0f,1f],start_interpolation: 0,interpolation_duration: 1}
$data merge entity $(bone_chamber) {transformation: [0f,0f,0f,-0.0705f,0f,0f,0f,-0.2502f,0f,0f,0f,0.2677f,0f,0f,0f,1f],start_interpolation: 0,interpolation_duration: 1}
$data merge entity $(bone_akm1) {transformation: [0f,0f,0f,-0.0705f,0f,0f,0f,-0.2502f,0f,0f,0f,0.2677f,0f,0f,0f,1f],start_interpolation: 0,interpolation_duration: 1}
$data merge entity $(bone_magazine2) {transformation: [0f,0f,0f,-0.121f,0f,0f,0f,-0.5058f,0f,0f,0f,0.2261f,0f,0f,0f,1f],start_interpolation: 0,interpolation_duration: 1}
$data merge entity $(bone_right_arm) {transformation: [-0.3721f,-0.3352f,0.8656f,-0.2023f,-0.0517f,-0.9236f,-0.3799f,-0.8314f,0.9268f,-0.1861f,0.3263f,0.1958f,0f,0f,0f,1f],start_interpolation: 0,interpolation_duration: 1}
$data merge entity $(bone_forearm) {transformation: [-0.8918f,0.4016f,-0.2084f,0.2633f,-0.0169f,-0.4898f,-0.8717f,-0.4081f,-0.4522f,-0.7738f,0.4435f,0.3132f,0f,0f,0f,1f],start_interpolation: 0,interpolation_duration: 1}
$data merge entity $(bone_magazine1) {transformation: [-0.8794f,0.474f,0.045f,0.0581f,0.4037f,0.7923f,-0.4575f,-0.4416f,-0.2525f,-0.3841f,-0.8881f,0.2997f,0f,0f,0f,1f],start_interpolation: 0,interpolation_duration: 1}
$data merge entity $(bone_chamber1) {transformation: [-0.8794f,0.474f,0.045f,0.0682f,0.4037f,0.7923f,-0.4575f,-0.3249f,-0.2525f,-0.3841f,-0.8881f,0.4512f,0f,0f,0f,1f],start_interpolation: 0,interpolation_duration: 1}
$data merge entity $(bone_akm3) {transformation: [-0.8794f,0.474f,0.045f,0.0682f,0.4037f,0.7923f,-0.4575f,-0.3249f,-0.2525f,-0.3841f,-0.8881f,0.4512f,0f,0f,0f,1f],start_interpolation: 0,interpolation_duration: 1}
data modify entity @s data merge value {"cameras":{},"locators":{"akm":{"px":-0.07049588606991353,"py":-0.2501709461849288,"pz":0.26767239847776153,"ry":299.0394118345084,"rx":-67.45673816163702},"akm2":{"px":0.0646590579298788,"py":-0.07545643865823903,"pz":0.8621465135836763,"ry":2.899836167521471,"rx":-27.22412014602907}}}