# This file was generated by Animated Java via MC-Build. It is not recommended to edit this file directly.
$data merge entity $(bone_magazine) {transformation: [0f,0f,0f,0.032f,0f,0f,0f,-0.0809f,0f,0f,0f,0.3461f,0f,0f,0f,1f],start_interpolation: 0,interpolation_duration: 2}
$data merge entity $(bone_chamber) {transformation: [0f,0f,0f,0.032f,0f,0f,0f,-0.0809f,0f,0f,0f,0.3461f,0f,0f,0f,1f],start_interpolation: 0,interpolation_duration: 2}
$data merge entity $(bone_akm1) {transformation: [0f,0f,0f,0.032f,0f,0f,0f,-0.0809f,0f,0f,0f,0.3461f,0f,0f,0f,1f],start_interpolation: 0,interpolation_duration: 2}
$data merge entity $(bone_magazine2) {transformation: [0f,0f,0f,-0.0288f,0f,0f,0f,-0.3249f,0f,0f,0f,0.2153f,0f,0f,0f,1f],start_interpolation: 0,interpolation_duration: 2}
$data merge entity $(bone_right_arm) {transformation: [-0.5475f,-0.4058f,0.7319f,-0.155f,-0.2329f,-0.7661f,-0.599f,-0.5891f,0.8037f,-0.4984f,0.3249f,0.087f,0f,0f,0f,1f],start_interpolation: 0,interpolation_duration: 2}
$data merge entity $(bone_forearm) {transformation: [-0.8649f,0.4895f,-0.1114f,0.2466f,-0.145f,-0.4562f,-0.878f,-0.3945f,-0.4806f,-0.7432f,0.4655f,0.1893f,0f,0f,0f,1f],start_interpolation: 0,interpolation_duration: 2}
$data merge entity $(bone_magazine1) {transformation: [-0.9137f,0.3827f,0.1366f,0.0481f,0.279f,0.8353f,-0.4737f,-0.4547f,-0.2954f,-0.3947f,-0.87f,0.1702f,0f,0f,0f,1f],start_interpolation: 0,interpolation_duration: 2}
$data merge entity $(bone_chamber1) {transformation: [-0.9137f,0.3827f,0.1366f,0.0374f,0.279f,0.8353f,-0.4737f,-0.3332f,-0.2954f,-0.3947f,-0.87f,0.3179f,0f,0f,0f,1f],start_interpolation: 0,interpolation_duration: 2}
$data merge entity $(bone_akm3) {transformation: [-0.9137f,0.3827f,0.1366f,0.0374f,0.279f,0.8353f,-0.4737f,-0.3332f,-0.2954f,-0.3947f,-0.87f,0.3179f,0f,0f,0f,1f],start_interpolation: 0,interpolation_duration: 2}
data modify entity @s data merge value {"cameras":{},"locators":{"akm":{"px":0.03203195597288015,"py":-0.08094265252827575,"pz":0.3461148898091511,"ry":320.8514281249416,"rx":-50.00737697164823},"akm2":{"px":-0.013473838841789473,"py":-0.07441574958201203,"pz":0.7197891214400765,"ry":8.922250842067172,"rx":-28.273280377642998}}}