# This file was generated by Animated Java via MC-Build. It is not recommended to edit this file directly.
$data merge entity $(bone_magazine) {transformation: [0f,0f,0f,-0.1839f,0f,0f,0f,-0.1316f,0f,0f,0f,0.1925f,0f,0f,0f,1f],start_interpolation: 0,interpolation_duration: 2}
$data merge entity $(bone_chamber) {transformation: [0f,0f,0f,-0.1839f,0f,0f,0f,-0.1316f,0f,0f,0f,0.1925f,0f,0f,0f,1f],start_interpolation: 0,interpolation_duration: 2}
$data merge entity $(bone_akm1) {transformation: [0f,0f,0f,-0.1839f,0f,0f,0f,-0.1316f,0f,0f,0f,0.1925f,0f,0f,0f,1f],start_interpolation: 0,interpolation_duration: 2}
$data merge entity $(bone_magazine2) {transformation: [0f,0f,0f,-0.179f,0f,0f,0f,-0.3971f,0f,0f,0f,0.1641f,0f,0f,0f,1f],start_interpolation: 0,interpolation_duration: 2}
$data merge entity $(bone_right_arm) {transformation: [-0.1667f,-0.1459f,0.9752f,-0.1915f,-0.0785f,-0.9839f,-0.1606f,-0.7308f,0.9829f,-0.1033f,0.1526f,0.1561f,0f,0f,0f,1f],start_interpolation: 0,interpolation_duration: 2}
$data merge entity $(bone_forearm) {transformation: [-0.8854f,0.4322f,-0.1711f,0.2477f,-0.0535f,-0.4605f,-0.8861f,-0.408f,-0.4617f,-0.7754f,0.4308f,0.2021f,0f,0f,0f,1f],start_interpolation: 0,interpolation_duration: 2}
$data merge entity $(bone_magazine1) {transformation: [-0.8949f,0.4397f,0.076f,0.0446f,0.3645f,0.8186f,-0.4439f,-0.4511f,-0.2574f,-0.3695f,-0.8929f,0.186f,0f,0f,0f,1f],start_interpolation: 0,interpolation_duration: 2}
$data merge entity $(bone_chamber1) {transformation: [-0.8949f,0.4397f,0.076f,0.0475f,0.3645f,0.8186f,-0.4439f,-0.3359f,-0.2574f,-0.3695f,-0.8929f,0.339f,0f,0f,0f,1f],start_interpolation: 0,interpolation_duration: 2}
$data merge entity $(bone_akm3) {transformation: [-0.8949f,0.4397f,0.076f,0.0475f,0.3645f,0.8186f,-0.4439f,-0.3359f,-0.2574f,-0.3695f,-0.8929f,0.339f,0f,0f,0f,1f],start_interpolation: 0,interpolation_duration: 2}
data modify entity @s data merge value {"cameras":{},"locators":{"akm":{"px":-0.18394776660407713,"py":-0.13162705865055907,"pz":0.19251495688457362,"ry":305.30607914077575,"rx":-79.7031050369065},"akm2":{"px":0.027789180550726492,"py":-0.09199926859985932,"pz":0.7527450878158746,"ry":4.866427014323932,"rx":-26.351505452904775}}}