# This file was generated by Animated Java via MC-Build. It is not recommended to edit this file directly.
$data merge entity $(bone_magazine) {transformation: [0f,0f,0f,-0.0067f,0f,0f,0f,-0.0673f,0f,0f,0f,0.3971f,0f,0f,0f,1f],start_interpolation: 0,interpolation_duration: 0}
$data merge entity $(bone_chamber) {transformation: [0f,0f,0f,-0.0067f,0f,0f,0f,-0.0673f,0f,0f,0f,0.3971f,0f,0f,0f,1f],start_interpolation: 0,interpolation_duration: 0}
$data merge entity $(bone_akm1) {transformation: [0f,0f,0f,-0.0067f,0f,0f,0f,-0.0673f,0f,0f,0f,0.3971f,0f,0f,0f,1f],start_interpolation: 0,interpolation_duration: 0}
$data merge entity $(bone_magazine2) {transformation: [0f,0f,0f,-0.0488f,0f,0f,0f,-0.3242f,0f,0f,0f,0.2984f,0f,0f,0f,1f],start_interpolation: 0,interpolation_duration: 0}
$data merge entity $(bone_right_arm) {transformation: [-0.3795f,-0.3433f,0.8591f,-0.1439f,-0.2319f,-0.8637f,-0.4475f,-0.6208f,0.8957f,-0.3691f,0.2481f,0.2097f,0f,0f,0f,1f],start_interpolation: 0,interpolation_duration: 0}
$data merge entity $(bone_forearm) {transformation: [-0.8608f,0.4979f,-0.1054f,0.2383f,-0.1851f,-0.4993f,-0.8464f,-0.398f,-0.474f,-0.7091f,0.522f,0.2751f,0f,0f,0f,1f],start_interpolation: 0,interpolation_duration: 0}
$data merge entity $(bone_magazine1) {transformation: [-0.9157f,0.3767f,0.1398f,0.0393f,0.2533f,0.8113f,-0.527f,-0.4609f,-0.3119f,-0.4472f,-0.8383f,0.2586f,0f,0f,0f,1f],start_interpolation: 0,interpolation_duration: 0}
$data merge entity $(bone_chamber1) {transformation: [-0.9157f,0.3767f,0.1398f,0.0278f,0.2533f,0.8113f,-0.527f,-0.3304f,-0.3119f,-0.4472f,-0.8383f,0.3983f,0f,0f,0f,1f],start_interpolation: 0,interpolation_duration: 0}
$data merge entity $(bone_akm3) {transformation: [-0.9157f,0.3767f,0.1398f,0.0278f,0.2533f,0.8113f,-0.527f,-0.3304f,-0.3119f,-0.4472f,-0.8383f,0.3983f,0f,0f,0f,1f],start_interpolation: 0,interpolation_duration: 0}
data modify entity @s data merge value {"cameras":{},"locators":{"akm":{"px":-0.006666309741872955,"py":-0.0673287181983631,"pz":0.39714712013826536,"ry":317.0719789450227,"rx":-59.73079990872234},"akm2":{"px":-0.024781023123708133,"py":-0.04697447823525147,"pz":0.7829825066163105,"ry":9.465694944734878,"rx":-31.80273504914274}}}