# This file was generated by Animated Java via MC-Build. It is not recommended to edit this file directly.
$data merge entity $(bone_magazine) {transformation: [0f,0f,0f,-0.0224f,0f,0f,0f,-0.0056f,0f,0f,0f,0.2082f,0f,0f,0f,1f],start_interpolation: 0,interpolation_duration: 2}
$data merge entity $(bone_chamber) {transformation: [0f,0f,0f,-0.0224f,0f,0f,0f,-0.0056f,0f,0f,0f,0.2082f,0f,0f,0f,1f],start_interpolation: 0,interpolation_duration: 2}
$data merge entity $(bone_akm1) {transformation: [0f,0f,0f,-0.0224f,0f,0f,0f,-0.0056f,0f,0f,0f,0.2082f,0f,0f,0f,1f],start_interpolation: 0,interpolation_duration: 2}
$data merge entity $(bone_magazine2) {transformation: [0f,0f,0f,-0.0528f,0f,0f,0f,-0.2685f,0f,0f,0f,0.1141f,0f,0f,0f,1f],start_interpolation: 0,interpolation_duration: 2}
$data merge entity $(bone_right_arm) {transformation: [-0.2868f,-0.312f,0.9058f,-0.136f,-0.2456f,-0.8899f,-0.3843f,-0.5697f,0.926f,-0.3327f,0.1786f,0.037f,0f,0f,0f,1f],start_interpolation: 0,interpolation_duration: 2}
$data merge entity $(bone_forearm) {transformation: [-0.8614f,0.4964f,-0.1081f,0.2379f,-0.1863f,-0.5067f,-0.8417f,-0.3376f,-0.4726f,-0.7049f,0.529f,0.0865f,0f,0f,0f,1f],start_interpolation: 0,interpolation_duration: 2}
$data merge entity $(bone_magazine1) {transformation: [-0.914f,0.3793f,0.1443f,0.0399f,0.25f,0.8063f,-0.5361f,-0.4003f,-0.3196f,-0.4539f,-0.8318f,0.0709f,0f,0f,0f,1f],start_interpolation: 0,interpolation_duration: 2}
$data merge entity $(bone_chamber1) {transformation: [-0.914f,0.3793f,0.1443f,0.0277f,0.25f,0.8063f,-0.5361f,-0.2683f,-0.3196f,-0.4539f,-0.8318f,0.2091f,0f,0f,0f,1f],start_interpolation: 0,interpolation_duration: 2}
$data merge entity $(bone_akm3) {transformation: [-0.914f,0.3793f,0.1443f,0.0277f,0.25f,0.8063f,-0.5361f,-0.2683f,-0.3196f,-0.4539f,-0.8318f,0.2091f,0f,0f,0f,1f],start_interpolation: 0,interpolation_duration: 2}
data modify entity @s data merge value {"cameras":{},"locators":{"akm":{"px":-0.022421485824408834,"py":-0.0056411775883465735,"pz":0.2082333357104441,"ry":316.8386928926775,"rx":-62.86600689733273},"akm2":{"px":-0.02703661364700599,"py":0.019283294013501318,"pz":0.5904114039387576,"ry":9.840236077800682,"rx":-32.41572251932314}}}