# This file was generated by Animated Java via MC-Build. It is not recommended to edit this file directly.
$data merge entity $(bone_magazine) {transformation: [0f,0f,0f,-0.0244f,0f,0f,0f,-0.2711f,0f,0f,0f,0.2061f,0f,0f,0f,1f],start_interpolation: 0,interpolation_duration: 2}
$data merge entity $(bone_chamber) {transformation: [0f,0f,0f,-0.0244f,0f,0f,0f,-0.2711f,0f,0f,0f,0.2061f,0f,0f,0f,1f],start_interpolation: 0,interpolation_duration: 2}
$data merge entity $(bone_akm1) {transformation: [0f,0f,0f,-0.0244f,0f,0f,0f,-0.2711f,0f,0f,0f,0.2061f,0f,0f,0f,1f],start_interpolation: 0,interpolation_duration: 2}
$data merge entity $(bone_magazine2) {transformation: [0f,0f,0f,-0.0944f,0f,0f,0f,-0.5186f,0f,0f,0f,0.1532f,0f,0f,0f,1f],start_interpolation: 0,interpolation_duration: 2}
$data merge entity $(bone_right_arm) {transformation: [-0.4515f,-0.3986f,0.7983f,-0.2004f,-0.0389f,-0.885f,-0.4639f,-0.8363f,0.8914f,-0.2405f,0.3841f,0.1063f,0f,0f,0f,1f],start_interpolation: 0,interpolation_duration: 2}
$data merge entity $(bone_forearm) {transformation: [-0.8924f,0.3966f,-0.2152f,0.2706f,-0.016f,-0.5046f,-0.8632f,-0.4063f,-0.4509f,-0.7669f,0.4567f,0.225f,0f,0f,0f,1f],start_interpolation: 0,interpolation_duration: 2}
$data merge entity $(bone_magazine1) {transformation: [-0.8762f,0.4803f,0.0405f,0.0652f,0.4071f,0.7825f,-0.4712f,-0.4383f,-0.258f,-0.3964f,-0.8811f,0.2122f,0f,0f,0f,1f],start_interpolation: 0,interpolation_duration: 2}
$data merge entity $(bone_chamber1) {transformation: [-0.8762f,0.4803f,0.0405f,0.0763f,0.4071f,0.7825f,-0.4712f,-0.3193f,-0.258f,-0.3964f,-0.8811f,0.362f,0f,0f,0f,1f],start_interpolation: 0,interpolation_duration: 2}
$data merge entity $(bone_akm3) {transformation: [-0.8762f,0.4803f,0.0405f,0.0763f,0.4071f,0.7825f,-0.4712f,-0.3193f,-0.258f,-0.3964f,-0.8811f,0.362f,0f,0f,0f,1f],start_interpolation: 0,interpolation_duration: 2}
data modify entity @s data merge value {"cameras":{},"locators":{"akm":{"px":-0.024392494303809444,"py":-0.27112995427989584,"pz":0.20610889220747305,"ry":301.1088342535801,"rx":-62.25630832413893},"akm2":{"px":0.07519916336530795,"py":-0.06374193416657875,"pz":0.7690845040614205,"ry":2.634054205118588,"rx":-28.112330853156642}}}