# This file was generated by Animated Java via MC-Build. It is not recommended to edit this file directly.
$data merge entity $(bone_magazine) {transformation: [0f,0f,0f,0.0092f,0f,0f,0f,-0.3159f,0f,0f,0f,0.5407f,0f,0f,0f,1f],start_interpolation: 0,interpolation_duration: 2}
$data merge entity $(bone_chamber) {transformation: [0f,0f,0f,0.0092f,0f,0f,0f,-0.3158f,0f,0f,0f,0.5407f,0f,0f,0f,1f],start_interpolation: 0,interpolation_duration: 2}
$data merge entity $(bone_akm1) {transformation: [0f,0f,0f,0.0092f,0f,0f,0f,-0.3158f,0f,0f,0f,0.5407f,0f,0f,0f,1f],start_interpolation: 0,interpolation_duration: 2}
$data merge entity $(bone_magazine2) {transformation: [0f,0f,0f,-0.0512f,0f,0f,0f,-0.4278f,0f,0f,0f,0.2815f,0f,0f,0f,1f],start_interpolation: 0,interpolation_duration: 2}
$data merge entity $(bone_right_arm) {transformation: [-0.9618f,-0.2441f,-0.124f,-0.1586f,0.1684f,-0.1707f,-0.9708f,-0.4963f,0.2158f,-0.9546f,0.2053f,-0.0082f,0f,0f,0f,1f],start_interpolation: 0,interpolation_duration: 2}
$data merge entity $(bone_forearm) {transformation: [-0.8718f,0.4379f,-0.2195f,0.303f,0.0074f,-0.4364f,-0.8997f,-0.4424f,-0.4898f,-0.786f,0.3772f,0.1919f,0f,0f,0f,1f],start_interpolation: 0,interpolation_duration: 2}
$data merge entity $(bone_magazine1) {transformation: [-0.8713f,0.4831f,0.0866f,0.0989f,0.414f,0.8181f,-0.399f,-0.4761f,-0.2636f,-0.3118f,-0.9128f,0.1675f,0f,0f,0f,1f],start_interpolation: 0,interpolation_duration: 2}
$data merge entity $(bone_chamber1) {transformation: [-0.8713f,0.4831f,0.0866f,0.1015f,0.414f,0.8181f,-0.399f,-0.3693f,-0.2636f,-0.3118f,-0.9128f,0.3265f,0f,0f,0f,1f],start_interpolation: 0,interpolation_duration: 2}
$data merge entity $(bone_akm3) {transformation: [-0.8713f,0.4831f,0.0866f,0.1015f,0.414f,0.8181f,-0.399f,-0.3693f,-0.2636f,-0.3118f,-0.9128f,0.3265f,0f,0f,0f,1f],start_interpolation: 0,interpolation_duration: 2}
data modify entity @s data merge value {"cameras":{},"locators":{"akm":{"px":0.00921144417027867,"py":-0.31584811145840497,"pz":0.5406795494579933,"ry":345.65578974857465,"rx":-9.827785260864635},"akm2":{"px":0.07841003290607755,"py":-0.14695336471443324,"pz":0.7520557010744373,"ry":5.418524341058287,"rx":-23.518267606657542}}}