# This file was generated by Animated Java via MC-Build. It is not recommended to edit this file directly.
$data merge entity $(bone_magazine) {transformation: [0f,0f,0f,-0.1318f,0f,0f,0f,-0.4476f,0f,0f,0f,0.403f,0f,0f,0f,1f],start_interpolation: 0,interpolation_duration: 2}
$data merge entity $(bone_chamber) {transformation: [0f,0f,0f,-0.1318f,0f,0f,0f,-0.4476f,0f,0f,0f,0.403f,0f,0f,0f,1f],start_interpolation: 0,interpolation_duration: 2}
$data merge entity $(bone_akm1) {transformation: [0f,0f,0f,-0.1318f,0f,0f,0f,-0.4476f,0f,0f,0f,0.403f,0f,0f,0f,1f],start_interpolation: 0,interpolation_duration: 2}
$data merge entity $(bone_magazine2) {transformation: [0f,0f,0f,-0.1751f,0f,0f,0f,-0.5155f,0f,0f,0f,0.1651f,0f,0f,0f,1f],start_interpolation: 0,interpolation_duration: 2}
$data merge entity $(bone_right_arm) {transformation: [-0.9817f,-0.1819f,0.0572f,-0.2475f,-0.0264f,-0.1672f,-0.9856f,-0.6294f,0.1888f,-0.969f,0.1593f,-0.1573f,0f,0f,0f,1f],start_interpolation: 0,interpolation_duration: 2}
$data merge entity $(bone_forearm) {transformation: [-0.1424f,0.4918f,-0.859f,0.0527f,0.7574f,-0.5045f,-0.4144f,-0.6057f,-0.6372f,-0.7097f,-0.3006f,0.2987f,0f,0f,0f,1f],start_interpolation: 0,interpolation_duration: 2}
$data merge entity $(bone_magazine1) {transformation: [-0.9642f,0.0799f,-0.2527f,-0.1646f,0.1231f,0.9794f,-0.1603f,-0.4861f,0.2347f,-0.1857f,-0.9542f,0.2196f,0f,0f,0f,1f],start_interpolation: 0,interpolation_duration: 2}
$data merge entity $(bone_chamber1) {transformation: [-0.9642f,0.0799f,-0.2527f,-0.1141f,0.1231f,0.9794f,-0.1603f,-0.4178f,0.2347f,-0.1857f,-0.9542f,0.3913f,0f,0f,0f,1f],start_interpolation: 0,interpolation_duration: 2}
$data merge entity $(bone_akm3) {transformation: [-0.9642f,0.0799f,-0.2527f,-0.1141f,0.1231f,0.9794f,-0.1603f,-0.4178f,0.2347f,-0.1857f,-0.9542f,0.3913f,0f,0f,0f,1f],start_interpolation: 0,interpolation_duration: 2}
data modify entity @s data merge value {"cameras":{},"locators":{"akm":{"px":-0.1318469437229462,"py":-0.44756670426863865,"pz":0.40300109264213874,"ry":349.36854768542275,"rx":-9.623546438841988},"akm2":{"px":0.010022027297074756,"py":-0.30365360753109893,"pz":0.8414626976524169,"ry":345.16764017124575,"rx":-9.225544020659125}}}