# This file was generated by Animated Java via MC-Build. It is not recommended to edit this file directly.
$data merge entity $(bone_magazine) {transformation: [0f,0f,0f,-0.0423f,0f,0f,0f,-0.4336f,0f,0f,0f,0.4679f,0f,0f,0f,1f],start_interpolation: 0,interpolation_duration: 1}
$data merge entity $(bone_chamber) {transformation: [0f,0f,0f,-0.0423f,0f,0f,0f,-0.4336f,0f,0f,0f,0.4679f,0f,0f,0f,1f],start_interpolation: 0,interpolation_duration: 1}
$data merge entity $(bone_akm1) {transformation: [0f,0f,0f,-0.0423f,0f,0f,0f,-0.4336f,0f,0f,0f,0.4679f,0f,0f,0f,1f],start_interpolation: 0,interpolation_duration: 1}
$data merge entity $(bone_magazine2) {transformation: [0f,0f,0f,-0.1244f,0f,0f,0f,-0.5514f,0f,0f,0f,0.258f,0f,0f,0f,1f],start_interpolation: 0,interpolation_duration: 1}
$data merge entity $(bone_right_arm) {transformation: [-0.9277f,-0.3489f,0.1324f,-0.2502f,0.0004f,-0.3557f,-0.9346f,-0.7228f,0.3732f,-0.867f,0.3301f,-0.0153f,0f,0f,0f,1f],start_interpolation: 0,interpolation_duration: 1}
$data merge entity $(bone_forearm) {transformation: [-0.4355f,0.3927f,-0.81f,0.1385f,0.7207f,-0.387f,-0.5751f,-0.5845f,-0.5394f,-0.8343f,-0.1145f,0.3697f,0f,0f,0f,1f],start_interpolation: 0,interpolation_duration: 1}
$data merge entity $(bone_magazine1) {transformation: [-0.9255f,0.1174f,-0.3602f,-0.126f,0.2244f,0.9359f,-0.2714f,-0.5418f,0.3052f,-0.332f,-0.8925f,0.3262f,0f,0f,0f,1f],start_interpolation: 0,interpolation_duration: 1}
$data merge entity $(bone_chamber1) {transformation: [-0.9255f,0.1174f,-0.3602f,-0.0539f,0.2244f,0.9359f,-0.2714f,-0.4543f,0.3052f,-0.332f,-0.8925f,0.4806f,0f,0f,0f,1f],start_interpolation: 0,interpolation_duration: 1}
$data merge entity $(bone_akm3) {transformation: [-0.9255f,0.1174f,-0.3602f,-0.0539f,0.2244f,0.9359f,-0.2714f,-0.4543f,0.3052f,-0.332f,-0.8925f,0.4806f,0f,0f,0f,1f],start_interpolation: 0,interpolation_duration: 1}
data modify entity @s data merge value {"cameras":{},"locators":{"akm":{"px":-0.04224879147671019,"py":-0.433570175202018,"pz":0.46788873390936087,"ry":338.077747520447,"rx":-20.835937335340695},"akm2":{"px":0.12316791338478014,"py":-0.28859958382000095,"pz":0.8956068551055847,"ry":338.0248417352251,"rx":-15.748470629193354}}}