# This file was generated by Animated Java via MC-Build. It is not recommended to edit this file directly.
$data merge entity $(bone_magazine) {transformation: [0f,0f,0f,0.0614f,0f,0f,0f,-0.428f,0f,0f,0f,0.3555f,0f,0f,0f,1f],start_interpolation: 0,interpolation_duration: 2}
$data merge entity $(bone_chamber) {transformation: [0f,0f,0f,0.0614f,0f,0f,0f,-0.428f,0f,0f,0f,0.3555f,0f,0f,0f,1f],start_interpolation: 0,interpolation_duration: 2}
$data merge entity $(bone_akm1) {transformation: [0f,0f,0f,0.0614f,0f,0f,0f,-0.428f,0f,0f,0f,0.3555f,0f,0f,0f,1f],start_interpolation: 0,interpolation_duration: 2}
$data merge entity $(bone_magazine2) {transformation: [0f,0f,0f,-0.0512f,0f,0f,0f,-0.6181f,0f,0f,0f,0.2218f,0f,0f,0f,1f],start_interpolation: 0,interpolation_duration: 2}
$data merge entity $(bone_right_arm) {transformation: [-0.7531f,-0.5072f,0.4191f,-0.2146f,0.0039f,-0.6404f,-0.768f,-0.8726f,0.6579f,-0.5767f,0.4843f,0.0613f,0f,0f,0f,1f],start_interpolation: 0,interpolation_duration: 2}
$data merge entity $(bone_forearm) {transformation: [-0.8429f,0.3171f,-0.4346f,0.268f,0.2872f,-0.4179f,-0.8619f,-0.4782f,-0.4549f,-0.8514f,0.2612f,0.2442f,0f,0f,0f,1f],start_interpolation: 0,interpolation_duration: 2}
$data merge entity $(bone_magazine1) {transformation: [-0.9434f,0.2449f,-0.2235f,0.0379f,0.3269f,0.7993f,-0.5043f,-0.5066f,0.0552f,-0.5488f,-0.8341f,0.2552f,0f,0f,0f,1f],start_interpolation: 0,interpolation_duration: 2}
$data merge entity $(bone_chamber1) {transformation: [-0.9434f,0.2449f,-0.2235f,0.0894f,0.3269f,0.7993f,-0.5043f,-0.3808f,0.0552f,-0.5488f,-0.8341f,0.3901f,0f,0f,0f,1f],start_interpolation: 0,interpolation_duration: 2}
$data merge entity $(bone_akm3) {transformation: [-0.9434f,0.2449f,-0.2235f,0.0894f,0.3269f,0.7993f,-0.5043f,-0.3808f,0.0552f,-0.5488f,-0.8341f,0.3901f,0f,0f,0f,1f],start_interpolation: 0,interpolation_duration: 2}
data modify entity @s data merge value {"cameras":{},"locators":{"akm":{"px":0.06136554061975134,"py":-0.4280350922204275,"pz":0.35552964595858794,"ry":318.67236579588814,"rx":-39.82273527924571},"akm2":{"px":0.20577528722484748,"py":-0.10876550902940346,"pz":0.7689393053776221,"ry":345.00058727477136,"rx":-30.28215282022116}}}