# This file was generated by Animated Java via MC-Build. It is not recommended to edit this file directly.
$data merge entity $(bone_magazine) {transformation: [0f,0f,0f,0.0035f,0f,0f,0f,-0.1096f,0f,0f,0f,0.143f,0f,0f,0f,1f],start_interpolation: 0,interpolation_duration: 2}
$data merge entity $(bone_chamber) {transformation: [0f,0f,0f,0.0035f,0f,0f,0f,-0.1095f,0f,0f,0f,0.143f,0f,0f,0f,1f],start_interpolation: 0,interpolation_duration: 2}
$data merge entity $(bone_akm1) {transformation: [0f,0f,0f,0.0035f,0f,0f,0f,-0.1095f,0f,0f,0f,0.143f,0f,0f,0f,1f],start_interpolation: 0,interpolation_duration: 2}
$data merge entity $(bone_magazine2) {transformation: [0f,0f,0f,-0.0362f,0f,0f,0f,-0.3825f,0f,0f,0f,0.1427f,0f,0f,0f,1f],start_interpolation: 0,interpolation_duration: 2}
$data merge entity $(bone_right_arm) {transformation: [-0.1122f,-0.331f,0.9369f,-0.1166f,0.0587f,-0.9434f,-0.3263f,-0.6967f,0.9919f,0.0183f,0.1253f,0.1767f,0f,0f,0f,1f],start_interpolation: 0,interpolation_duration: 2}
$data merge entity $(bone_forearm) {transformation: [-0.8646f,0.479f,-0.1515f,0.2493f,-0.225f,-0.6388f,-0.7358f,-0.4443f,-0.4492f,-0.6021f,0.6601f,0.1488f,0f,0f,0f,1f],start_interpolation: 0,interpolation_duration: 2}
$data merge entity $(bone_magazine1) {transformation: [-0.8986f,0.42f,0.1271f,0.0488f,0.2327f,0.7016f,-0.6735f,-0.5f,-0.3721f,-0.5756f,-0.7282f,0.1406f,0f,0f,0f,1f],start_interpolation: 0,interpolation_duration: 2}
$data merge entity $(bone_chamber1) {transformation: [-0.8986f,0.42f,0.1271f,0.0471f,0.2327f,0.7016f,-0.6735f,-0.3767f,-0.3721f,-0.5756f,-0.7282f,0.2219f,0f,0f,0f,1f],start_interpolation: 0,interpolation_duration: 2}
$data merge entity $(bone_akm3) {transformation: [-0.8986f,0.42f,0.1271f,0.0413f,0.2327f,0.7016f,-0.6735f,-0.3463f,-0.3721f,-0.5756f,-0.7282f,0.2547f,0f,0f,0f,1f],start_interpolation: 0,interpolation_duration: 2}
data modify entity @s data merge value {"cameras":{},"locators":{"akm":{"px":0.003489373149630435,"py":-0.10954521264757155,"pz":0.14295376184845993,"ry":266.83038324609197,"rx":-70.63903580928789},"akm2":{"px":-0.0035901417908297123,"py":0.0031169526499770783,"pz":0.5816861249271243,"ry":9.904388718267995,"rx":-42.33871163436138}}}