# This file was generated by Animated Java via MC-Build. It is not recommended to edit this file directly.
$data merge entity $(bone_magazine) {transformation: [0f,0f,0f,0.005f,0f,0f,0f,-0.1112f,0f,0f,0f,0.2327f,0f,0f,0f,1f],start_interpolation: 0,interpolation_duration: 0}
$data merge entity $(bone_chamber) {transformation: [0f,0f,0f,0.005f,0f,0f,0f,-0.1112f,0f,0f,0f,0.2327f,0f,0f,0f,1f],start_interpolation: 0,interpolation_duration: 0}
$data merge entity $(bone_akm1) {transformation: [0f,0f,0f,0.005f,0f,0f,0f,-0.1112f,0f,0f,0f,0.2327f,0f,0f,0f,1f],start_interpolation: 0,interpolation_duration: 0}
$data merge entity $(bone_magazine2) {transformation: [0f,0f,0f,-0.0378f,0f,0f,0f,-0.3799f,0f,0f,0f,0.2353f,0f,0f,0f,1f],start_interpolation: 0,interpolation_duration: 0}
$data merge entity $(bone_right_arm) {transformation: [-0.1127f,-0.3325f,0.9363f,-0.1161f,0.0656f,-0.9428f,-0.3269f,-0.6979f,0.9915f,0.0246f,0.1281f,0.2704f,0f,0f,0f,1f],start_interpolation: 0,interpolation_duration: 0}
$data merge entity $(bone_forearm) {transformation: [-0.865f,0.4776f,-0.1538f,0.2502f,-0.2255f,-0.6438f,-0.7312f,-0.4464f,-0.4482f,-0.5979f,0.6646f,0.2411f,0f,0f,0f,1f],start_interpolation: 0,interpolation_duration: 0}
$data merge entity $(bone_magazine1) {transformation: [-0.8984f,0.4221f,0.1215f,0.0487f,0.2359f,0.6969f,-0.6772f,-0.5015f,-0.3706f,-0.5798f,-0.7257f,0.2329f,0f,0f,0f,1f],start_interpolation: 0,interpolation_duration: 0}
$data merge entity $(bone_chamber1) {transformation: [-0.8984f,0.4221f,0.1215f,0.0516f,0.2359f,0.6969f,-0.6772f,-0.3981f,-0.3706f,-0.5798f,-0.7257f,0.2919f,0f,0f,0f,1f],start_interpolation: 0,interpolation_duration: 0}
$data merge entity $(bone_akm3) {transformation: [-0.8984f,0.4221f,0.1215f,0.0425f,0.2359f,0.6969f,-0.6772f,-0.3473f,-0.3706f,-0.5798f,-0.7257f,0.3463f,0f,0f,0f,1f],start_interpolation: 0,interpolation_duration: 0}
data modify entity @s data merge value {"cameras":{},"locators":{"akm":{"px":0.0049883773999263685,"py":-0.111152588529665,"pz":0.23267991433416352,"ry":265.7655677157599,"rx":-70.52220326467828},"akm2":{"px":0.00031182429692065694,"py":0.003801671708885457,"pz":0.6719319939298729,"ry":9.504584271700907,"rx":-42.62886920074114}}}