# This file was generated by Animated Java via MC-Build. It is not recommended to edit this file directly.
$data merge entity $(bone_magazine) {transformation: [0f,0f,0f,0.0194f,0f,0f,0f,-0.0664f,0f,0f,0f,-0.0026f,0f,0f,0f,1f],start_interpolation: 0,interpolation_duration: 2}
$data merge entity $(bone_chamber) {transformation: [0f,0f,0f,0.0194f,0f,0f,0f,-0.0664f,0f,0f,0f,-0.0026f,0f,0f,0f,1f],start_interpolation: 0,interpolation_duration: 2}
$data merge entity $(bone_akm1) {transformation: [0f,0f,0f,0.0194f,0f,0f,0f,-0.0664f,0f,0f,0f,-0.0026f,0f,0f,0f,1f],start_interpolation: 0,interpolation_duration: 2}
$data merge entity $(bone_magazine2) {transformation: [0f,0f,0f,-0.029f,0f,0f,0f,-0.3355f,0f,0f,0f,0.023f,0f,0f,0f,1f],start_interpolation: 0,interpolation_duration: 2}
$data merge entity $(bone_right_arm) {transformation: [-0.125f,-0.3584f,0.9252f,-0.1181f,0.1574f,-0.9278f,-0.3381f,-0.6441f,0.9796f,0.1034f,0.1724f,0.0855f,0f,0f,0f,1f],start_interpolation: 0,interpolation_duration: 2}
$data merge entity $(bone_forearm) {transformation: [-0.8666f,0.4721f,-0.1615f,0.2527f,-0.2242f,-0.6576f,-0.7192f,-0.3902f,-0.4458f,-0.5871f,0.6758f,0.0499f,0f,0f,0f,1f],start_interpolation: 0,interpolation_duration: 2}
$data merge entity $(bone_magazine1) {transformation: [-0.8951f,0.4294f,0.12f,0.0516f,0.2354f,0.6837f,-0.6908f,-0.4437f,-0.3787f,-0.5901f,-0.713f,0.0426f,0f,0f,0f,1f],start_interpolation: 0,interpolation_duration: 2}
$data merge entity $(bone_chamber1) {transformation: [-0.8951f,0.4294f,0.12f,0.053f,0.2354f,0.6837f,-0.6908f,-0.3289f,-0.3787f,-0.5901f,-0.713f,0.1105f,0f,0f,0f,1f],start_interpolation: 0,interpolation_duration: 2}
$data merge entity $(bone_akm3) {transformation: [-0.8951f,0.4294f,0.12f,0.0458f,0.2354f,0.6837f,-0.6908f,-0.2875f,-0.3787f,-0.5901f,-0.713f,0.1533f,0f,0f,0f,1f],start_interpolation: 0,interpolation_duration: 2}
data modify entity @s data merge value {"cameras":{},"locators":{"akm":{"px":0.01942972109093848,"py":-0.06640583515063676,"pz":-0.0025842533216899823,"ry":253.9068099728149,"rx":-68.09965570088488},"akm2":{"px":0.004655880293207071,"py":0.06959361939097425,"pz":0.47244729608525593,"ry":9.557102452206948,"rx":-43.694530532676175}}}