# This file was generated by Animated Java via MC-Build. It is not recommended to edit this file directly.
$data merge entity $(bone_magazine) {transformation: [0f,0f,0f,0.0146f,0f,0f,0f,-0.1424f,0f,0f,0f,0.0619f,0f,0f,0f,1f],start_interpolation: 0,interpolation_duration: 2}
$data merge entity $(bone_chamber) {transformation: [0f,0f,0f,0.0146f,0f,0f,0f,-0.1424f,0f,0f,0f,0.0619f,0f,0f,0f,1f],start_interpolation: 0,interpolation_duration: 2}
$data merge entity $(bone_akm1) {transformation: [0f,0f,0f,0.0146f,0f,0f,0f,-0.1424f,0f,0f,0f,0.0619f,0f,0f,0f,1f],start_interpolation: 0,interpolation_duration: 2}
$data merge entity $(bone_magazine2) {transformation: [0f,0f,0f,-0.0345f,0f,0f,0f,-0.4082f,0f,0f,0f,0.1029f,0f,0f,0f,1f],start_interpolation: 0,interpolation_duration: 2}
$data merge entity $(bone_right_arm) {transformation: [-0.1261f,-0.3581f,0.9251f,-0.1227f,0.2132f,-0.9206f,-0.3272f,-0.7142f,0.9688f,0.156f,0.1924f,0.1828f,0f,0f,0f,1f],start_interpolation: 0,interpolation_duration: 2}
$data merge entity $(bone_forearm) {transformation: [-0.8683f,0.4666f,-0.1681f,0.2539f,-0.2191f,-0.665f,-0.714f,-0.4567f,-0.445f,-0.5831f,0.6797f,0.1424f,0f,0f,0f,1f],start_interpolation: 0,interpolation_duration: 2}
$data merge entity $(bone_magazine1) {transformation: [-0.8928f,0.4357f,0.1143f,0.0523f,0.2411f,0.6765f,-0.6958f,-0.5084f,-0.3805f,-0.5937f,-0.709f,0.1352f,0f,0f,0f,1f],start_interpolation: 0,interpolation_duration: 2}
$data merge entity $(bone_chamber1) {transformation: [-0.8928f,0.4357f,0.1143f,0.0564f,0.2411f,0.6765f,-0.6958f,-0.4037f,-0.3805f,-0.5937f,-0.709f,0.1918f,0f,0f,0f,1f],start_interpolation: 0,interpolation_duration: 2}
$data merge entity $(bone_akm3) {transformation: [-0.8928f,0.4357f,0.1143f,0.0479f,0.2411f,0.6765f,-0.6958f,-0.3515f,-0.3805f,-0.5937f,-0.709f,0.245f,0f,0f,0f,1f],start_interpolation: 0,interpolation_duration: 2}
data modify entity @s data merge value {"cameras":{},"locators":{"akm":{"px":0.014596549469855403,"py":-0.1424228866422977,"pz":0.06188003651558578,"ry":246.45511437369424,"rx":-67.00965321719633},"akm2":{"px":0.00967304335527612,"py":0.0076888472011263365,"pz":0.5621326456499105,"ry":9.161228142231494,"rx":-44.09419031976827}}}