# This file was generated by Animated Java via MC-Build. It is not recommended to edit this file directly.
$data merge entity $(bone_magazine) {transformation: [0f,0f,0f,-0.087f,0f,0f,0f,-0.1248f,0f,0f,0f,0.1772f,0f,0f,0f,1f],start_interpolation: 0,interpolation_duration: 0}
$data merge entity $(bone_chamber) {transformation: [0f,0f,0f,-0.087f,0f,0f,0f,-0.1248f,0f,0f,0f,0.1772f,0f,0f,0f,1f],start_interpolation: 0,interpolation_duration: 0}
$data merge entity $(bone_akm1) {transformation: [0f,0f,0f,-0.087f,0f,0f,0f,-0.1248f,0f,0f,0f,0.1772f,0f,0f,0f,1f],start_interpolation: 0,interpolation_duration: 0}
$data merge entity $(bone_magazine2) {transformation: [0f,0f,0f,-0.1043f,0f,0f,0f,-0.3907f,0f,0f,0f,0.2102f,0f,0f,0f,1f],start_interpolation: 0,interpolation_duration: 0}
$data merge entity $(bone_right_arm) {transformation: [-0.0638f,-0.2305f,0.971f,-0.1439f,0.1585f,-0.9629f,-0.2182f,-0.7133f,0.9853f,0.14f,0.0979f,0.2809f,0f,0f,0f,1f],start_interpolation: 0,interpolation_duration: 0}
$data merge entity $(bone_forearm) {transformation: [-0.8706f,0.4638f,-0.1641f,0.2464f,-0.1838f,-0.616f,-0.766f,-0.4462f,-0.4564f,-0.6367f,0.6215f,0.2499f,0f,0f,0f,1f],start_interpolation: 0,interpolation_duration: 0}
$data merge entity $(bone_magazine1) {transformation: [-0.8953f,0.4322f,0.1077f,0.0442f,0.2721f,0.7221f,-0.6361f,-0.4972f,-0.3527f,-0.5402f,-0.7641f,0.2395f,0f,0f,0f,1f],start_interpolation: 0,interpolation_duration: 0}
$data merge entity $(bone_chamber1) {transformation: [-0.8953f,0.4322f,0.1077f,0.0409f,0.2721f,0.7221f,-0.6361f,-0.3497f,-0.3527f,-0.5402f,-0.7641f,0.3616f,0f,0f,0f,1f],start_interpolation: 0,interpolation_duration: 0}
$data merge entity $(bone_akm3) {transformation: [-0.8953f,0.4322f,0.1077f,0.0409f,0.2721f,0.7221f,-0.6361f,-0.3497f,-0.3527f,-0.5402f,-0.7641f,0.3616f,0f,0f,0f,1f],start_interpolation: 0,interpolation_duration: 0}
data modify entity @s data merge value {"cameras":{},"locators":{"akm":{"px":-0.08703183395237875,"py":-0.12482993550805041,"pz":0.17722760935484483,"ry":238.73045155259283,"rx":-74.35465598578013},"akm2":{"px":0.005737645182815311,"py":-0.017432181703535,"pz":0.7072120190665566,"ry":8.022989256648003,"rx":-39.49846328527447}}}