# This file was generated by Animated Java via MC-Build. It is not recommended to edit this file directly.
$data merge entity $(bone_magazine) {transformation: [0f,0f,0f,-0.2165f,0f,0f,0f,-0.1064f,0f,0f,0f,0.2557f,0f,0f,0f,1f],start_interpolation: 0,interpolation_duration: 2}
$data merge entity $(bone_chamber) {transformation: [0f,0f,0f,-0.2165f,0f,0f,0f,-0.1064f,0f,0f,0f,0.2557f,0f,0f,0f,1f],start_interpolation: 0,interpolation_duration: 2}
$data merge entity $(bone_akm1) {transformation: [0f,0f,0f,-0.2165f,0f,0f,0f,-0.1064f,0f,0f,0f,0.2557f,0f,0f,0f,1f],start_interpolation: 0,interpolation_duration: 2}
$data merge entity $(bone_magazine2) {transformation: [0f,0f,0f,-0.19f,0f,0f,0f,-0.3722f,0f,0f,0f,0.25f,0f,0f,0f,1f],start_interpolation: 0,interpolation_duration: 2}
$data merge entity $(bone_right_arm) {transformation: [-0.0072f,-0.0634f,0.998f,-0.1712f,0.0082f,-0.998f,-0.0633f,-0.7047f,0.9999f,0.0077f,0.0077f,0.2734f,0f,0f,0f,1f],start_interpolation: 0,interpolation_duration: 2}
$data merge entity $(bone_forearm) {transformation: [-0.8754f,0.4586f,-0.1527f,0.2378f,-0.1216f,-0.5146f,-0.8488f,-0.425f,-0.4678f,-0.7245f,0.5063f,0.2709f,0f,0f,0f,1f],start_interpolation: 0,interpolation_duration: 2}
$data merge entity $(bone_magazine1) {transformation: [-0.9006f,0.4219f,0.1042f,0.0363f,0.3125f,0.7953f,-0.5195f,-0.4755f,-0.3021f,-0.4353f,-0.8481f,0.2558f,0f,0f,0f,1f],start_interpolation: 0,interpolation_duration: 2}
$data merge entity $(bone_chamber1) {transformation: [-0.9006f,0.4219f,0.1042f,0.0332f,0.3125f,0.7953f,-0.5195f,-0.3471f,-0.3021f,-0.4353f,-0.8481f,0.3978f,0f,0f,0f,1f],start_interpolation: 0,interpolation_duration: 2}
$data merge entity $(bone_akm3) {transformation: [-0.9006f,0.4219f,0.1042f,0.0332f,0.3125f,0.7953f,-0.5195f,-0.3471f,-0.3021f,-0.4353f,-0.8481f,0.3978f,0f,0f,0f,1f],start_interpolation: 0,interpolation_duration: 2}
data modify entity @s data merge value {"cameras":{},"locators":{"akm":{"px":-0.2165393802146564,"py":-0.10635745426969778,"pz":0.25567766205166015,"ry":263.07963092406123,"rx":-86.33812471095904},"akm2":{"px":-0.0006723665257352407,"py":-0.06783660085527088,"pz":0.7876394632150339,"ry":7.005886722827,"rx":-31.297915923703012}}}