# This file was generated by Animated Java via MC-Build. It is not recommended to edit this file directly.
$data merge entity $(bone_magazine) {transformation: [0f,0f,0f,-0.1586f,0f,0f,0f,-0.0494f,0f,0f,0f,0.0274f,0f,0f,0f,1f],start_interpolation: 0,interpolation_duration: 2}
$data merge entity $(bone_chamber) {transformation: [0f,0f,0f,-0.1586f,0f,0f,0f,-0.0494f,0f,0f,0f,0.0274f,0f,0f,0f,1f],start_interpolation: 0,interpolation_duration: 2}
$data merge entity $(bone_akm1) {transformation: [0f,0f,0f,-0.1586f,0f,0f,0f,-0.0494f,0f,0f,0f,0.0274f,0f,0f,0f,1f],start_interpolation: 0,interpolation_duration: 2}
$data merge entity $(bone_magazine2) {transformation: [0f,0f,0f,-0.1485f,0f,0f,0f,-0.3198f,0f,0f,0f,0.0412f,0f,0f,0f,1f],start_interpolation: 0,interpolation_duration: 2}
$data merge entity $(bone_right_arm) {transformation: [-0.0258f,-0.1374f,0.9902f,-0.1581f,0.0855f,-0.9872f,-0.1347f,-0.6463f,0.996f,0.0812f,0.0372f,0.0912f,0f,0f,0f,1f],start_interpolation: 0,interpolation_duration: 2}
$data merge entity $(bone_forearm) {transformation: [-0.8732f,0.4604f,-0.1599f,0.241f,-0.1506f,-0.5669f,-0.8099f,-0.3739f,-0.4635f,-0.6831f,0.5644f,0.0736f,0f,0f,0f,1f],start_interpolation: 0,interpolation_duration: 2}
$data merge entity $(bone_magazine1) {transformation: [-0.8972f,0.4284f,0.1067f,0.0393f,0.2943f,0.7604f,-0.579f,-0.4244f,-0.3292f,-0.4881f,-0.8083f,0.0609f,0f,0f,0f,1f],start_interpolation: 0,interpolation_duration: 2}
$data merge entity $(bone_chamber1) {transformation: [-0.8972f,0.4284f,0.1067f,0.0401f,0.2943f,0.7604f,-0.579f,-0.3079f,-0.3292f,-0.4881f,-0.8083f,0.1631f,0f,0f,0f,1f],start_interpolation: 0,interpolation_duration: 2}
$data merge entity $(bone_akm3) {transformation: [-0.8972f,0.4284f,0.1067f,0.0361f,0.2943f,0.7604f,-0.579f,-0.2862f,-0.3292f,-0.4881f,-0.8083f,0.1934f,0f,0f,0f,1f],start_interpolation: 0,interpolation_duration: 2}
data modify entity @s data merge value {"cameras":{},"locators":{"akm":{"px":-0.15863511992018586,"py":-0.0493989187134314,"pz":0.027423094478141632,"ry":239.40984380499694,"rx":-80.81747654334039},"akm2":{"px":0.0012600165940731545,"py":0.02025235130944797,"pz":0.5621278952219642,"ry":7.518158673014426,"rx":-35.37845872259429}}}