# This file was generated by Animated Java via MC-Build. It is not recommended to edit this file directly.
$data merge entity $(bone_magazine) {transformation: [-0.9145f,0.4042f,0.0168f,0.0715f,0.3135f,0.7343f,-0.602f,-0.6828f,-0.2557f,-0.5453f,-0.7983f,0.3406f,0f,0f,0f,1f],start_interpolation: 0,interpolation_duration: 1}
$data merge entity $(bone_chamber) {transformation: [-0.9145f,0.4042f,0.0168f,0.0841f,0.3135f,0.7343f,-0.602f,-0.5412f,-0.2557f,-0.5453f,-0.7983f,0.469f,0f,0f,0f,1f],start_interpolation: 0,interpolation_duration: 1}
$data merge entity $(bone_akm1) {transformation: [-0.9145f,0.4042f,0.0168f,0.0841f,0.3135f,0.7343f,-0.602f,-0.5412f,-0.2557f,-0.5453f,-0.7983f,0.469f,0f,0f,0f,1f],start_interpolation: 0,interpolation_duration: 1}
$data merge entity $(bone_magazine2) {transformation: [0f,0f,0f,0.0644f,0f,0f,0f,-0.7555f,0f,0f,0f,0.2751f,0f,0f,0f,1f],start_interpolation: 0,interpolation_duration: 1}
$data merge entity $(bone_right_arm) {transformation: [-0.8902f,0.0113f,-0.4555f,0.0442f,0.3541f,-0.612f,-0.7072f,-0.9679f,-0.2868f,-0.7908f,0.5407f,0.0224f,0f,0f,0f,1f],start_interpolation: 0,interpolation_duration: 1}
$data merge entity $(bone_forearm) {transformation: [-0.8541f,0.2867f,-0.434f,0.3319f,0.1769f,-0.6245f,-0.7607f,-0.722f,-0.4892f,-0.7265f,0.4826f,0.3682f,0f,0f,0f,1f],start_interpolation: 0,interpolation_duration: 1}
$data merge entity $(bone_magazine1) {transformation: [0f,0f,0f,30.141f,0f,0f,0f,-8.8711f,0f,0f,0f,1.8444f,0f,0f,0f,1f],start_interpolation: 0,interpolation_duration: 1}
$data merge entity $(bone_chamber1) {transformation: [0f,0f,0f,30.141f,0f,0f,0f,-8.8711f,0f,0f,0f,1.8444f,0f,0f,0f,1f],start_interpolation: 0,interpolation_duration: 1}
$data merge entity $(bone_akm3) {transformation: [0f,0f,0f,30.141f,0f,0f,0f,-8.8711f,0f,0f,0f,1.8444f,0f,0f,0f,1f],start_interpolation: 0,interpolation_duration: 1}
data modify entity @s data merge value {"cameras":{},"locators":{"akm":{"px":0.09142067631730591,"py":-0.22473827069938873,"pz":0.8307608761208746,"ry":1.2072458462491227,"rx":-37.01609543442479},"akm2":{"px":30.14101699986809,"py":-8.871105879789424,"pz":1.8443976365458634,"ry":348.87918287925936,"rx":-36.648037956150915}}}