# This file was generated by Animated Java via MC-Build. It is not recommended to edit this file directly.
$data merge entity $(bone_magazine) {transformation: [-0.9337f,0.3571f,0.0259f,0.0359f,0.2801f,0.7736f,-0.5684f,-0.6614f,-0.223f,-0.5235f,-0.8223f,0.3343f,0f,0f,0f,1f],start_interpolation: 0,interpolation_duration: 2}
$data merge entity $(bone_chamber) {transformation: [-0.9337f,0.3571f,0.0259f,0.045f,0.2801f,0.7736f,-0.5684f,-0.5246f,-0.223f,-0.5235f,-0.8223f,0.468f,0f,0f,0f,1f],start_interpolation: 0,interpolation_duration: 2}
$data merge entity $(bone_akm1) {transformation: [-0.9337f,0.3571f,0.0259f,0.045f,0.2801f,0.7736f,-0.5684f,-0.5246f,-0.223f,-0.5235f,-0.8223f,0.468f,0f,0f,0f,1f],start_interpolation: 0,interpolation_duration: 2}
$data merge entity $(bone_magazine2) {transformation: [0f,0f,0f,0.0317f,0f,0f,0f,-0.7278f,0f,0f,0f,0.2669f,0f,0f,0f,1f],start_interpolation: 0,interpolation_duration: 2}
$data merge entity $(bone_right_arm) {transformation: [-0.9143f,0.0259f,-0.4042f,0.0158f,0.3191f,-0.5684f,-0.7583f,-0.9316f,-0.2494f,-0.8223f,0.5115f,0.0044f,0f,0f,0f,1f],start_interpolation: 0,interpolation_duration: 2}
$data merge entity $(bone_forearm) {transformation: [-0.8081f,0.2804f,-0.518f,0.3099f,0.2859f,-0.5821f,-0.7612f,-0.7247f,-0.515f,-0.7632f,0.3902f,0.3742f,0f,0f,0f,1f],start_interpolation: 0,interpolation_duration: 2}
$data merge entity $(bone_magazine1) {transformation: [0f,0f,0f,0.1811f,0f,0f,0f,-0.5166f,0f,0f,0f,0.5225f,0f,0f,0f,1f],start_interpolation: 0,interpolation_duration: 2}
$data merge entity $(bone_chamber1) {transformation: [0f,0f,0f,0.1811f,0f,0f,0f,-0.5166f,0f,0f,0f,0.5225f,0f,0f,0f,1f],start_interpolation: 0,interpolation_duration: 2}
$data merge entity $(bone_akm3) {transformation: [0f,0f,0f,0.1811f,0f,0f,0f,-0.5166f,0f,0f,0f,0.5225f,0f,0f,0f,1f],start_interpolation: 0,interpolation_duration: 2}
data modify entity @s data merge value {"cameras":{},"locators":{"akm":{"px":0.04619404584903854,"py":-0.22278352538357737,"pz":0.8421332122269455,"ry":1.8070053551112153,"rx":-34.64115344249528},"akm2":{"px":0.18106511143291668,"py":-0.5166095657152366,"pz":0.5225420646790053,"ry":347.9492635140822,"rx":-34.22454473757248}}}