# This file was generated by Animated Java via MC-Build. It is not recommended to edit this file directly.
$data merge entity $(bone_magazine) {transformation: [0f,0f,0f,0.0025f,0f,0f,0f,-0.0686f,0f,0f,0f,0.3081f,0f,0f,0f,1f],start_interpolation: 0,interpolation_duration: 2}
$data merge entity $(bone_chamber) {transformation: [0f,0f,0f,0.0025f,0f,0f,0f,-0.0686f,0f,0f,0f,0.3081f,0f,0f,0f,1f],start_interpolation: 0,interpolation_duration: 2}
$data merge entity $(bone_akm1) {transformation: [0f,0f,0f,0.0025f,0f,0f,0f,-0.0686f,0f,0f,0f,0.3081f,0f,0f,0f,1f],start_interpolation: 0,interpolation_duration: 2}
$data merge entity $(bone_magazine2) {transformation: [0f,0f,0f,-0.0452f,0f,0f,0f,-0.3229f,0f,0f,0f,0.2041f,0f,0f,0f,1f],start_interpolation: 0,interpolation_duration: 2}
$data merge entity $(bone_right_arm) {transformation: [-0.4331f,-0.3608f,0.8259f,-0.1486f,-0.2244f,-0.8443f,-0.4866f,-0.6138f,0.8729f,-0.3961f,0.2847f,0.1073f,0f,0f,0f,1f],start_interpolation: 0,interpolation_duration: 2}
$data merge entity $(bone_forearm) {transformation: [-0.8614f,0.4969f,-0.1055f,0.2386f,-0.1807f,-0.4938f,-0.8506f,-0.3971f,-0.4748f,-0.7136f,0.5151f,0.1825f,0f,0f,0f,1f],start_interpolation: 0,interpolation_duration: 2}
$data merge entity $(bone_magazine1) {transformation: [-0.9149f,0.3768f,0.1448f,0.0407f,0.2529f,0.8146f,-0.5219f,-0.46f,-0.3146f,-0.4409f,-0.8406f,0.1661f,0f,0f,0f,1f],start_interpolation: 0,interpolation_duration: 2}
$data merge entity $(bone_chamber1) {transformation: [-0.9149f,0.3768f,0.1448f,0.0283f,0.2529f,0.8146f,-0.5219f,-0.3304f,-0.3146f,-0.4409f,-0.8406f,0.3065f,0f,0f,0f,1f],start_interpolation: 0,interpolation_duration: 2}
$data merge entity $(bone_akm3) {transformation: [-0.9149f,0.3768f,0.1448f,0.0283f,0.2529f,0.8146f,-0.5219f,-0.3304f,-0.3146f,-0.4409f,-0.8406f,0.3065f,0f,0f,0f,1f],start_interpolation: 0,interpolation_duration: 2}
data modify entity @s data merge value {"cameras":{},"locators":{"akm":{"px":0.00251850194705796,"py":-0.06864037011286737,"pz":0.3081202813961248,"ry":317.6690711538738,"rx":-57.59886168016439},"akm2":{"px":-0.02672135196136377,"py":-0.04922896887660333,"pz":0.6924769634690978,"ry":9.772515922980602,"rx":-31.461139080064676}}}