# This file was generated by Animated Java via MC-Build. It is not recommended to edit this file directly.
$data merge entity $(bone_magazine) {transformation: [0f,0f,0f,-0.1382f,0f,0f,0f,-0.4559f,0f,0f,0f,0.4084f,0f,0f,0f,1f],start_interpolation: 0,interpolation_duration: 2}
$data merge entity $(bone_chamber) {transformation: [0f,0f,0f,-0.1382f,0f,0f,0f,-0.4559f,0f,0f,0f,0.4084f,0f,0f,0f,1f],start_interpolation: 0,interpolation_duration: 2}
$data merge entity $(bone_akm1) {transformation: [0f,0f,0f,-0.1382f,0f,0f,0f,-0.4559f,0f,0f,0f,0.4084f,0f,0f,0f,1f],start_interpolation: 0,interpolation_duration: 2}
$data merge entity $(bone_magazine2) {transformation: [0f,0f,0f,-0.1783f,0f,0f,0f,-0.5204f,0f,0f,0f,0.1691f,0f,0f,0f,1f],start_interpolation: 0,interpolation_duration: 2}
$data merge entity $(bone_right_arm) {transformation: [-0.984f,-0.1693f,0.0552f,-0.2465f,-0.029f,-0.1534f,-0.9877f,-0.6297f,0.1757f,-0.9735f,0.1461f,-0.1558f,0f,0f,0f,1f],start_interpolation: 0,interpolation_duration: 2}
$data merge entity $(bone_forearm) {transformation: [-0.0942f,0.5114f,-0.8542f,0.0365f,0.7522f,-0.5255f,-0.3976f,-0.6082f,-0.6521f,-0.68f,-0.3352f,0.3f,0f,0f,0f,1f],start_interpolation: 0,interpolation_duration: 2}
$data merge entity $(bone_magazine1) {transformation: [-0.9735f,0.0607f,-0.2205f,-0.1747f,0.0926f,0.9862f,-0.1374f,-0.4784f,0.2091f,-0.1542f,-0.9657f,0.2103f,0f,0f,0f,1f],start_interpolation: 0,interpolation_duration: 2}
$data merge entity $(bone_chamber1) {transformation: [-0.9735f,0.0607f,-0.2205f,-0.131f,0.0926f,0.9862f,-0.1374f,-0.4141f,0.2091f,-0.1542f,-0.9657f,0.3853f,0f,0f,0f,1f],start_interpolation: 0,interpolation_duration: 2}
$data merge entity $(bone_akm3) {transformation: [-0.9735f,0.0607f,-0.2205f,-0.131f,0.0926f,0.9862f,-0.1374f,-0.4141f,0.2091f,-0.1542f,-0.9657f,0.3853f,0f,0f,0f,1f],start_interpolation: 0,interpolation_duration: 2}
data modify entity @s data merge value {"cameras":{},"locators":{"akm":{"px":-0.13816437485945413,"py":-0.45588546420149906,"pz":0.4084136388991597,"ry":350.13206045565005,"rx":-8.826347744039026},"akm2":{"px":-0.02300394605050199,"py":-0.31072783771678364,"pz":0.842212585851305,"ry":347.1402035869482,"rx":-7.897112692788024}}}