# This file was generated by Animated Java via MC-Build. It is not recommended to edit this file directly.
$data merge entity $(bone_magazine) {transformation: [0f,0f,0f,-0.185f,0f,0f,0f,-0.1222f,0f,0f,0f,0.2915f,0f,0f,0f,1f],start_interpolation: 0,interpolation_duration: 2}
$data merge entity $(bone_chamber) {transformation: [0f,0f,0f,-0.185f,0f,0f,0f,-0.1221f,0f,0f,0f,0.2915f,0f,0f,0f,1f],start_interpolation: 0,interpolation_duration: 2}
$data merge entity $(bone_akm1) {transformation: [0f,0f,0f,-0.185f,0f,0f,0f,-0.1221f,0f,0f,0f,0.2915f,0f,0f,0f,1f],start_interpolation: 0,interpolation_duration: 2}
$data merge entity $(bone_magazine2) {transformation: [0f,0f,0f,-0.1808f,0f,0f,0f,-0.3855f,0f,0f,0f,0.264f,0f,0f,0f,1f],start_interpolation: 0,interpolation_duration: 2}
$data merge entity $(bone_right_arm) {transformation: [-0.1615f,-0.141f,0.9768f,-0.1894f,-0.0789f,-0.9847f,-0.1552f,-0.7213f,0.9837f,-0.1021f,0.1479f,0.2555f,0f,0f,0f,1f],start_interpolation: 0,interpolation_duration: 2}
$data merge entity $(bone_forearm) {transformation: [-0.8838f,0.4378f,-0.165f,0.2478f,-0.0625f,-0.4601f,-0.8857f,-0.4066f,-0.4636f,-0.7724f,0.434f,0.2947f,0f,0f,0f,1f],start_interpolation: 0,interpolation_duration: 2}
$data merge entity $(bone_magazine1) {transformation: [-0.8972f,0.4339f,0.0818f,0.045f,0.3562f,0.8206f,-0.4469f,-0.4513f,-0.261f,-0.3718f,-0.8909f,0.2783f,0f,0f,0f,1f],start_interpolation: 0,interpolation_duration: 2}
$data merge entity $(bone_chamber1) {transformation: [-0.8972f,0.4339f,0.0818f,0.0466f,0.3562f,0.8206f,-0.4469f,-0.3355f,-0.261f,-0.3718f,-0.8909f,0.4308f,0f,0f,0f,1f],start_interpolation: 0,interpolation_duration: 2}
$data merge entity $(bone_akm3) {transformation: [-0.8972f,0.4339f,0.0818f,0.0466f,0.3562f,0.8206f,-0.4469f,-0.3355f,-0.261f,-0.3718f,-0.8909f,0.4308f,0f,0f,0f,1f],start_interpolation: 0,interpolation_duration: 2}
data modify entity @s data merge value {"cameras":{},"locators":{"akm":{"px":-0.18498288330799342,"py":-0.12214348841518637,"pz":0.2915243783109628,"ry":305.91808038978115,"rx":-79.97638251644716},"akm2":{"px":0.023948239856551496,"py":-0.09007704052447219,"pz":0.8435360898464062,"ry":5.244351745336189,"rx":-26.543476819508893}}}