# This file was generated by Animated Java via MC-Build. It is not recommended to edit this file directly.
$data merge entity $(bone_magazine) {transformation: [0f,0f,0f,-0.0257f,0f,0f,0f,-0.0719f,0f,0f,0f,0.2735f,0f,0f,0f,1f],start_interpolation: 0,interpolation_duration: 2}
$data merge entity $(bone_chamber) {transformation: [0f,0f,0f,-0.0257f,0f,0f,0f,-0.0719f,0f,0f,0f,0.2735f,0f,0f,0f,1f],start_interpolation: 0,interpolation_duration: 2}
$data merge entity $(bone_akm1) {transformation: [0f,0f,0f,-0.0257f,0f,0f,0f,-0.0719f,0f,0f,0f,0.2735f,0f,0f,0f,1f],start_interpolation: 0,interpolation_duration: 2}
$data merge entity $(bone_magazine2) {transformation: [0f,0f,0f,-0.0566f,0f,0f,0f,-0.3361f,0f,0f,0f,0.1971f,0f,0f,0f,1f],start_interpolation: 0,interpolation_duration: 2}
$data merge entity $(bone_right_arm) {transformation: [-0.2646f,-0.3036f,0.9153f,-0.1331f,-0.1962f,-0.9124f,-0.3593f,-0.6465f,0.9442f,-0.2747f,0.1819f,0.1372f,0f,0f,0f,1f],start_interpolation: 0,interpolation_duration: 2}
$data merge entity $(bone_forearm) {transformation: [-0.8606f,0.4957f,-0.1171f,0.2387f,-0.2059f,-0.5489f,-0.8101f,-0.4113f,-0.4658f,-0.673f,0.5745f,0.1713f,0f,0f,0f,1f],start_interpolation: 0,interpolation_duration: 2}
$data merge entity $(bone_magazine1) {transformation: [-0.9105f,0.3876f,0.144f,0.0403f,0.2386f,0.7769f,-0.5827f,-0.4733f,-0.3377f,-0.4962f,-0.7999f,0.1583f,0f,0f,0f,1f],start_interpolation: 0,interpolation_duration: 2}
$data merge entity $(bone_chamber1) {transformation: [-0.9105f,0.3876f,0.144f,0.0284f,0.2386f,0.7769f,-0.5827f,-0.3337f,-0.3377f,-0.4962f,-0.7999f,0.2889f,0f,0f,0f,1f],start_interpolation: 0,interpolation_duration: 2}
$data merge entity $(bone_akm3) {transformation: [-0.9105f,0.3876f,0.144f,0.0284f,0.2386f,0.7769f,-0.5827f,-0.3337f,-0.3377f,-0.4962f,-0.7999f,0.2889f,0f,0f,0f,1f],start_interpolation: 0,interpolation_duration: 2}
data modify entity @s data merge value {"cameras":{},"locators":{"akm":{"px":-0.025673318139415677,"py":-0.0719047026427691,"pz":0.27350488682182206,"ry":312.1393929170142,"rx":-65.8346586969035},"akm2":{"px":-0.025810444077467305,"py":-0.02491734866997536,"pz":0.6532617235533418,"ry":10.202822911412767,"rx":-35.63879602014022}}}