# This file was generated by Animated Java via MC-Build. It is not recommended to edit this file directly.
$data merge entity $(bone_magazine) {transformation: [0f,0f,0f,-0.1411f,0f,0f,0f,-0.1457f,0f,0f,0f,0.2908f,0f,0f,0f,1f],start_interpolation: 0,interpolation_duration: 2}
$data merge entity $(bone_chamber) {transformation: [0f,0f,0f,-0.1411f,0f,0f,0f,-0.1457f,0f,0f,0f,0.2908f,0f,0f,0f,1f],start_interpolation: 0,interpolation_duration: 2}
$data merge entity $(bone_akm1) {transformation: [0f,0f,0f,-0.1411f,0f,0f,0f,-0.1457f,0f,0f,0f,0.2908f,0f,0f,0f,1f],start_interpolation: 0,interpolation_duration: 2}
$data merge entity $(bone_magazine2) {transformation: [0f,0f,0f,-0.1573f,0f,0f,0f,-0.4072f,0f,0f,0f,0.261f,0f,0f,0f,1f],start_interpolation: 0,interpolation_duration: 2}
$data merge entity $(bone_right_arm) {transformation: [-0.2365f,-0.2122f,0.9482f,-0.1912f,-0.0712f,-0.9695f,-0.2347f,-0.7424f,0.969f,-0.123f,0.2142f,0.2476f,0f,0f,0f,1f],start_interpolation: 0,interpolation_duration: 2}
$data merge entity $(bone_forearm) {transformation: [-0.8861f,0.4289f,-0.1759f,0.2535f,-0.052f,-0.469f,-0.8817f,-0.4055f,-0.4606f,-0.7721f,0.4378f,0.3009f,0f,0f,0f,1f],start_interpolation: 0,interpolation_duration: 2}
$data merge entity $(bone_magazine1) {transformation: [-0.893f,0.4441f,0.0727f,0.0501f,0.3676f,0.8132f,-0.4512f,-0.4475f,-0.2595f,-0.3762f,-0.8894f,0.2853f,0f,0f,0f,1f],start_interpolation: 0,interpolation_duration: 2}
$data merge entity $(bone_chamber1) {transformation: [-0.893f,0.4441f,0.0727f,0.0538f,0.3676f,0.8132f,-0.4512f,-0.3312f,-0.2595f,-0.3762f,-0.8894f,0.4374f,0f,0f,0f,1f],start_interpolation: 0,interpolation_duration: 2}
$data merge entity $(bone_akm3) {transformation: [-0.893f,0.4441f,0.0727f,0.0538f,0.3676f,0.8132f,-0.4512f,-0.3312f,-0.2595f,-0.3762f,-0.8894f,0.4374f,0f,0f,0f,1f],start_interpolation: 0,interpolation_duration: 2}
data modify entity @s data merge value {"cameras":{},"locators":{"akm":{"px":-0.1410804923784684,"py":-0.14573978776830926,"pz":0.2907508578511752,"ry":300.110036651997,"rx":-75.80231328957706},"akm2":{"px":0.03586747248675215,"py":-0.0839453028948077,"pz":0.8492674047454198,"ry":4.674209087253104,"rx":-26.8235122455178}}}