# This file was generated by Animated Java via MC-Build. It is not recommended to edit this file directly.
$data merge entity $(bone_magazine) {transformation: [0f,0f,0f,-0.0882f,0f,0f,0f,-0.1789f,0f,0f,0f,0.2986f,0f,0f,0f,1f],start_interpolation: 0,interpolation_duration: 0}
$data merge entity $(bone_chamber) {transformation: [0f,0f,0f,-0.0882f,0f,0f,0f,-0.1789f,0f,0f,0f,0.2986f,0f,0f,0f,1f],start_interpolation: 0,interpolation_duration: 0}
$data merge entity $(bone_akm1) {transformation: [0f,0f,0f,-0.0882f,0f,0f,0f,-0.1789f,0f,0f,0f,0.2986f,0f,0f,0f,1f],start_interpolation: 0,interpolation_duration: 0}
$data merge entity $(bone_magazine2) {transformation: [0f,0f,0f,-0.128f,0f,0f,0f,-0.4358f,0f,0f,0f,0.2626f,0f,0f,0f,1f],start_interpolation: 0,interpolation_duration: 0}
$data merge entity $(bone_right_arm) {transformation: [-0.3246f,-0.2937f,0.8991f,-0.192f,-0.059f,-0.9424f,-0.3292f,-0.7672f,0.944f,-0.1599f,0.2886f,0.2394f,0f,0f,0f,1f],start_interpolation: 0,interpolation_duration: 0}
$data merge entity $(bone_forearm) {transformation: [-0.8882f,0.4191f,-0.1882f,0.2606f,-0.0422f,-0.4823f,-0.875f,-0.4046f,-0.4574f,-0.7693f,0.4461f,0.3078f,0f,0f,0f,1f],start_interpolation: 0,interpolation_duration: 0}
$data merge entity $(bone_magazine1) {transformation: [-0.8881f,0.4555f,0.0615f,0.0562f,0.3799f,0.8028f,-0.4595f,-0.4435f,-0.2586f,-0.3847f,-0.8861f,0.2931f,0f,0f,0f,1f],start_interpolation: 0,interpolation_duration: 0}
$data merge entity $(bone_chamber1) {transformation: [-0.8881f,0.4555f,0.0615f,0.0625f,0.3799f,0.8028f,-0.4595f,-0.3259f,-0.2586f,-0.3847f,-0.8861f,0.4442f,0f,0f,0f,1f],start_interpolation: 0,interpolation_duration: 0}
$data merge entity $(bone_akm3) {transformation: [-0.8881f,0.4555f,0.0615f,0.0625f,0.3799f,0.8028f,-0.4595f,-0.3259f,-0.2586f,-0.3847f,-0.8861f,0.4442f,0f,0f,0f,1f],start_interpolation: 0,interpolation_duration: 0}
data modify entity @s data merge value {"cameras":{},"locators":{"akm":{"px":-0.08824220634661821,"py":-0.1788948820329476,"pz":0.2986296441935205,"ry":298.56754633029846,"rx":-70.46303434027448},"akm2":{"px":0.05038896701219234,"py":-0.0752017475284209,"pz":0.8541953504225037,"ry":3.9682547913796213,"rx":-27.3522444126885}}}