# This file was generated by Animated Java via MC-Build. It is not recommended to edit this file directly.
$data merge entity $(bone_magazine) {transformation: [0f,0f,0f,-0.0314f,0f,0f,0f,-0.0777f,0f,0f,0f,0.2577f,0f,0f,0f,1f],start_interpolation: 0,interpolation_duration: 2}
$data merge entity $(bone_chamber) {transformation: [0f,0f,0f,-0.0314f,0f,0f,0f,-0.0777f,0f,0f,0f,0.2577f,0f,0f,0f,1f],start_interpolation: 0,interpolation_duration: 2}
$data merge entity $(bone_akm1) {transformation: [0f,0f,0f,-0.0314f,0f,0f,0f,-0.0777f,0f,0f,0f,0.2577f,0f,0f,0f,1f],start_interpolation: 0,interpolation_duration: 2}
$data merge entity $(bone_magazine2) {transformation: [0f,0f,0f,-0.0586f,0f,0f,0f,-0.3443f,0f,0f,0f,0.193f,0f,0f,0f,1f],start_interpolation: 0,interpolation_duration: 2}
$data merge entity $(bone_right_arm) {transformation: [-0.2076f,-0.2881f,0.9349f,-0.1273f,-0.1685f,-0.9309f,-0.3242f,-0.6601f,0.9636f,-0.2248f,0.1447f,0.1482f,0f,0f,0f,1f],start_interpolation: 0,interpolation_duration: 2}
$data merge entity $(bone_forearm) {transformation: [-0.8611f,0.4925f,-0.1263f,0.2409f,-0.2149f,-0.5778f,-0.7874f,-0.4207f,-0.4607f,-0.6509f,0.6034f,0.1647f,0f,0f,0f,1f],start_interpolation: 0,interpolation_duration: 2}
$data merge entity $(bone_magazine1) {transformation: [-0.9073f,0.3963f,0.1408f,0.042f,0.2345f,0.7546f,-0.6129f,-0.4813f,-0.3491f,-0.523f,-0.7775f,0.1533f,0f,0f,0f,1f],start_interpolation: 0,interpolation_duration: 2}
$data merge entity $(bone_chamber1) {transformation: [-0.9073f,0.3963f,0.1408f,0.0311f,0.2345f,0.7546f,-0.6129f,-0.3369f,-0.3491f,-0.523f,-0.7775f,0.2786f,0f,0f,0f,1f],start_interpolation: 0,interpolation_duration: 2}
$data merge entity $(bone_akm3) {transformation: [-0.9073f,0.3963f,0.1408f,0.0311f,0.2345f,0.7546f,-0.6129f,-0.3369f,-0.3491f,-0.523f,-0.7775f,0.2786f,0f,0f,0f,1f],start_interpolation: 0,interpolation_duration: 2}
data modify entity @s data merge value {"cameras":{},"locators":{"akm":{"px":-0.03136525466612647,"py":-0.07771738536254931,"pz":0.2576641609263289,"ry":307.9666993117295,"rx":-68.56915850872845},"akm2":{"px":-0.021315203877719,"py":-0.014512086253247791,"pz":0.6312974065243486,"ry":10.26476544074103,"rx":-37.79614495636754}}}
execute on vehicle unless entity @s[tag=aj.transforms_only] at @s run function animated_java:akm/animations/reload2/zzz/frames/73_root_function