# This file was generated by Animated Java via MC-Build. It is not recommended to edit this file directly.
$data merge entity $(bone_magazine) {transformation: [0f,0f,0f,-0.0305f,0f,0f,0f,-0.0868f,0f,0f,0f,0.2343f,0f,0f,0f,1f],start_interpolation: 0,interpolation_duration: 2}
$data merge entity $(bone_chamber) {transformation: [0f,0f,0f,-0.0305f,0f,0f,0f,-0.0868f,0f,0f,0f,0.2343f,0f,0f,0f,1f],start_interpolation: 0,interpolation_duration: 2}
$data merge entity $(bone_akm1) {transformation: [0f,0f,0f,-0.0305f,0f,0f,0f,-0.0868f,0f,0f,0f,0.2343f,0f,0f,0f,1f],start_interpolation: 0,interpolation_duration: 2}
$data merge entity $(bone_magazine2) {transformation: [0f,0f,0f,-0.0568f,0f,0f,0f,-0.356f,0f,0f,0f,0.1868f,0f,0f,0f,1f],start_interpolation: 0,interpolation_duration: 2}
$data merge entity $(bone_right_arm) {transformation: [-0.1339f,-0.2813f,0.9502f,-0.1203f,-0.1188f,-0.9474f,-0.2972f,-0.6761f,0.9838f,-0.1527f,0.0934f,0.1636f,0f,0f,0f,1f],start_interpolation: 0,interpolation_duration: 2}
$data merge entity $(bone_forearm) {transformation: [-0.8622f,0.4879f,-0.1364f,0.2441f,-0.2213f,-0.6048f,-0.765f,-0.4305f,-0.4557f,-0.6294f,0.6294f,0.1578f,0f,0f,0f,1f],start_interpolation: 0,interpolation_duration: 2}
$data merge entity $(bone_magazine1) {transformation: [-0.9038f,0.4057f,0.1362f,0.0445f,0.2321f,0.7321f,-0.6405f,-0.4894f,-0.3596f,-0.5472f,-0.7558f,0.1479f,0f,0f,0f,1f],start_interpolation: 0,interpolation_duration: 2}
$data merge entity $(bone_chamber1) {transformation: [-0.9038f,0.4057f,0.1362f,0.0383f,0.2321f,0.7321f,-0.6405f,-0.3567f,-0.3596f,-0.5472f,-0.7558f,0.2494f,0f,0f,0f,1f],start_interpolation: 0,interpolation_duration: 2}
$data merge entity $(bone_akm3) {transformation: [-0.9038f,0.4057f,0.1362f,0.0349f,0.2321f,0.7321f,-0.6405f,-0.3407f,-0.3596f,-0.5472f,-0.7558f,0.2683f,0f,0f,0f,1f],start_interpolation: 0,interpolation_duration: 2}
data modify entity @s data merge value {"cameras":{},"locators":{"akm":{"px":-0.03054739700599809,"py":-0.08676348843694343,"pz":0.23430707064825815,"ry":298.497021716171,"rx":-71.33191789179196},"akm2":{"px":-0.014957302652059051,"py":-0.005878562797595133,"pz":0.6096045911170025,"ry":10.215403883727731,"rx":-39.82764959257299}}}