# This file was generated by Animated Java via MC-Build. It is not recommended to edit this file directly.
$data merge entity $(bone_magazine) {transformation: [0f,0f,0f,0.0176f,0f,0f,0f,-0.2709f,0f,0f,0f,0.3567f,0f,0f,0f,1f],start_interpolation: 0,interpolation_duration: 2}
$data merge entity $(bone_chamber) {transformation: [0f,0f,0f,0.0176f,0f,0f,0f,-0.2709f,0f,0f,0f,0.3567f,0f,0f,0f,1f],start_interpolation: 0,interpolation_duration: 2}
$data merge entity $(bone_akm1) {transformation: [0f,0f,0f,0.0176f,0f,0f,0f,-0.2709f,0f,0f,0f,0.3567f,0f,0f,0f,1f],start_interpolation: 0,interpolation_duration: 2}
$data merge entity $(bone_magazine2) {transformation: [0f,0f,0f,-0.0683f,0f,0f,0f,-0.5074f,0f,0f,0f,0.291f,0f,0f,0f,1f],start_interpolation: 0,interpolation_duration: 2}
$data merge entity $(bone_right_arm) {transformation: [-0.5205f,-0.4453f,0.7286f,-0.1929f,-0.0277f,-0.844f,-0.5357f,-0.8175f,0.8534f,-0.299f,0.4269f,0.2253f,0f,0f,0f,1f],start_interpolation: 0,interpolation_duration: 2}
$data merge entity $(bone_forearm) {transformation: [-0.8922f,0.3967f,-0.2159f,0.2779f,-0.024f,-0.5189f,-0.8545f,-0.4032f,-0.451f,-0.7572f,0.4724f,0.3228f,0f,0f,0f,1f],start_interpolation: 0,interpolation_duration: 2}
$data merge entity $(bone_magazine1) {transformation: [-0.8759f,0.4808f,0.0408f,0.0724f,0.4027f,0.7748f,-0.4874f,-0.4354f,-0.266f,-0.4105f,-0.8722f,0.3106f,0f,0f,0f,1f],start_interpolation: 0,interpolation_duration: 2}
$data merge entity $(bone_chamber1) {transformation: [-0.8759f,0.4808f,0.0408f,0.0836f,0.4027f,0.7748f,-0.4874f,-0.3137f,-0.266f,-0.4105f,-0.8722f,0.4581f,0f,0f,0f,1f],start_interpolation: 0,interpolation_duration: 2}
$data merge entity $(bone_akm3) {transformation: [-0.8759f,0.4808f,0.0408f,0.0836f,0.4027f,0.7748f,-0.4874f,-0.3137f,-0.266f,-0.4105f,-0.8722f,0.4581f,0f,0f,0f,1f],start_interpolation: 0,interpolation_duration: 2}
data modify entity @s data merge value {"cameras":{},"locators":{"akm":{"px":0.017619315277324254,"py":-0.270935876315296,"pz":0.35674144780927314,"ry":303.87805392397075,"rx":-57.56253446859807},"akm2":{"px":0.08233341998517582,"py":-0.05063192355556734,"pz":0.8603789785494251,"ry":2.676733772779613,"rx":-29.1722220857457}}}