# This file was generated by Animated Java via MC-Build. It is not recommended to edit this file directly.
$data merge entity $(bone_magazine) {transformation: [0f,0f,0f,-0.0671f,0f,0f,0f,-0.2343f,0f,0f,0f,0.1876f,0f,0f,0f,1f],start_interpolation: 0,interpolation_duration: 2}
$data merge entity $(bone_chamber) {transformation: [0f,0f,0f,-0.0671f,0f,0f,0f,-0.2343f,0f,0f,0f,0.1876f,0f,0f,0f,1f],start_interpolation: 0,interpolation_duration: 2}
$data merge entity $(bone_akm1) {transformation: [0f,0f,0f,-0.0671f,0f,0f,0f,-0.2343f,0f,0f,0f,0.1876f,0f,0f,0f,1f],start_interpolation: 0,interpolation_duration: 2}
$data merge entity $(bone_magazine2) {transformation: [0f,0f,0f,-0.1177f,0f,0f,0f,-0.4897f,0f,0f,0f,0.146f,0f,0f,0f,1f],start_interpolation: 0,interpolation_duration: 2}
$data merge entity $(bone_right_arm) {transformation: [-0.3721f,-0.3352f,0.8656f,-0.1988f,-0.0517f,-0.9236f,-0.3799f,-0.8155f,0.9268f,-0.1861f,0.3263f,0.1157f,0f,0f,0f,1f],start_interpolation: 0,interpolation_duration: 2}
$data merge entity $(bone_forearm) {transformation: [-0.891f,0.4056f,-0.2039f,0.2637f,-0.0236f,-0.49f,-0.8714f,-0.4068f,-0.4534f,-0.7716f,0.4462f,0.2189f,0f,0f,0f,1f],start_interpolation: 0,interpolation_duration: 2}
$data merge entity $(bone_magazine1) {transformation: [-0.8813f,0.4699f,0.0494f,0.0588f,0.3975f,0.7938f,-0.4604f,-0.4416f,-0.2556f,-0.3861f,-0.8863f,0.2052f,0f,0f,0f,1f],start_interpolation: 0,interpolation_duration: 2}
$data merge entity $(bone_chamber1) {transformation: [-0.8813f,0.4699f,0.0494f,0.0679f,0.3975f,0.7938f,-0.4604f,-0.3243f,-0.2556f,-0.3861f,-0.8863f,0.3563f,0f,0f,0f,1f],start_interpolation: 0,interpolation_duration: 2}
$data merge entity $(bone_akm3) {transformation: [-0.8813f,0.4699f,0.0494f,0.0679f,0.3975f,0.7938f,-0.4604f,-0.3243f,-0.2556f,-0.3861f,-0.8863f,0.3563f,0f,0f,0f,1f],start_interpolation: 0,interpolation_duration: 2}
data modify entity @s data merge value {"cameras":{},"locators":{"akm":{"px":-0.06706589491395283,"py":-0.2343105714501279,"pz":0.1875642034685247,"ry":299.0394118345084,"rx":-67.45673816163696},"akm2":{"px":0.062128164347226136,"py":-0.07342211498658113,"pz":0.7663565033608343,"ry":3.189876442252853,"rx":-27.41144884241973}}}