# This file was generated by Animated Java via MC-Build. It is not recommended to edit this file directly.
$data merge entity $(bone_magazine) {transformation: [0f,0f,0f,-0.022f,0f,0f,0f,-0.2778f,0f,0f,0f,0.2045f,0f,0f,0f,1f],start_interpolation: 0,interpolation_duration: 2}
$data merge entity $(bone_chamber) {transformation: [0f,0f,0f,-0.022f,0f,0f,0f,-0.2778f,0f,0f,0f,0.2045f,0f,0f,0f,1f],start_interpolation: 0,interpolation_duration: 2}
$data merge entity $(bone_akm1) {transformation: [0f,0f,0f,-0.022f,0f,0f,0f,-0.2778f,0f,0f,0f,0.2045f,0f,0f,0f,1f],start_interpolation: 0,interpolation_duration: 2}
$data merge entity $(bone_magazine2) {transformation: [0f,0f,0f,-0.0936f,0f,0f,0f,-0.5244f,0f,0f,0f,0.1504f,0f,0f,0f,1f],start_interpolation: 0,interpolation_duration: 2}
$data merge entity $(bone_right_arm) {transformation: [-0.4582f,-0.4035f,0.792f,-0.2016f,-0.0378f,-0.8814f,-0.4709f,-0.8413f,0.888f,-0.2457f,0.3886f,0.1019f,0f,0f,0f,1f],start_interpolation: 0,interpolation_duration: 2}
$data merge entity $(bone_forearm) {transformation: [-0.8927f,0.3949f,-0.2173f,0.2711f,-0.0138f,-0.5058f,-0.8625f,-0.4065f,-0.4505f,-0.7669f,0.457f,0.2257f,0f,0f,0f,1f],start_interpolation: 0,interpolation_duration: 2}
$data merge entity $(bone_magazine1) {transformation: [-0.8752f,0.4821f,0.0389f,0.0656f,0.4093f,0.7811f,-0.4715f,-0.438f,-0.2577f,-0.3968f,-0.881f,0.213f,0f,0f,0f,1f],start_interpolation: 0,interpolation_duration: 2}
$data merge entity $(bone_chamber1) {transformation: [-0.8752f,0.4821f,0.0389f,0.0771f,0.4093f,0.7811f,-0.4715f,-0.3191f,-0.2577f,-0.3968f,-0.881f,0.3627f,0f,0f,0f,1f],start_interpolation: 0,interpolation_duration: 2}
$data merge entity $(bone_akm3) {transformation: [-0.8752f,0.4821f,0.0389f,0.0771f,0.4093f,0.7811f,-0.4715f,-0.3191f,-0.2577f,-0.3968f,-0.881f,0.3627f,0f,0f,0f,1f],start_interpolation: 0,interpolation_duration: 2}
data modify entity @s data merge value {"cameras":{},"locators":{"akm":{"px":-0.022009147539146942,"py":-0.277771627844311,"pz":0.204503398606344,"ry":301.34222639076125,"rx":-61.807819388364656},"akm2":{"px":0.07686807437144336,"py":-0.06334278328072684,"pz":0.7697504712468342,"ry":2.5252861175114276,"rx":-28.13438713228378}}}