# This file was generated by Animated Java via MC-Build. It is not recommended to edit this file directly.
$data merge entity $(bone_magazine) {transformation: [0f,0f,0f,0.2452f,0f,0f,0f,-0.5676f,0f,0f,0f,0.341f,0f,0f,0f,1f],start_interpolation: -1,interpolation_duration: 0}
$data merge entity $(bone_chamber) {transformation: [0f,0f,0f,0.2452f,0f,0f,0f,-0.5676f,0f,0f,0f,0.341f,0f,0f,0f,1f],start_interpolation: -1,interpolation_duration: 0}
$data merge entity $(bone_akm1) {transformation: [0f,0f,0f,0.2452f,0f,0f,0f,-0.5676f,0f,0f,0f,0.341f,0f,0f,0f,1f],start_interpolation: -1,interpolation_duration: 0}
$data merge entity $(bone_magazine2) {transformation: [-0.5249f,0.3657f,0.0618f,0.1597f,0.2362f,0.4121f,-0.4329f,-0.8096f,-0.2859f,-0.3308f,-0.471f,0.225f,0f,0f,0f,1f],start_interpolation: 0,interpolation_duration: 2}
$data merge entity $(bone_right_arm) {transformation: [-0.8103f,-0.1716f,-0.5603f,0.0864f,0.4698f,-0.7617f,-0.4462f,-1.0516f,-0.3502f,-0.6248f,0.6979f,0.0234f,0f,0f,0f,1f],start_interpolation: 0,interpolation_duration: 2}
$data merge entity $(bone_forearm) {transformation: [-0.8973f,0.3265f,-0.2972f,0.3619f,-0.0085f,-0.6858f,-0.7277f,-0.7099f,-0.4414f,-0.6504f,0.6181f,0.2719f,0f,0f,0f,1f],start_interpolation: 0,interpolation_duration: 2}
$data merge entity $(bone_magazine1) {transformation: [-0.8326f,0.5532f,-0.026f,0.154f,0.4401f,0.6324f,-0.6375f,-0.7215f,-0.3362f,-0.5422f,-0.77f,0.2651f,0f,0f,0f,1f],start_interpolation: -1,interpolation_duration: 0}
$data merge entity $(bone_chamber1) {transformation: [-0.8326f,0.5532f,-0.026f,0.1805f,0.4401f,0.6324f,-0.6375f,-0.5773f,-0.3362f,-0.5422f,-0.77f,0.3883f,0f,0f,0f,1f],start_interpolation: -1,interpolation_duration: 0}
$data merge entity $(bone_akm3) {transformation: [-0.8326f,0.5532f,-0.026f,0.1805f,0.4401f,0.6324f,-0.6375f,-0.5773f,-0.3362f,-0.5422f,-0.77f,0.3883f,0f,0f,0f,1f],start_interpolation: -1,interpolation_duration: 0}
data modify entity @s data merge value {"cameras":{},"locators":{"akm":{"px":0.24515337518507885,"py":-0.5675541551994787,"pz":0.34099402619053876,"ry":344.6434155598051,"rx":-49.615768117477124},"akm2":{"px":0.21404872835047284,"py":-0.24770330643706023,"pz":0.7366646571794643,"ry":358.0658398565707,"rx":-39.60255734221861}}}