# This file was generated by Animated Java via MC-Build. It is not recommended to edit this file directly.
$data merge entity $(bone_magazine) {transformation: [-0.906f,0.4228f,0.0217f,0.0475f,0.3315f,0.7403f,-0.5849f,-0.6835f,-0.2633f,-0.5227f,-0.8108f,0.2272f,0f,0f,0f,1f],start_interpolation: 0,interpolation_duration: 2}
$data merge entity $(bone_chamber) {transformation: [-0.906f,0.4228f,0.0217f,0.0599f,0.3315f,0.7403f,-0.5849f,-0.5449f,-0.2633f,-0.5227f,-0.8108f,0.3588f,0f,0f,0f,1f],start_interpolation: 0,interpolation_duration: 2}
$data merge entity $(bone_akm1) {transformation: [-0.906f,0.4228f,0.0217f,0.0599f,0.3315f,0.7403f,-0.5849f,-0.5449f,-0.2633f,-0.5227f,-0.8108f,0.3588f,0f,0f,0f,1f],start_interpolation: 0,interpolation_duration: 2}
$data merge entity $(bone_magazine2) {transformation: [0.046f,-0.019f,-0.0126f,0.0436f,-0.0147f,-0.0463f,0.0165f,-0.7424f,0.0175f,0.0112f,0.0469f,0.1759f,0f,0f,0f,1f],start_interpolation: 0,interpolation_duration: 2}
$data merge entity $(bone_right_arm) {transformation: [-0.906f,0.0217f,-0.4228f,0.0262f,0.3315f,-0.5849f,-0.7403f,-0.95f,-0.2633f,-0.8108f,0.5227f,-0.0829f,0f,0f,0f,1f],start_interpolation: 0,interpolation_duration: 2}
$data merge entity $(bone_forearm) {transformation: [-0.8265f,0.2815f,-0.4875f,0.3184f,0.2467f,-0.5972f,-0.7632f,-0.7289f,-0.506f,-0.751f,0.4242f,0.2783f,0f,0f,0f,1f],start_interpolation: 0,interpolation_duration: 2}
$data merge entity $(bone_magazine1) {transformation: [0f,0f,0f,0.1601f,0f,0f,0f,-0.5623f,0f,0f,0f,0.4725f,0f,0f,0f,1f],start_interpolation: 0,interpolation_duration: 2}
$data merge entity $(bone_chamber1) {transformation: [0f,0f,0f,0.1601f,0f,0f,0f,-0.5623f,0f,0f,0f,0.4725f,0f,0f,0f,1f],start_interpolation: 0,interpolation_duration: 2}
$data merge entity $(bone_akm3) {transformation: [0f,0f,0f,0.1601f,0f,0f,0f,-0.5623f,0f,0f,0f,0.4725f,0f,0f,0f,1f],start_interpolation: 0,interpolation_duration: 2}
data modify entity @s data merge value {"cameras":{},"locators":{"akm":{"px":0.06563217126618807,"py":-0.236443108662575,"pz":0.727440326455902,"ry":1.5301565416657184,"rx":-35.79281522101387},"akm2":{"px":0.1600863632626323,"py":-0.562327310751809,"pz":0.4725454921201368,"ry":354.3131708563493,"rx":-30.736412545656936}}}