# This file was generated by Animated Java via MC-Build. It is not recommended to edit this file directly.
$data merge entity $(bone_magazine) {transformation: [0f,0f,0f,0.0569f,0f,0f,0f,-0.4454f,0f,0f,0f,0.3665f,0f,0f,0f,1f],start_interpolation: 0,interpolation_duration: 2}
$data merge entity $(bone_chamber) {transformation: [0f,0f,0f,0.0569f,0f,0f,0f,-0.4454f,0f,0f,0f,0.3665f,0f,0f,0f,1f],start_interpolation: 0,interpolation_duration: 2}
$data merge entity $(bone_akm1) {transformation: [0f,0f,0f,0.0569f,0f,0f,0f,-0.4454f,0f,0f,0f,0.3665f,0f,0f,0f,1f],start_interpolation: 0,interpolation_duration: 2}
$data merge entity $(bone_magazine2) {transformation: [0f,0f,0f,-0.0553f,0f,0f,0f,-0.6276f,0f,0f,0f,0.2229f,0f,0f,0f,1f],start_interpolation: 0,interpolation_duration: 2}
$data merge entity $(bone_right_arm) {transformation: [-0.7792f,-0.5f,0.378f,-0.2185f,0.006f,-0.609f,-0.7932f,-0.8733f,0.6268f,-0.6157f,0.4775f,0.0482f,0f,0f,0f,1f],start_interpolation: 0,interpolation_duration: 2}
$data merge entity $(bone_forearm) {transformation: [-0.8133f,0.3115f,-0.4914f,0.2573f,0.3588f,-0.3964f,-0.8451f,-0.4952f,-0.458f,-0.8637f,0.2106f,0.2469f,0f,0f,0f,1f],start_interpolation: 0,interpolation_duration: 2}
$data merge entity $(bone_magazine1) {transformation: [-0.9416f,0.2081f,-0.2648f,0.0232f,0.3163f,0.8164f,-0.4832f,-0.5171f,0.1157f,-0.5388f,-0.8345f,0.2584f,0f,0f,0f,1f],start_interpolation: 0,interpolation_duration: 2}
$data merge entity $(bone_chamber1) {transformation: [-0.9416f,0.2081f,-0.2648f,0.081f,0.3163f,0.8164f,-0.4832f,-0.3946f,0.1157f,-0.5388f,-0.8345f,0.3938f,0f,0f,0f,1f],start_interpolation: 0,interpolation_duration: 2}
$data merge entity $(bone_akm3) {transformation: [-0.9416f,0.2081f,-0.2648f,0.081f,0.3163f,0.8164f,-0.4832f,-0.3946f,0.1157f,-0.5388f,-0.8345f,0.3938f,0f,0f,0f,1f],start_interpolation: 0,interpolation_duration: 2}
data modify entity @s data merge value {"cameras":{},"locators":{"akm":{"px":0.056906526665065134,"py":-0.44538855591355336,"pz":0.3665176809491554,"ry":320.92037243251815,"rx":-37.516818741689605},"akm2":{"px":0.21582501750440666,"py":-0.13191403572400384,"pz":0.7731507344188726,"ry":342.3920538795728,"rx":-28.895664892879548}}}