# This file was generated by Animated Java via MC-Build. It is not recommended to edit this file directly.
$data merge entity $(bone_magazine) {transformation: [0f,0f,0f,0.0409f,0f,0f,0f,-0.4862f,0f,0f,0f,0.4107f,0f,0f,0f,1f],start_interpolation: 0,interpolation_duration: 2}
$data merge entity $(bone_chamber) {transformation: [0f,0f,0f,0.0409f,0f,0f,0f,-0.4862f,0f,0f,0f,0.4107f,0f,0f,0f,1f],start_interpolation: 0,interpolation_duration: 2}
$data merge entity $(bone_akm1) {transformation: [0f,0f,0f,0.0409f,0f,0f,0f,-0.4862f,0f,0f,0f,0.4107f,0f,0f,0f,1f],start_interpolation: 0,interpolation_duration: 2}
$data merge entity $(bone_magazine2) {transformation: [0f,0f,0f,-0.066f,0f,0f,0f,-0.6474f,0f,0f,0f,0.242f,0f,0f,0f,1f],start_interpolation: 0,interpolation_duration: 2}
$data merge entity $(bone_right_arm) {transformation: [-0.8398f,-0.4658f,0.279f,-0.2232f,0.0084f,-0.525f,-0.8511f,-0.869f,0.5429f,-0.7124f,0.4448f,0.0311f,0f,0f,0f,1f],start_interpolation: 0,interpolation_duration: 2}
$data merge entity $(bone_forearm) {transformation: [-0.7278f,0.3146f,-0.6094f,0.2302f,0.4977f,-0.3691f,-0.7849f,-0.5278f,-0.4718f,-0.8745f,0.112f,0.2551f,0f,0f,0f,1f],start_interpolation: 0,interpolation_duration: 2}
$data merge entity $(bone_magazine1) {transformation: [-0.9306f,0.157f,-0.3306f,-0.0104f,0.2963f,0.8535f,-0.4288f,-0.5302f,0.2148f,-0.497f,-0.8408f,0.2626f,0f,0f,0f,1f],start_interpolation: 0,interpolation_duration: 2}
$data merge entity $(bone_chamber1) {transformation: [-0.9306f,0.157f,-0.3306f,0.0577f,0.2963f,0.8535f,-0.4288f,-0.4165f,0.2148f,-0.497f,-0.8408f,0.4009f,0f,0f,0f,1f],start_interpolation: 0,interpolation_duration: 2}
$data merge entity $(bone_akm3) {transformation: [-0.9306f,0.157f,-0.3306f,0.0577f,0.2963f,0.8535f,-0.4288f,-0.4165f,0.2148f,-0.497f,-0.8408f,0.4009f,0f,0f,0f,1f],start_interpolation: 0,interpolation_duration: 2}
data modify entity @s data merge value {"cameras":{},"locators":{"akm":{"px":0.040872375187513924,"py":-0.4862290427318825,"pz":0.41068855859238584,"ry":326.8197177958467,"rx":-31.665199873199708},"akm2":{"px":0.22210947355986405,"py":-0.17852614774472567,"pz":0.7848216693538619,"ry":338.5354719395952,"rx":-25.38872302723044}}}