# This file was generated by Animated Java via MC-Build. It is not recommended to edit this file directly.
$data merge entity $(bone_magazine) {transformation: [0f,0f,0f,0.0128f,0f,0f,0f,-0.4589f,0f,0f,0f,0.3542f,0f,0f,0f,1f],start_interpolation: 0,interpolation_duration: 2}
$data merge entity $(bone_chamber) {transformation: [0f,0f,0f,0.0128f,0f,0f,0f,-0.4589f,0f,0f,0f,0.3542f,0f,0f,0f,1f],start_interpolation: 0,interpolation_duration: 2}
$data merge entity $(bone_akm1) {transformation: [0f,0f,0f,0.0128f,0f,0f,0f,-0.4589f,0f,0f,0f,0.3542f,0f,0f,0f,1f],start_interpolation: 0,interpolation_duration: 2}
$data merge entity $(bone_magazine2) {transformation: [0f,0f,0f,-0.0835f,0f,0f,0f,-0.5983f,0f,0f,0f,0.163f,0f,0f,0f,1f],start_interpolation: 0,interpolation_duration: 2}
$data merge entity $(bone_right_arm) {transformation: [-0.8893f,-0.4132f,0.1959f,-0.2276f,0.0064f,-0.4396f,-0.8982f,-0.795f,0.4572f,-0.7975f,0.3936f,-0.0813f,0f,0f,0f,1f],start_interpolation: 0,interpolation_duration: 2}
$data merge entity $(bone_forearm) {transformation: [-0.6105f,0.3391f,-0.7158f,0.1939f,0.617f,-0.3631f,-0.6982f,-0.4941f,-0.4966f,-0.8679f,0.0124f,0.1709f,0f,0f,0f,1f],start_interpolation: 0,interpolation_duration: 2}
$data merge entity $(bone_magazine1) {transformation: [-0.9215f,0.1313f,-0.3656f,-0.0498f,0.2705f,0.8924f,-0.3613f,-0.4708f,0.2788f,-0.4318f,-0.8578f,0.1675f,0f,0f,0f,1f],start_interpolation: 0,interpolation_duration: 2}
$data merge entity $(bone_chamber1) {transformation: [-0.9215f,0.1313f,-0.3656f,0.0239f,0.2705f,0.8924f,-0.3613f,-0.3682f,0.2788f,-0.4318f,-0.8578f,0.3114f,0f,0f,0f,1f],start_interpolation: 0,interpolation_duration: 2}
$data merge entity $(bone_akm3) {transformation: [-0.9215f,0.1313f,-0.3656f,0.0239f,0.2705f,0.8924f,-0.3613f,-0.3682f,0.2788f,-0.4318f,-0.8578f,0.3114f,0f,0f,0f,1f],start_interpolation: 0,interpolation_duration: 2}
data modify entity @s data merge value {"cameras":{},"locators":{"akm":{"px":0.012778348825460948,"py":-0.45894441241282496,"pz":0.35415627232279856,"ry":332.61062952512157,"rx":-26.080383942385957},"akm2":{"px":0.2041104594896188,"py":-0.16107972118054636,"pz":0.7060345350771124,"ry":336.9171196322027,"rx":-21.178473080019153}}}