# This file was generated by Animated Java via MC-Build. It is not recommended to edit this file directly.
$data merge entity $(bone_magazine) {transformation: [0f,0f,0f,-0.1468f,0f,0f,0f,-0.4366f,0f,0f,0f,0.3932f,0f,0f,0f,1f],start_interpolation: 0,interpolation_duration: 2}
$data merge entity $(bone_chamber) {transformation: [0f,0f,0f,-0.1468f,0f,0f,0f,-0.4366f,0f,0f,0f,0.3932f,0f,0f,0f,1f],start_interpolation: 0,interpolation_duration: 2}
$data merge entity $(bone_akm1) {transformation: [0f,0f,0f,-0.1468f,0f,0f,0f,-0.4366f,0f,0f,0f,0.3932f,0f,0f,0f,1f],start_interpolation: 0,interpolation_duration: 2}
$data merge entity $(bone_magazine2) {transformation: [0f,0f,0f,-0.1841f,0f,0f,0f,-0.4975f,0f,0f,0f,0.1527f,0f,0f,0f,1f],start_interpolation: 0,interpolation_duration: 2}
$data merge entity $(bone_right_arm) {transformation: [-0.9861f,-0.157f,0.0537f,-0.248f,-0.0316f,-0.1399f,-0.9897f,-0.6026f,0.1629f,-0.9776f,0.133f,-0.1747f,0f,0f,0f,1f],start_interpolation: 0,interpolation_duration: 2}
$data merge entity $(bone_forearm) {transformation: [-0.0673f,0.5226f,-0.85f,0.028f,0.747f,-0.5384f,-0.3901f,-0.6093f,-0.6615f,-0.6611f,-0.3541f,0.3011f,0f,0f,0f,1f],start_interpolation: 0,interpolation_duration: 2}
$data merge entity $(bone_magazine1) {transformation: [-0.9785f,0.0476f,-0.2006f,-0.1794f,0.0736f,0.9895f,-0.1245f,-0.4736f,0.1925f,-0.1366f,-0.9717f,0.205f,0f,0f,0f,1f],start_interpolation: 0,interpolation_duration: 2}
$data merge entity $(bone_chamber1) {transformation: [-0.9785f,0.0476f,-0.2006f,-0.14f,0.0736f,0.9895f,-0.1245f,-0.4116f,0.1925f,-0.1366f,-0.9717f,0.3818f,0f,0f,0f,1f],start_interpolation: 0,interpolation_duration: 2}
$data merge entity $(bone_akm3) {transformation: [-0.9785f,0.0476f,-0.2006f,-0.14f,0.0736f,0.9895f,-0.1245f,-0.4116f,0.1925f,-0.1366f,-0.9717f,0.3818f,0f,0f,0f,1f],start_interpolation: 0,interpolation_duration: 2}
data modify entity @s data merge value {"cameras":{},"locators":{"akm":{"px":-0.1468449255354471,"py":-0.43662711215699956,"pz":0.3932151479536883,"ry":350.87600508004357,"rx":-8.04261515132325},"akm2":{"px":-0.042046065349023096,"py":-0.3141810379185489,"pz":0.8422697914573056,"ry":348.3385336696573,"rx":-7.154708660328852}}}