# This file was generated by Animated Java via MC-Build. It is not recommended to edit this file directly.
$data merge entity $(bone_magazine) {transformation: [-0.8776f,0.4795f,0.001f,0.0888f,0.3716f,0.6814f,-0.6305f,-0.7091f,-0.303f,-0.553f,-0.7762f,0.2326f,0f,0f,0f,1f],start_interpolation: 0,interpolation_duration: 2}
$data merge entity $(bone_chamber) {transformation: [-0.8776f,0.4795f,0.001f,0.1074f,0.3716f,0.6814f,-0.6305f,-0.5642f,-0.303f,-0.553f,-0.7762f,0.3565f,0f,0f,0f,1f],start_interpolation: 0,interpolation_duration: 2}
$data merge entity $(bone_akm1) {transformation: [-0.8776f,0.4795f,0.001f,0.1074f,0.3716f,0.6814f,-0.6305f,-0.5642f,-0.303f,-0.553f,-0.7762f,0.3565f,0f,0f,0f,1f],start_interpolation: 0,interpolation_duration: 2}
$data merge entity $(bone_magazine2) {transformation: [0.0512f,-0.0256f,-0.0144f,0.0806f,-0.0186f,-0.0506f,0.0241f,-0.7745f,0.0228f,0.0163f,0.0519f,0.1855f,0f,0f,0f,1f],start_interpolation: 0,interpolation_duration: 2}
$data merge entity $(bone_right_arm) {transformation: [-0.8776f,0.001f,-0.4795f,0.0571f,0.3716f,-0.6305f,-0.6814f,-0.9911f,-0.303f,-0.7762f,0.553f,-0.0625f,0f,0f,0f,1f],start_interpolation: 0,interpolation_duration: 2}
$data merge entity $(bone_forearm) {transformation: [-0.8705f,0.2933f,-0.3951f,0.3408f,0.1249f,-0.645f,-0.7539f,-0.7271f,-0.476f,-0.7057f,0.5249f,0.2716f,0f,0f,0f,1f],start_interpolation: 0,interpolation_duration: 2}
$data merge entity $(bone_magazine1) {transformation: [0f,0f,0f,0.1674f,0f,0f,0f,-0.5678f,0f,0f,0f,0.4138f,0f,0f,0f,1f],start_interpolation: 0,interpolation_duration: 2}
$data merge entity $(bone_chamber1) {transformation: [0f,0f,0f,0.1674f,0f,0f,0f,-0.5678f,0f,0f,0f,0.4138f,0f,0f,0f,1f],start_interpolation: 0,interpolation_duration: 2}
$data merge entity $(bone_akm3) {transformation: [0f,0f,0f,0.1674f,0f,0f,0f,-0.5678f,0f,0f,0f,0.4138f,0f,0f,0f,1f],start_interpolation: 0,interpolation_duration: 2}
data modify entity @s data merge value {"cameras":{},"locators":{"akm":{"px":0.12515989402109864,"py":-0.23611555284888602,"pz":0.7073645200419935,"ry":0.07512444518150119,"rx":-39.09038189964114},"akm2":{"px":0.16735848648084464,"py":-0.567759126193526,"pz":0.41377470539933797,"ry":354.1164610895201,"rx":-37.02479379945683}}}