# This file was generated by Animated Java via MC-Build. It is not recommended to edit this file directly.
$data merge entity $(bone_magazine) {transformation: [-0.867f,0.4956f,-0.0529f,0.1558f,0.3978f,0.6243f,-0.6723f,-0.7237f,-0.3002f,-0.6039f,-0.7384f,0.3586f,0f,0f,0f,1f],start_interpolation: 0,interpolation_duration: 1}
$data merge entity $(bone_chamber) {transformation: [-0.867f,0.4956f,-0.0529f,0.1851f,0.3978f,0.6243f,-0.6723f,-0.5733f,-0.3002f,-0.6039f,-0.7384f,0.4734f,0f,0f,0f,1f],start_interpolation: 0,interpolation_duration: 1}
$data merge entity $(bone_akm1) {transformation: [-0.867f,0.4956f,-0.0529f,0.1851f,0.3978f,0.6243f,-0.6723f,-0.5733f,-0.3002f,-0.6039f,-0.7384f,0.4734f,0f,0f,0f,1f],start_interpolation: 0,interpolation_duration: 1}
$data merge entity $(bone_magazine2) {transformation: [0f,0f,0f,0.134f,0f,0f,0f,-0.8135f,0f,0f,0f,0.2985f,0f,0f,0f,1f],start_interpolation: 0,interpolation_duration: 1}
$data merge entity $(bone_right_arm) {transformation: [-0.8287f,-0.0615f,-0.5563f,0.0938f,0.4413f,-0.6831f,-0.5819f,-1.0357f,-0.3442f,-0.7277f,0.5933f,0.0641f,0f,0f,0f,1f],start_interpolation: 0,interpolation_duration: 1}
$data merge entity $(bone_forearm) {transformation: [-0.9024f,0.3248f,-0.2831f,0.363f,-0.0407f,-0.7184f,-0.6944f,-0.71f,-0.4289f,-0.6151f,0.6616f,0.3606f,0f,0f,0f,1f],start_interpolation: 0,interpolation_duration: 1}
$data merge entity $(bone_magazine1) {transformation: [-0.8395f,0.5409f,-0.0516f,0.151f,0.4313f,0.6056f,-0.6687f,-0.7216f,-0.3305f,-0.5837f,-0.7417f,0.3554f,0f,0f,0f,1f],start_interpolation: -1,interpolation_duration: 0}
$data merge entity $(bone_chamber1) {transformation: [-0.8395f,0.5409f,-0.0516f,0.1818f,0.4313f,0.6056f,-0.6687f,-0.5726f,-0.3305f,-0.5837f,-0.7417f,0.4717f,0f,0f,0f,1f],start_interpolation: 0,interpolation_duration: 1}
$data merge entity $(bone_akm3) {transformation: [-0.8395f,0.5409f,-0.0516f,0.1818f,0.4313f,0.6056f,-0.6687f,-0.5726f,-0.3305f,-0.5837f,-0.7417f,0.4717f,0f,0f,0f,1f],start_interpolation: 0,interpolation_duration: 1}
data modify entity @s data merge value {"cameras":{},"locators":{"akm":{"px":0.2292883445621341,"py":-0.22731522544251487,"pz":0.8042265954698962,"ry":355.90369205935417,"rx":-42.24762626712278},"akm2":{"px":0.2271676197252981,"py":-0.2290355016937577,"pz":0.8049052966814971,"ry":356.02064405811143,"rx":-41.970165775048514}}}
execute on vehicle unless entity @s[tag=aj.transforms_only] at @s run function animated_java:akm/animations/reload2/zzz/frames/9_root_function