# This file was generated by Animated Java via MC-Build. It is not recommended to edit this file directly.
$data merge entity $(bone_magazine) {transformation: [-0.8287f,0.5563f,-0.0615f,0.1537f,0.4413f,0.5819f,-0.6831f,-0.7375f,-0.3442f,-0.5933f,-0.7277f,0.2445f,0f,0f,0f,1f],start_interpolation: 0,interpolation_duration: 2}
$data merge entity $(bone_chamber) {transformation: [-0.8287f,0.5563f,-0.0615f,0.187f,0.4413f,0.5819f,-0.6831f,-0.5867f,-0.3442f,-0.5933f,-0.7277f,0.3578f,0f,0f,0f,1f],start_interpolation: 0,interpolation_duration: 2}
$data merge entity $(bone_akm1) {transformation: [-0.8287f,0.5563f,-0.0615f,0.187f,0.4413f,0.5819f,-0.6831f,-0.5867f,-0.3442f,-0.5933f,-0.7277f,0.3578f,0f,0f,0f,1f],start_interpolation: 0,interpolation_duration: 2}
$data merge entity $(bone_magazine2) {transformation: [-0.4745f,0.3081f,0.1177f,0.134f,0.2082f,0.4399f,-0.3116f,-0.8135f,-0.2557f,-0.2134f,-0.4722f,0.2048f,0f,0f,0f,1f],start_interpolation: 0,interpolation_duration: 2}
$data merge entity $(bone_right_arm) {transformation: [-0.8287f,-0.0615f,-0.5563f,0.0938f,0.4413f,-0.6831f,-0.5819f,-1.0357f,-0.3442f,-0.7277f,0.5933f,-0.0296f,0f,0f,0f,1f],start_interpolation: 0,interpolation_duration: 2}
$data merge entity $(bone_forearm) {transformation: [-0.9024f,0.3248f,-0.2831f,0.363f,-0.0407f,-0.7184f,-0.6944f,-0.71f,-0.4289f,-0.6151f,0.6616f,0.2669f,0f,0f,0f,1f],start_interpolation: 0,interpolation_duration: 2}
$data merge entity $(bone_magazine1) {transformation: [0f,0f,0f,0.1552f,0f,0f,0f,-0.7237f,0f,0f,0f,0.2634f,0f,0f,0f,1f],start_interpolation: 0,interpolation_duration: 2}
$data merge entity $(bone_chamber1) {transformation: [-0.8406f,0.5409f,-0.0296f,0.1818f,0.4136f,0.6056f,-0.6798f,-0.5726f,-0.3498f,-0.5837f,-0.7328f,0.378f,0f,0f,0f,1f],start_interpolation: 0,interpolation_duration: 2}
$data merge entity $(bone_akm3) {transformation: [-0.8406f,0.5409f,-0.0296f,0.1818f,0.4136f,0.6056f,-0.6798f,-0.5726f,-0.3498f,-0.5837f,-0.7328f,0.378f,0f,0f,0f,1f],start_interpolation: 0,interpolation_duration: 2}
data modify entity @s data merge value {"cameras":{},"locators":{"akm":{"px":0.23768094035095216,"py":-0.23719917561551562,"pz":0.6838777886192844,"ry":355.1678001092439,"rx":-43.08859968036211},"akm2":{"px":0.21662832554781605,"py":-0.2237353974457637,"pz":0.7068883048207729,"ry":357.6867051920482,"rx":-42.82832909509854}}}