# This file was generated by Animated Java via MC-Build. It is not recommended to edit this file directly.
$data merge entity $(bone_magazine) {transformation: [0f,0f,0f,-0.117f,0f,0f,0f,-0.4544f,0f,0f,0f,0.4085f,0f,0f,0f,1f],start_interpolation: 0,interpolation_duration: 2}
$data merge entity $(bone_chamber) {transformation: [0f,0f,0f,-0.117f,0f,0f,0f,-0.4544f,0f,0f,0f,0.4085f,0f,0f,0f,1f],start_interpolation: 0,interpolation_duration: 2}
$data merge entity $(bone_akm1) {transformation: [0f,0f,0f,-0.117f,0f,0f,0f,-0.4544f,0f,0f,0f,0.4085f,0f,0f,0f,1f],start_interpolation: 0,interpolation_duration: 2}
$data merge entity $(bone_magazine2) {transformation: [0f,0f,0f,-0.1663f,0f,0f,0f,-0.5297f,0f,0f,0f,0.1736f,0f,0f,0f,1f],start_interpolation: 0,interpolation_duration: 2}
$data merge entity $(bone_right_arm) {transformation: [-0.9763f,-0.2073f,0.0625f,-0.2472f,-0.0214f,-0.195f,-0.9806f,-0.6522f,0.2155f,-0.9586f,0.1859f,-0.143f,0f,0f,0f,1f],start_interpolation: 0,interpolation_duration: 2}
$data merge entity $(bone_forearm) {transformation: [-0.2135f,0.465f,-0.8592f,0.0756f,0.7593f,-0.4743f,-0.4454f,-0.6016f,-0.6147f,-0.7475f,-0.2518f,0.2953f,0f,0f,0f,1f],start_interpolation: 0,interpolation_duration: 2}
$data merge entity $(bone_magazine1) {transformation: [-0.9514f,0.0985f,-0.2916f,-0.1495f,0.1586f,0.9689f,-0.1901f,-0.4965f,0.2638f,-0.2272f,-0.9374f,0.2309f,0f,0f,0f,1f],start_interpolation: 0,interpolation_duration: 2}
$data merge entity $(bone_chamber1) {transformation: [-0.9514f,0.0985f,-0.2916f,-0.0909f,0.1586f,0.9689f,-0.1901f,-0.4231f,0.2638f,-0.2272f,-0.9374f,0.3978f,0f,0f,0f,1f],start_interpolation: 0,interpolation_duration: 2}
$data merge entity $(bone_akm3) {transformation: [-0.9514f,0.0985f,-0.2916f,-0.0909f,0.1586f,0.9689f,-0.1901f,-0.4231f,0.2638f,-0.2272f,-0.9374f,0.3978f,0f,0f,0f,1f],start_interpolation: 0,interpolation_duration: 2}
data modify entity @s data merge value {"cameras":{},"locators":{"akm":{"px":-0.11697952647115617,"py":-0.4543814258274476,"pz":0.4085477279793938,"ry":347.79640026509946,"rx":-11.244233184020738},"akm2":{"px":0.052566891680361244,"py":-0.29504108813595065,"pz":0.83836360680538,"ry":342.7192033734044,"rx":-10.960263116303047}}}