# This file was generated by Animated Java via MC-Build. It is not recommended to edit this file directly.
$data merge entity $(bone_shotgun_shell) {transformation: [0f,0f,0f,-0.1661f,0f,0f,0f,-0.6124f,0f,0f,0f,0.5969f,0f,0f,0f,1f],start_interpolation: 0,interpolation_duration: 1}
$data merge entity $(bone_clock) {transformation: [0.999f,-0.0436f,0f,-0.1979f,-0.0436f,-0.999f,0f,-0.6292f,0f,0f,-1f,0.9063f,0f,0f,0f,1f],start_interpolation: 0,interpolation_duration: 1}
$data merge entity $(bone_barrel1) {transformation: [0.999f,-0.0436f,0f,-0.1992f,-0.0436f,-0.999f,0f,-0.6604f,0f,0f,-1f,0.6719f,0f,0f,0f,1f],start_interpolation: 0,interpolation_duration: 1}
$data merge entity $(bone_trigger) {transformation: [0.999f,-0.0436f,0f,-0.1673f,-0.0436f,-0.999f,0f,-0.6453f,0f,0f,-1f,0.4961f,0f,0f,0f,1f],start_interpolation: 0,interpolation_duration: 1}
$data merge entity $(bone_trigger_part) {transformation: [0.999f,-0.0436f,0f,-0.1669f,-0.0436f,-0.999f,0f,-0.6368f,0f,0f,-1f,0.5156f,0f,0f,0f,1f],start_interpolation: 0,interpolation_duration: 1}
$data merge entity $(bone_chrome_shotgun) {transformation: [0.999f,-0.0436f,0f,-0.1843f,-0.0436f,-0.999f,0f,-0.6767f,0f,0f,-1f,0.5313f,0f,0f,0f,1f],start_interpolation: 0,interpolation_duration: 1}
$data merge entity $(bone_shotgun_shell1) {transformation: [0f,0f,0f,-0.1631f,0f,0f,0f,-0.5373f,0f,0f,0f,0.0513f,0f,0f,0f,1f],start_interpolation: 0,interpolation_duration: 1}
$data merge entity $(bone_right_arm) {transformation: [-0.9877f,-0.069f,-0.1405f,-0.2532f,0.0864f,0.5079f,-0.857f,-0.3884f,0.1305f,-0.8586f,-0.4957f,-0.25f,0f,0f,0f,1f],start_interpolation: 0,interpolation_duration: 1}
$data merge entity $(bone_left_arm) {transformation: [-0.8097f,0.5039f,-0.3008f,-0.0185f,0.3715f,0.0434f,-0.9274f,-0.754f,-0.4542f,-0.8627f,-0.2223f,0.75f,0f,0f,0f,1f],start_interpolation: 0,interpolation_duration: 1}
data modify entity @s data merge value {"cameras":{},"locators":{"barrel":{"px":-0.17019000827907094,"py":-0.7117482833856357,"pz":1.1875,"ry":0,"rx":1.907119872174589e-14}}}
execute on vehicle unless entity @s[tag=aj.transforms_only] at @s run function animated_java:chrome_shotgun/animations/reload_load1/zzz/frames/10_root_function