# This file was generated by Animated Java via MC-Build. It is not recommended to edit this file directly.
$data merge entity $(bone_shotgun_shell) {transformation: [0f,0f,0f,-0.1661f,0f,0f,0f,-0.3624f,0f,0f,0f,0.3156f,0f,0f,0f,1f],start_interpolation: 0,interpolation_duration: 1}
$data merge entity $(bone_clock) {transformation: [0.999f,-0.0436f,0f,-0.1979f,-0.0436f,-0.999f,0f,-0.3792f,0f,0f,-1f,0.625f,0f,0f,0f,1f],start_interpolation: 0,interpolation_duration: 1}
$data merge entity $(bone_barrel1) {transformation: [0.999f,-0.0436f,0f,-0.1992f,-0.0436f,-0.999f,0f,-0.4104f,0f,0f,-1f,0.3906f,0f,0f,0f,1f],start_interpolation: 0,interpolation_duration: 1}
$data merge entity $(bone_trigger) {transformation: [0.999f,-0.0436f,0f,-0.1673f,-0.0436f,-0.999f,0f,-0.3953f,0f,0f,-1f,0.2149f,0f,0f,0f,1f],start_interpolation: 0,interpolation_duration: 1}
$data merge entity $(bone_trigger_part) {transformation: [0.999f,-0.0436f,0f,-0.1669f,-0.0436f,-0.999f,0f,-0.3868f,0f,0f,-1f,0.2344f,0f,0f,0f,1f],start_interpolation: 0,interpolation_duration: 1}
$data merge entity $(bone_chrome_shotgun) {transformation: [0.999f,-0.0436f,0f,-0.1843f,-0.0436f,-0.999f,0f,-0.4267f,0f,0f,-1f,0.25f,0f,0f,0f,1f],start_interpolation: 0,interpolation_duration: 1}
$data merge entity $(bone_shotgun_shell1) {transformation: [0f,0f,0f,-0.1631f,0f,0f,0f,-0.2873f,0f,0f,0f,-0.2299f,0f,0f,0f,1f],start_interpolation: 0,interpolation_duration: 1}
$data merge entity $(bone_right_arm) {transformation: [-0.9877f,-0.069f,-0.1405f,-0.2532f,0.0864f,0.5079f,-0.857f,-0.1384f,0.1305f,-0.8586f,-0.4957f,-0.5312f,0f,0f,0f,1f],start_interpolation: 0,interpolation_duration: 1}
$data merge entity $(bone_left_arm) {transformation: [-0.8097f,0.5039f,-0.3008f,-0.0185f,0.3715f,0.0434f,-0.9274f,-0.504f,-0.4542f,-0.8627f,-0.2223f,0.4687f,0f,0f,0f,1f],start_interpolation: 0,interpolation_duration: 1}
data modify entity @s data merge value {"cameras":{},"locators":{"barrel":{"px":-0.17019000827907088,"py":-0.46174828338563567,"pz":0.9062499999999998,"ry":0,"rx":1.907119872174589e-14}}}
execute on vehicle unless entity @s[tag=aj.transforms_only] at @s run function animated_java:chrome_shotgun/animations/reload_load1/zzz/frames/10_root_function