# This file was generated by Animated Java via MC-Build. It is not recommended to edit this file directly.
$data merge entity $(bone_shotgun_shell) {transformation: [0f,0f,0f,-0.1793f,0f,0f,0f,-0.3532f,0f,0f,0f,0.3783f,0f,0f,0f,1f],start_interpolation: 0,interpolation_duration: 1}
$data merge entity $(bone_clock) {transformation: [0.9962f,0.0874f,0.0005f,-0.2088f,0.0874f,-0.9962f,0.003f,-0.375f,0.0007f,-0.003f,-1f,0.6876f,0f,0f,0f,1f],start_interpolation: 0,interpolation_duration: 1}
$data merge entity $(bone_barrel1) {transformation: [0.9962f,0.0874f,0.0005f,-0.2059f,0.0874f,-0.9962f,0.003f,-0.4054f,0.0007f,-0.003f,-1f,0.4532f,0f,0f,0f,1f],start_interpolation: 0,interpolation_duration: 1}
$data merge entity $(bone_trigger) {transformation: [0.9962f,0.0874f,0.0005f,-0.1762f,0.0874f,-0.9962f,0.003f,-0.3856f,0.0007f,-0.003f,-1f,0.2775f,0f,0f,0f,1f],start_interpolation: 0,interpolation_duration: 1}
$data merge entity $(bone_trigger_part) {transformation: [0.9962f,0.0874f,0.0005f,-0.1769f,0.0874f,-0.9962f,0.003f,-0.3773f,0.0007f,-0.003f,-1f,0.297f,0f,0f,0f,1f],start_interpolation: 0,interpolation_duration: 1}
$data merge entity $(bone_chrome_shotgun) {transformation: [0.9962f,0.0874f,0.0005f,-0.1889f,0.0874f,-0.9962f,0.003f,-0.4191f,0.0007f,-0.003f,-1f,0.3125f,0f,0f,0f,1f],start_interpolation: 0,interpolation_duration: 1}
$data merge entity $(bone_shotgun_shell1) {transformation: [-0.983f,0.0949f,0.1572f,-0.1881f,0.1387f,-0.1769f,0.9744f,-0.3448f,0.1203f,0.9796f,0.1607f,0.1633f,0f,0f,0f,1f],start_interpolation: 0,interpolation_duration: 1}
$data merge entity $(bone_right_arm) {transformation: [-0.983f,-0.0949f,-0.1572f,-0.2873f,0.1387f,0.1769f,-0.9744f,-0.3094f,0.1203f,-0.9796f,-0.1607f,-0.1684f,0f,0f,0f,1f],start_interpolation: 0,interpolation_duration: 1}
$data merge entity $(bone_left_arm) {transformation: [-0.8511f,0.4943f,-0.1769f,-0.0146f,0.2639f,0.1115f,-0.9581f,-0.4747f,-0.4538f,-0.8621f,-0.2253f,0.5312f,0f,0f,0f,1f],start_interpolation: 0,interpolation_duration: 1}
data modify entity @s data merge value {"cameras":{},"locators":{"barrel":{"px":-0.17066136794884154,"py":-0.45401238558621,"pz":0.968673373562472,"ry":0.026684976003082284,"rx":0.17362165113046996}}}