# This file was generated by Animated Java via MC-Build. It is not recommended to edit this file directly.
$data merge entity $(bone_shotgun_shell) {transformation: [0f,0f,0f,-0.1207f,0f,0f,0f,-0.486f,0f,0f,0f,0.3159f,0f,0f,0f,1f],start_interpolation: 0,interpolation_duration: 1}
$data merge entity $(bone_clock) {transformation: [0.9914f,0.1308f,0.0004f,-0.1492f,0.1308f,-0.9914f,0.0041f,-0.5093f,0.001f,-0.004f,-1f,0.6252f,0f,0f,0f,1f],start_interpolation: 0,interpolation_duration: 1}
$data merge entity $(bone_barrel1) {transformation: [0.9914f,0.1308f,0.0004f,-0.145f,0.1308f,-0.9914f,0.0041f,-0.5393f,0.001f,-0.004f,-1f,0.3907f,0f,0f,0f,1f],start_interpolation: 0,interpolation_duration: 1}
$data merge entity $(bone_trigger) {transformation: [0.9914f,0.1308f,0.0004f,-0.1161f,0.1308f,-0.9914f,0.0041f,-0.5181f,0.001f,-0.004f,-1f,0.2151f,0f,0f,0f,1f],start_interpolation: 0,interpolation_duration: 1}
$data merge entity $(bone_trigger_part) {transformation: [0.9914f,0.1308f,0.0004f,-0.1172f,0.1308f,-0.9914f,0.0041f,-0.5098f,0.001f,-0.004f,-1f,0.2346f,0f,0f,0f,1f],start_interpolation: 0,interpolation_duration: 1}
$data merge entity $(bone_chrome_shotgun) {transformation: [0.9914f,0.1308f,0.0004f,-0.1274f,0.1308f,-0.9914f,0.0041f,-0.5522f,0.001f,-0.004f,-1f,0.25f,0f,0f,0f,1f],start_interpolation: 0,interpolation_duration: 1}
$data merge entity $(bone_shotgun_shell1) {transformation: [-0.9809f,0.1079f,0.1619f,-0.1219f,0.1561f,-0.0608f,0.9859f,-0.4994f,0.1163f,0.9923f,0.0428f,0.2011f,0f,0f,0f,1f],start_interpolation: 0,interpolation_duration: 1}
$data merge entity $(bone_right_arm) {transformation: [-0.9809f,-0.1079f,-0.1619f,-0.2256f,0.1561f,0.0608f,-0.9859f,-0.5028f,0.1163f,-0.9923f,-0.0428f,-0.1311f,0f,0f,0f,1f],start_interpolation: 0,interpolation_duration: 1}
$data merge entity $(bone_left_arm) {transformation: [-0.8618f,0.489f,-0.1348f,0.0492f,0.2269f,0.1339f,-0.9647f,-0.6003f,-0.4537f,-0.8619f,-0.2263f,0.4687f,0f,0f,0f,1f],start_interpolation: 0,interpolation_duration: 1}
data modify entity @s data merge value {"cameras":{},"locators":{"barrel":{"px":-0.10772413713256396,"py":-0.5868591460969262,"pz":0.9061456774011154,"ry":0.02543183884748146,"rx":0.23282897830443164}}}