# This file was generated by Animated Java via MC-Build. It is not recommended to edit this file directly.
$data merge entity $(bone_shotgun_shell) {transformation: [0f,0f,0f,-0.1869f,0f,0f,0f,-0.7126f,0f,0f,0f,0.4722f,0f,0f,0f,1f],start_interpolation: 0,interpolation_duration: 1}
$data merge entity $(bone_clock) {transformation: [0.9847f,0.174f,0.0003f,-0.2143f,0.174f,-0.9847f,0.0051f,-0.7374f,0.0012f,-0.005f,-1f,0.7815f,0f,0f,0f,1f],start_interpolation: 0,interpolation_duration: 1}
$data merge entity $(bone_barrel1) {transformation: [0.9847f,0.174f,0.0003f,-0.2088f,0.174f,-0.9847f,0.0051f,-0.767f,0.0012f,-0.005f,-1f,0.547f,0f,0f,0f,1f],start_interpolation: 0,interpolation_duration: 1}
$data merge entity $(bone_trigger) {transformation: [0.9847f,0.174f,0.0003f,-0.1808f,0.174f,-0.9847f,0.0051f,-0.7444f,0.0012f,-0.005f,-1f,0.3713f,0f,0f,0f,1f],start_interpolation: 0,interpolation_duration: 1}
$data merge entity $(bone_trigger_part) {transformation: [0.9847f,0.174f,0.0003f,-0.1823f,0.174f,-0.9847f,0.0051f,-0.7362f,0.0012f,-0.005f,-1f,0.3909f,0f,0f,0f,1f],start_interpolation: 0,interpolation_duration: 1}
$data merge entity $(bone_chrome_shotgun) {transformation: [0.9847f,0.174f,0.0003f,-0.1906f,0.174f,-0.9847f,0.0051f,-0.779f,0.0012f,-0.005f,-1f,0.4063f,0f,0f,0f,1f],start_interpolation: 0,interpolation_duration: 1}
$data merge entity $(bone_shotgun_shell1) {transformation: [-0.9785f,0.1232f,0.1655f,-0.1747f,0.1733f,0.0553f,0.9833f,-0.748f,0.112f,0.9908f,-0.0754f,0.4528f,0f,0f,0f,1f],start_interpolation: 0,interpolation_duration: 1}
$data merge entity $(bone_right_arm) {transformation: [-0.9785f,-0.1232f,-0.1655f,-0.2835f,0.1733f,-0.0553f,-0.9833f,-0.7898f,0.112f,-0.9908f,0.0754f,0.1249f,0f,0f,0f,1f],start_interpolation: 0,interpolation_duration: 1}
$data merge entity $(bone_left_arm) {transformation: [-0.8709f,0.4827f,-0.0925f,-0.0121f,0.1895f,0.156f,-0.9694f,-0.8195f,-0.4536f,-0.8618f,-0.2273f,0.6249f,0f,0f,0f,1f],start_interpolation: 0,interpolation_duration: 1}
data modify entity @s data merge value {"cameras":{},"locators":{"barrel":{"px":-0.1694896311487908,"py":-0.8134352914919479,"pz":1.0623669042444004,"ry":0.01904383977276325,"rx":0.29214721329500387}}}