# This file was generated by Animated Java via MC-Build. It is not recommended to edit this file directly.
$data merge entity $(bone_shotgun_shell) {transformation: [0f,0f,0f,-0.1902f,0f,0f,0f,-0.3738f,0f,0f,0f,0.3786f,0f,0f,0f,1f],start_interpolation: 0,interpolation_duration: 1}
$data merge entity $(bone_clock) {transformation: [0.9762f,0.2169f,0.0001f,-0.2165f,0.2169f,-0.9762f,0.0061f,-0.4001f,0.0015f,-0.006f,-1f,0.6878f,0f,0f,0f,1f],start_interpolation: 0,interpolation_duration: 1}
$data merge entity $(bone_barrel1) {transformation: [0.9762f,0.2169f,0.0001f,-0.2097f,0.2169f,-0.9762f,0.0061f,-0.4292f,0.0015f,-0.006f,-1f,0.4532f,0f,0f,0f,1f],start_interpolation: 0,interpolation_duration: 1}
$data merge entity $(bone_trigger) {transformation: [0.9762f,0.2169f,0.0001f,-0.1828f,0.2169f,-0.9762f,0.0061f,-0.4051f,0.0015f,-0.006f,-1f,0.2776f,0f,0f,0f,1f],start_interpolation: 0,interpolation_duration: 1}
$data merge entity $(bone_trigger_part) {transformation: [0.9762f,0.2169f,0.0001f,-0.1846f,0.2169f,-0.9762f,0.0061f,-0.397f,0.0015f,-0.006f,-1f,0.2972f,0f,0f,0f,1f],start_interpolation: 0,interpolation_duration: 1}
$data merge entity $(bone_chrome_shotgun) {transformation: [0.9762f,0.2169f,0.0001f,-0.1911f,0.2169f,-0.9762f,0.0061f,-0.4402f,0.0015f,-0.006f,-1f,0.3125f,0f,0f,0f,1f],start_interpolation: 0,interpolation_duration: 1}
$data merge entity $(bone_shotgun_shell1) {transformation: [-0.9851f,0.1096f,0.1324f,-0.1799f,0.1303f,-0.0269f,0.9911f,-0.438f,0.1122f,0.9936f,0.0122f,0.363f,0f,0f,0f,1f],start_interpolation: 0,interpolation_duration: 1}
$data merge entity $(bone_right_arm) {transformation: [-0.9851f,-0.1096f,-0.1324f,-0.2834f,0.1303f,0.0269f,-0.9911f,-0.4548f,0.1122f,-0.9936f,-0.0122f,0.0312f,0f,0f,0f,1f],start_interpolation: 0,interpolation_duration: 1}
$data merge entity $(bone_left_arm) {transformation: [-0.8783f,0.4755f,-0.0501f,-0.011f,0.1517f,0.1778f,-0.9723f,-0.4731f,-0.4534f,-0.8616f,-0.2283f,0.5311f,0f,0f,0f,1f],start_interpolation: 0,interpolation_duration: 1}
data modify entity @s data merge value {"cameras":{},"locators":{"barrel":{"px":-0.16845890388666449,"py":-0.4743508433848175,"pz":0.9685870541017009,"ry":0.00751367755825072,"rx":0.3512403121884769}}}