# This file was generated by Animated Java via MC-Build. It is not recommended to edit this file directly.
$data merge entity $(bone_shotgun_shell) {transformation: [0f,0f,0f,-0.1207f,0f,0f,0f,-0.4214f,0f,0f,0f,0.3159f,0f,0f,0f,1f],start_interpolation: 0,interpolation_duration: 1}
$data merge entity $(bone_clock) {transformation: [0.9914f,0.1308f,0.0004f,-0.1492f,0.1308f,-0.9914f,0.0041f,-0.4447f,0.001f,-0.004f,-1f,0.6252f,0f,0f,0f,1f],start_interpolation: 0,interpolation_duration: 1}
$data merge entity $(bone_barrel1) {transformation: [0.9914f,0.1308f,0.0004f,-0.145f,0.1308f,-0.9914f,0.0041f,-0.4747f,0.001f,-0.004f,-1f,0.3907f,0f,0f,0f,1f],start_interpolation: 0,interpolation_duration: 1}
$data merge entity $(bone_trigger) {transformation: [0.9914f,0.1308f,0.0004f,-0.1161f,0.1308f,-0.9914f,0.0041f,-0.4535f,0.001f,-0.004f,-1f,0.2151f,0f,0f,0f,1f],start_interpolation: 0,interpolation_duration: 1}
$data merge entity $(bone_trigger_part) {transformation: [0.9914f,0.1308f,0.0004f,-0.1172f,0.1308f,-0.9914f,0.0041f,-0.4452f,0.001f,-0.004f,-1f,0.2346f,0f,0f,0f,1f],start_interpolation: 0,interpolation_duration: 1}
$data merge entity $(bone_chrome_shotgun) {transformation: [0.9914f,0.1308f,0.0004f,-0.1274f,0.1308f,-0.9914f,0.0041f,-0.4876f,0.001f,-0.004f,-1f,0.25f,0f,0f,0f,1f],start_interpolation: 0,interpolation_duration: 1}
$data merge entity $(bone_shotgun_shell1) {transformation: [0f,0f,0f,-0.1192f,0f,0f,0f,-0.5009f,0f,0f,0f,0.3015f,0f,0f,0f,1f],start_interpolation: 0,interpolation_duration: 1}
$data merge entity $(bone_right_arm) {transformation: [-0.97f,-0.0974f,-0.2229f,-0.2207f,0.216f,0.0769f,-0.9734f,-0.4946f,0.1119f,-0.9923f,-0.0535f,-0.0313f,0f,0f,0f,1f],start_interpolation: 0,interpolation_duration: 1}
$data merge entity $(bone_left_arm) {transformation: [-0.8618f,0.489f,-0.1348f,0.0492f,0.2269f,0.1339f,-0.9647f,-0.5357f,-0.4537f,-0.8619f,-0.2263f,0.4687f,0f,0f,0f,1f],start_interpolation: 0,interpolation_duration: 1}
data modify entity @s data merge value {"cameras":{},"locators":{"barrel":{"px":-0.10772413713256397,"py":-0.5222758127635929,"pz":0.9061456774011154,"ry":0.02543183884748146,"rx":0.2328289783044317}}}