# This file was generated by Animated Java via MC-Build. It is not recommended to edit this file directly.
$data merge entity $(bone_shotgun_shell) {transformation: [0f,0f,0f,-0.1752f,0f,0f,0f,-0.4071f,0f,0f,0f,0.6595f,0f,0f,0f,1f],start_interpolation: 0,interpolation_duration: 1}
$data merge entity $(bone_clock) {transformation: [0.999f,0.0438f,0.0004f,-0.2055f,0.0438f,-0.999f,0.002f,-0.4273f,0.0005f,-0.002f,-1f,0.9688f,0f,0f,0f,1f],start_interpolation: 0,interpolation_duration: 1}
$data merge entity $(bone_barrel1) {transformation: [0.999f,0.0438f,0.0004f,-0.204f,0.0438f,-0.999f,0.002f,-0.458f,0.0005f,-0.002f,-1f,0.7344f,0f,0f,0f,1f],start_interpolation: 0,interpolation_duration: 1}
$data merge entity $(bone_trigger) {transformation: [0.999f,0.0438f,0.0004f,-0.1734f,0.0438f,-0.999f,0.002f,-0.4397f,0.0005f,-0.002f,-1f,0.5587f,0f,0f,0f,1f],start_interpolation: 0,interpolation_duration: 1}
$data merge entity $(bone_trigger_part) {transformation: [0.999f,0.0438f,0.0004f,-0.1738f,0.0438f,-0.999f,0.002f,-0.4313f,0.0005f,-0.002f,-1f,0.5782f,0f,0f,0f,1f],start_interpolation: 0,interpolation_duration: 1}
$data merge entity $(bone_chrome_shotgun) {transformation: [0.999f,0.0438f,0.0004f,-0.1877f,0.0438f,-0.999f,0.002f,-0.4726f,0.0005f,-0.002f,-1f,0.5938f,0f,0f,0f,1f],start_interpolation: 0,interpolation_duration: 1}
$data merge entity $(bone_shotgun_shell1) {transformation: [0f,0f,0f,-0.189f,0f,0f,0f,-0.4096f,0f,0f,0f,0.389f,0f,0f,0f,1f],start_interpolation: -1,interpolation_duration: 0}
$data merge entity $(bone_right_arm) {transformation: [-0.9809f,-0.0725f,-0.1807f,-0.2812f,0.1516f,0.2981f,-0.9424f,-0.331f,0.1222f,-0.9518f,-0.2814f,0.0628f,0f,0f,0f,1f],start_interpolation: 0,interpolation_duration: 1}
$data merge entity $(bone_left_arm) {transformation: [-0.8389f,0.4985f,-0.2186f,-0.0159f,0.3003f,0.0889f,-0.9497f,-0.5356f,-0.454f,-0.8623f,-0.2243f,0.8125f,0f,0f,0f,1f],start_interpolation: 0,interpolation_duration: 1}
data modify entity @s data merge value {"cameras":{},"locators":{"barrel":{"px":-0.17080101250886848,"py":-0.5076183419325803,"pz":1.2499499927203863,"ry":0.02283005050944098,"rx":0.11485999560673436}}}