# This file was generated by Animated Java via MC-Build. It is not recommended to edit this file directly.
$data merge entity $(bone_shotgun_shell) {transformation: [0f,0f,0f,-0.0632f,0f,0f,0f,-0.4265f,0f,0f,0f,0.233f,0f,0f,0f,1f],start_interpolation: 0,interpolation_duration: 1}
$data merge entity $(bone_clock) {transformation: [-0.997f,0.0071f,-0.0775f,0.0145f,0.0014f,0.9972f,0.0743f,-0.5692f,0.0779f,0.0739f,-0.9942f,0.628f,0f,0f,0f,1f],start_interpolation: 0,interpolation_duration: 1}
$data merge entity $(bone_barrel1) {transformation: [-0.997f,0.0071f,-0.0775f,-0.0034f,0.0014f,0.9972f,0.0743f,-0.5206f,0.0779f,0.0739f,-0.9942f,0.3973f,0f,0f,0f,1f],start_interpolation: 0,interpolation_duration: 1}
$data merge entity $(bone_trigger) {transformation: [-0.997f,0.0071f,-0.0775f,-0.0483f,0.0014f,0.9972f,0.0743f,-0.524f,0.0779f,0.0739f,-0.9942f,0.2238f,0f,0f,0f,1f],start_interpolation: 0,interpolation_duration: 1}
$data merge entity $(bone_trigger_part) {transformation: [-0.997f,0.0071f,-0.0775f,-0.0469f,0.0014f,0.9972f,0.0743f,-0.5339f,0.0779f,0.0739f,-0.9942f,0.2426f,0f,0f,0f,1f],start_interpolation: 0,interpolation_duration: 1}
$data merge entity $(bone_chrome_shotgun) {transformation: [-0.997f,0.0071f,-0.0775f,-0.0298f,0.0014f,0.9972f,0.0743f,-0.4946f,0.0779f,0.0739f,-0.9942f,0.2599f,0f,0f,0f,1f],start_interpolation: 0,interpolation_duration: 1}
$data merge entity $(bone_shotgun_shell1) {transformation: [0f,0f,0f,-0.0231f,0f,0f,0f,-0.4858f,0f,0f,0f,0.1829f,0f,0f,0f,1f],start_interpolation: 0,interpolation_duration: 1}
$data merge entity $(bone_right_arm) {transformation: [-0.9783f,-0.207f,-0.0071f,-0.155f,-0.0083f,0.0738f,-0.9972f,-0.4954f,0.207f,-0.9756f,-0.0739f,-0.139f,0f,0f,0f,1f],start_interpolation: 0,interpolation_duration: 1}
$data merge entity $(bone_left_arm) {transformation: [-0.8696f,0.3376f,-0.3604f,0.1576f,0.3336f,-0.1365f,-0.9328f,-0.6357f,-0.3641f,-0.9313f,0.0061f,0.4547f,0f,0f,0f,1f],start_interpolation: 0,interpolation_duration: 1}
data modify entity @s data merge value {"cameras":{},"locators":{"barrel":{"px":0.0057409900446796225,"py":-0.5089919622274716,"pz":0.9160896829484828,"ry":355.5400720135439,"rx":4.258532195292695}}}