# This file was generated by Animated Java via MC-Build. It is not recommended to edit this file directly.
$data merge entity $(bone_shotgun_shell) {transformation: [0f,0f,0f,-0.1849f,0f,0f,0f,-0.4101f,0f,0f,0f,0.2078f,0f,0f,0f,1f],start_interpolation: 0,interpolation_duration: 1}
$data merge entity $(bone_clock) {transformation: [-0.9973f,0.0022f,0.0727f,-0.1682f,0.0058f,0.9987f,0.0498f,-0.5431f,-0.0725f,0.0501f,-0.9961f,0.6134f,0f,0f,0f,1f],start_interpolation: 0,interpolation_duration: 1}
$data merge entity $(bone_barrel1) {transformation: [-0.9973f,0.0022f,0.0727f,-0.151f,0.0058f,0.9987f,0.0498f,-0.5002f,-0.0725f,0.0501f,-0.9961f,0.3815f,0f,0f,0f,1f],start_interpolation: 0,interpolation_duration: 1}
$data merge entity $(bone_trigger) {transformation: [-0.9973f,0.0022f,0.0727f,-0.1695f,0.0058f,0.9987f,0.0498f,-0.5078f,-0.0725f,0.0501f,-0.9961f,0.2033f,0f,0f,0f,1f],start_interpolation: 0,interpolation_duration: 1}
$data merge entity $(bone_trigger_part) {transformation: [-0.9973f,0.0022f,0.0727f,-0.1709f,0.0058f,0.9987f,0.0498f,-0.5172f,-0.0725f,0.0501f,-0.9961f,0.2223f,0f,0f,0f,1f],start_interpolation: 0,interpolation_duration: 1}
$data merge entity $(bone_chrome_shotgun) {transformation: [-0.9973f,0.0022f,0.0727f,-0.1564f,0.0058f,0.9987f,0.0498f,-0.4775f,-0.0725f,0.0501f,-0.9961f,0.241f,0f,0f,0f,1f],start_interpolation: 0,interpolation_duration: 1}
$data merge entity $(bone_shotgun_shell1) {transformation: [0f,0f,0f,-0.1381f,0f,0f,0f,-0.4707f,0f,0f,0f,0.1657f,0f,0f,0f,1f],start_interpolation: 0,interpolation_duration: 1}
$data merge entity $(bone_right_arm) {transformation: [-0.9983f,-0.0581f,-0.0022f,-0.2204f,-0.0007f,0.0501f,-0.9987f,-0.488f,0.0581f,-0.9971f,-0.0501f,-0.172f,0f,0f,0f,1f],start_interpolation: 0,interpolation_duration: 1}
$data merge entity $(bone_left_arm) {transformation: [-0.8031f,0.4725f,-0.3631f,-0.0011f,0.3267f,-0.1604f,-0.9314f,-0.6143f,-0.4983f,-0.8666f,-0.0255f,0.4651f,0f,0f,0f,1f],start_interpolation: 0,interpolation_duration: 1}
data modify entity @s data merge value {"cameras":{},"locators":{"barrel":{"px":-0.21960545415763333,"py":-0.47578569757932193,"pz":0.8953248541834404,"ry":4.17572370874467,"rx":2.854133610602648}}}