# This file was generated by Animated Java via MC-Build. It is not recommended to edit this file directly.
$data merge entity $(bone_shotgun_shell) {transformation: [0f,0f,0f,-0.1648f,0f,0f,0f,-0.4008f,0f,0f,0f,0.2195f,0f,0f,0f,1f],start_interpolation: 0,interpolation_duration: 1}
$data merge entity $(bone_clock) {transformation: [-1f,-0.0001f,0.0096f,-0.1218f,0.0005f,0.9981f,0.0623f,-0.5386f,-0.0095f,0.0623f,-0.998f,0.6215f,0f,0f,0f,1f],start_interpolation: 0,interpolation_duration: 1}
$data merge entity $(bone_barrel1) {transformation: [-1f,-0.0001f,0.0096f,-0.1195f,0.0005f,0.9981f,0.0623f,-0.4928f,-0.0095f,0.0623f,-0.998f,0.3895f,0f,0f,0f,1f],start_interpolation: 0,interpolation_duration: 1}
$data merge entity $(bone_trigger) {transformation: [-1f,-0.0001f,0.0096f,-0.1491f,0.0005f,0.9981f,0.0623f,-0.4984f,-0.0095f,0.0623f,-0.998f,0.2128f,0f,0f,0f,1f],start_interpolation: 0,interpolation_duration: 1}
$data merge entity $(bone_trigger_part) {transformation: [-1f,-0.0001f,0.0096f,-0.1493f,0.0005f,0.9981f,0.0623f,-0.508f,-0.0095f,0.0623f,-0.998f,0.2317f,0f,0f,0f,1f],start_interpolation: 0,interpolation_duration: 1}
$data merge entity $(bone_chrome_shotgun) {transformation: [-1f,-0.0001f,0.0096f,-0.1338f,0.0005f,0.9981f,0.0623f,-0.4685f,-0.0095f,0.0623f,-0.998f,0.25f,0f,0f,0f,1f],start_interpolation: 0,interpolation_duration: 1}
$data merge entity $(bone_shotgun_shell1) {transformation: [0f,0f,0f,-0.1204f,0f,0f,0f,-0.4606f,0f,0f,0f,0.1738f,0f,0f,0f,1f],start_interpolation: 0,interpolation_duration: 1}
$data merge entity $(bone_right_arm) {transformation: [-0.9926f,-0.121f,0.0001f,-0.2237f,-0.0076f,0.0618f,-0.9981f,-0.4743f,0.1208f,-0.9907f,-0.0623f,-0.1583f,0f,0f,0f,1f],start_interpolation: 0,interpolation_duration: 1}
$data merge entity $(bone_left_arm) {transformation: [-0.8347f,0.4178f,-0.3589f,0.036f,0.3277f,-0.147f,-0.9333f,-0.6069f,-0.4427f,-0.8966f,-0.0142f,0.4622f,0f,0f,0f,1f],start_interpolation: 0,interpolation_duration: 1}
data modify entity @s data merge value {"cameras":{},"locators":{"barrel":{"px":-0.15572477737412682,"py":-0.4750062088689503,"pz":0.9069467667227815,"ry":0.5484309378676926,"rx":3.5707855625617118}}}