# This file was generated by Animated Java via MC-Build. It is not recommended to edit this file directly.
$data merge entity $(bone_shotgun_shell) {transformation: [0f,0f,0f,-0.0703f,0f,0f,0f,-0.4216f,0f,0f,0f,0.2355f,0f,0f,0f,1f],start_interpolation: 0,interpolation_duration: 0}
$data merge entity $(bone_clock) {transformation: [-0.996f,0.0071f,-0.0888f,0.0119f,-0.001f,0.9959f,0.0906f,-0.5707f,0.0891f,0.0904f,-0.9919f,0.6273f,0f,0f,0f,1f],start_interpolation: 0,interpolation_duration: 0}
$data merge entity $(bone_barrel1) {transformation: [-0.996f,0.0071f,-0.0888f,-0.0087f,-0.001f,0.9959f,0.0906f,-0.5183f,0.0891f,0.0904f,-0.9919f,0.3976f,0f,0f,0f,1f],start_interpolation: 0,interpolation_duration: 0}
$data merge entity $(bone_trigger) {transformation: [-0.996f,0.0071f,-0.0888f,-0.0555f,-0.001f,0.9959f,0.0906f,-0.5189f,0.0891f,0.0904f,-0.9919f,0.2246f,0f,0f,0f,1f],start_interpolation: 0,interpolation_duration: 0}
$data merge entity $(bone_trigger_part) {transformation: [-0.996f,0.0071f,-0.0888f,-0.0538f,-0.001f,0.9959f,0.0906f,-0.5291f,0.0891f,0.0904f,-0.9919f,0.2431f,0f,0f,0f,1f],start_interpolation: 0,interpolation_duration: 0}
$data merge entity $(bone_chrome_shotgun) {transformation: [-0.996f,0.0071f,-0.0888f,-0.0366f,-0.001f,0.9959f,0.0906f,-0.49f,0.0891f,0.0904f,-0.9919f,0.2609f,0f,0f,0f,1f],start_interpolation: 0,interpolation_duration: 0}
$data merge entity $(bone_shotgun_shell1) {transformation: [0f,0f,0f,-0.0308f,0f,0f,0f,-0.48f,0f,0f,0f,0.184f,0f,0f,0f,1f],start_interpolation: 0,interpolation_duration: 0}
$data merge entity $(bone_right_arm) {transformation: [-0.9759f,-0.218f,-0.0071f,-0.1663f,-0.0128f,0.0897f,-0.9959f,-0.4844f,0.2178f,-0.9718f,-0.0904f,-0.1365f,0f,0f,0f,1f],start_interpolation: 0,interpolation_duration: 0}
$data merge entity $(bone_left_arm) {transformation: [-0.8739f,0.3272f,-0.3595f,0.1531f,0.3387f,-0.1207f,-0.9331f,-0.6342f,-0.3488f,-0.9372f,-0.0053f,0.4513f,0f,0f,0f,1f],start_interpolation: 0,interpolation_duration: 0}
data modify entity @s data merge value {"cameras":{},"locators":{"barrel":{"px":0.0063485629943813016,"py":-0.5152933059724353,"pz":0.9163699699830032,"ry":354.8857365502462,"rx":5.200607406892603}}}