# This file was generated by Animated Java via MC-Build. It is not recommended to edit this file directly.
$data merge entity $(bone_shotgun_shell) {transformation: [-0.9873f,-0.013f,-0.1584f,-0.2263f,-0.1484f,0.431f,0.8901f,-0.5269f,0.0567f,0.9023f,-0.4275f,0.5506f,0f,0f,0f,1f],start_interpolation: 0,interpolation_duration: 1}
$data merge entity $(bone_clock) {transformation: [-0.9873f,-0.1584f,0.013f,-0.1778f,-0.1484f,0.8901f,-0.431f,-0.4256f,0.0567f,-0.4275f,-0.9023f,0.8458f,0f,0f,0f,1f],start_interpolation: 0,interpolation_duration: 1}
$data merge entity $(bone_barrel1) {transformation: [-0.9873f,-0.1584f,0.013f,-0.1797f,-0.1484f,0.8901f,-0.431f,-0.4988f,0.0567f,-0.4275f,-0.9023f,0.621f,0f,0f,0f,1f],start_interpolation: 0,interpolation_duration: 1}
$data merge entity $(bone_trigger) {transformation: [-0.9873f,-0.1584f,0.013f,-0.2056f,-0.1484f,0.8901f,-0.431f,-0.594f,0.0567f,-0.4275f,-0.9023f,0.4713f,0f,0f,0f,1f],start_interpolation: 0,interpolation_duration: 1}
$data merge entity $(bone_trigger_part) {transformation: [-0.9873f,-0.1584f,0.013f,-0.2045f,-0.1484f,0.8901f,-0.431f,-0.5931f,0.0567f,-0.4275f,-0.9023f,0.4925f,0f,0f,0f,1f],start_interpolation: 0,interpolation_duration: 1}
$data merge entity $(bone_chrome_shotgun) {transformation: [-0.9873f,-0.1584f,0.013f,-0.1957f,-0.1484f,0.8901f,-0.431f,-0.5479f,0.0567f,-0.4275f,-0.9023f,0.4883f,0f,0f,0f,1f],start_interpolation: 0,interpolation_duration: 1}
$data merge entity $(bone_shotgun_shell1) {transformation: [0f,0f,0f,-0.1827f,0f,0f,0f,-0.5763f,0f,0f,0f,0.4171f,0f,0f,0f,1f],start_interpolation: 0,interpolation_duration: 1}
$data merge entity $(bone_right_arm) {transformation: [-0.9805f,-0.116f,0.1584f,-0.2781f,-0.0909f,-0.4467f,-0.8901f,-0.7647f,0.174f,-0.8871f,0.4275f,0.1405f,0f,0f,0f,1f],start_interpolation: 0,interpolation_duration: 1}
$data merge entity $(bone_left_arm) {transformation: [-0.8699f,0.4892f,-0.0627f,-0.024f,-0.0537f,-0.2203f,-0.9739f,-0.4551f,-0.4903f,-0.8439f,0.2179f,0.691f,0f,0f,0f,1f],start_interpolation: 0,interpolation_duration: 1}
execute on vehicle unless entity @s[tag=aj.transforms_only] positioned ^-0.2251259713 ^-0.236739004 ^1.066621785 rotated ~0.8247934579 ~-25.5313890353 run function animated_java:chrome_shotgun/animations/shoot/zzz/frames/0_locator_barrel
data modify entity @s data merge value {"cameras":{},"locators":{"barrel":{"px":-0.22512597129442552,"py":-0.23673900402771308,"pz":1.0666217850265067,"ry":0.8247934579028993,"rx":-25.531389035286683}}}
execute on vehicle unless entity @s[tag=aj.transforms_only] at @s run function animated_java:chrome_shotgun/animations/shoot/zzz/frames/0_root_function