# This file was generated by Animated Java via MC-Build. It is not recommended to edit this file directly.
$data merge entity $(bone_shotgun_shell) {transformation: [-0.9509f,0.0026f,0.3095f,-0.1634f,0.3076f,0.1203f,0.9439f,-0.6536f,-0.0348f,0.9927f,-0.1152f,0.5855f,0f,0f,0f,1f],start_interpolation: 0,interpolation_duration: 1}
$data merge entity $(bone_clock) {transformation: [-0.9509f,0.3095f,-0.0026f,-0.152f,0.3076f,0.9439f,-0.1203f,-0.6679f,-0.0348f,-0.1152f,-0.9927f,0.8966f,0f,0f,0f,1f],start_interpolation: 0,interpolation_duration: 1}
$data merge entity $(bone_barrel1) {transformation: [-0.9509f,0.3095f,-0.0026f,-0.1429f,0.3076f,0.9439f,-0.1203f,-0.6664f,-0.0348f,-0.1152f,-0.9927f,0.6625f,0f,0f,0f,1f],start_interpolation: 0,interpolation_duration: 1}
$data merge entity $(bone_trigger) {transformation: [-0.9509f,0.3095f,-0.0026f,-0.1782f,0.3076f,0.9439f,-0.1203f,-0.6935f,-0.0348f,-0.1152f,-0.9927f,0.4889f,0f,0f,0f,1f],start_interpolation: 0,interpolation_duration: 1}
$data merge entity $(bone_trigger_part) {transformation: [-0.9509f,0.3095f,-0.0026f,-0.1808f,0.3076f,0.9439f,-0.1203f,-0.6991f,-0.0348f,-0.1152f,-0.9927f,0.5092f,0f,0f,0f,1f],start_interpolation: 0,interpolation_duration: 1}
$data merge entity $(bone_chrome_shotgun) {transformation: [-0.9509f,0.3095f,-0.0026f,-0.1533f,0.3076f,0.9439f,-0.1203f,-0.6637f,-0.0348f,-0.1152f,-0.9927f,0.5206f,0f,0f,0f,1f],start_interpolation: 0,interpolation_duration: 1}
$data merge entity $(bone_shotgun_shell1) {transformation: [0f,0f,0f,-0.1405f,0f,0f,0f,-0.6739f,0f,0f,0f,0.4445f,0f,0f,0f,1f],start_interpolation: 0,interpolation_duration: 1}
$data merge entity $(bone_right_arm) {transformation: [-0.9424f,-0.1267f,-0.3095f,-0.2532f,0.3207f,-0.0792f,-0.9439f,-0.7133f,0.095f,-0.9888f,0.1152f,0.1176f,0f,0f,0f,1f],start_interpolation: 0,interpolation_duration: 1}
$data merge entity $(bone_left_arm) {transformation: [-0.7063f,0.4984f,-0.5027f,0.0011f,0.4861f,-0.1748f,-0.8562f,-0.7164f,-0.5147f,-0.8491f,-0.1189f,0.7749f,0f,0f,0f,1f],start_interpolation: 0,interpolation_duration: 1}
data modify entity @s data merge value {"cameras":{},"locators":{"barrel":{"px":-0.15585285432674276,"py":-0.5474980893469891,"pz":1.1675430995570577,"ry":359.8523113162455,"rx":-6.9115848700022635}}}