# This file was generated by Animated Java via MC-Build. It is not recommended to edit this file directly.
$data merge entity $(bone_shotgun_shell) {transformation: [-0.9914f,0f,0.1309f,-0.2483f,0.1298f,0.1305f,0.9829f,-0.2253f,-0.0171f,0.9914f,-0.1294f,0.4086f,0f,0f,0f,1f],start_interpolation: 0,interpolation_duration: 1}
$data merge entity $(bone_clock) {transformation: [-0.9914f,0.1309f,0f,-0.1984f,0.1298f,0.9829f,-0.1305f,-0.3088f,-0.0171f,-0.1294f,-0.9914f,1.05f,0f,0f,0f,1f],start_interpolation: 0,interpolation_duration: 1}
$data merge entity $(bone_barrel) {transformation: [-0.9914f,0.1309f,0f,-0.1902f,0.1298f,0.9829f,-0.1305f,-0.3085f,-0.0171f,-0.1294f,-0.9914f,0.5772f,0f,0f,0f,1f],start_interpolation: 0,interpolation_duration: 1}
$data merge entity $(bone_trigger) {transformation: [-0.9914f,0.1309f,0f,-0.2565f,0.1298f,0.9829f,-0.1305f,-0.3789f,-0.0171f,-0.1294f,-0.9914f,0.2319f,0f,0f,0f,1f],start_interpolation: 0,interpolation_duration: 1}
$data merge entity $(bone_trigger_part) {transformation: [-0.9914f,0.1309f,0f,-0.2587f,0.1298f,0.9829f,-0.1305f,-0.3904f,-0.0171f,-0.1294f,-0.9914f,0.2727f,0f,0f,0f,1f],start_interpolation: 0,interpolation_duration: 1}
$data merge entity $(bone_chrome_shotgun) {transformation: [-1.0155f,0.1341f,0f,-0.2171f,0.1329f,1.0068f,-0.1337f,-0.3105f,-0.0175f,-0.1325f,-1.0156f,0.2937f,0f,0f,0f,1f],start_interpolation: 0,interpolation_duration: 1}
$data merge entity $(bone_right_arm) {transformation: [-0.9829f,-0.1294f,-0.1309f,-0.4112f,0.1457f,-0.1125f,-0.9829f,-0.4536f,0.1125f,-0.9852f,0.1294f,-0.5069f,0f,0f,0f,1f],start_interpolation: 0,interpolation_duration: 1}
$data merge entity $(bone_left_arm) {transformation: [-0.8091f,0.5158f,-0.3484f,0.1775f,0.3512f,-0.0935f,-0.954f,-0.3716f,-0.5139f,-0.876f,-0.1033f,0.7115f,0f,0f,0f,1f],start_interpolation: 0,interpolation_duration: 1}