# This file was generated by Animated Java via MC-Build. It is not recommended to edit this file directly.
$data merge entity $(bone_shotgun_shell) {transformation: [-0.8827f,0.0021f,0.4699f,-0.1158f,0.4671f,0.1141f,0.8768f,-0.761f,-0.0517f,0.9935f,-0.1017f,0.5837f,0f,0f,0f,1f],start_interpolation: 0,interpolation_duration: 1}
$data merge entity $(bone_clock) {transformation: [-0.8827f,0.4699f,-0.0021f,-0.1097f,0.4671f,0.8768f,-0.1141f,-0.7816f,-0.0517f,-0.1017f,-0.9935f,0.8804f,0f,0f,0f,1f],start_interpolation: 0,interpolation_duration: 1}
$data merge entity $(bone_barrel1) {transformation: [-0.8827f,0.4699f,-0.0021f,-0.0954f,0.4671f,0.8768f,-0.1141f,-0.779f,-0.0517f,-0.1017f,-0.9935f,0.6613f,0f,0f,0f,1f],start_interpolation: 0,interpolation_duration: 1}
$data merge entity $(bone_trigger) {transformation: [-0.8827f,0.4699f,-0.0021f,-0.1312f,0.4671f,0.8768f,-0.1141f,-0.799f,-0.0517f,-0.1017f,-0.9935f,0.4867f,0f,0f,0f,1f],start_interpolation: 0,interpolation_duration: 1}
$data merge entity $(bone_trigger_part) {transformation: [-0.8827f,0.4699f,-0.0021f,-0.1351f,0.4671f,0.8768f,-0.1141f,-0.8042f,-0.0517f,-0.1017f,-0.9935f,0.507f,0f,0f,0f,1f],start_interpolation: 0,interpolation_duration: 1}
$data merge entity $(bone_chrome_shotgun) {transformation: [-0.8827f,0.4699f,-0.0021f,-0.1022f,0.4671f,0.8768f,-0.1141f,-0.7741f,-0.0517f,-0.1017f,-0.9935f,0.5192f,0f,0f,0f,1f],start_interpolation: 0,interpolation_duration: 1}
$data merge entity $(bone_shotgun_shell1) {transformation: [0f,0f,0f,-0.0897f,0f,0f,0f,-0.786f,0f,0f,0f,0.4433f,0f,0f,0f,1f],start_interpolation: 0,interpolation_duration: 1}
$data merge entity $(bone_right_arm) {transformation: [-0.8749f,-0.1173f,-0.4699f,-0.2005f,0.478f,-0.0521f,-0.8768f,-0.804f,0.0784f,-0.9917f,0.1017f,0.1139f,0f,0f,0f,1f],start_interpolation: 0,interpolation_duration: 1}
$data merge entity $(bone_left_arm) {transformation: [-0.6008f,0.4788f,-0.6401f,0.0354f,0.6027f,-0.2547f,-0.7562f,-0.8548f,-0.5251f,-0.8402f,-0.1356f,0.766f,0f,0f,0f,1f],start_interpolation: 0,interpolation_duration: 1}
data modify entity @s data merge value {"cameras":{},"locators":{"barrel":{"px":-0.09841669937273287,"py":-0.6617621691923314,"pz":1.1668186621141858,"ry":359.87628336383403,"rx":-6.550108925513287}}}