# This file was generated by Animated Java via MC-Build. It is not recommended to edit this file directly.
$data merge entity $(bone_shotgun_shell) {transformation: [-0.9911f,0.0001f,0.1332f,-0.1428f,0.132f,0.1304f,0.9826f,-0.1575f,-0.0173f,0.9915f,-0.1292f,0.3056f,0f,0f,0f,1f],start_interpolation: 0,interpolation_duration: 1}
$data merge entity $(bone_clock) {transformation: [-0.9911f,0.1332f,-0.0001f,-0.1255f,0.132f,0.9826f,-0.1304f,-0.1655f,-0.0173f,-0.1292f,-0.9915f,0.6187f,0f,0f,0f,1f],start_interpolation: 0,interpolation_duration: 1}
$data merge entity $(bone_barrel1) {transformation: [-0.9911f,0.1332f,-0.0001f,-0.1213f,0.132f,0.9826f,-0.1304f,-0.1654f,-0.0173f,-0.1292f,-0.9915f,0.3823f,0f,0f,0f,1f],start_interpolation: 0,interpolation_duration: 1}
$data merge entity $(bone_trigger) {transformation: [-0.9911f,0.1332f,-0.0001f,-0.1545f,0.132f,0.9826f,-0.1304f,-0.2004f,-0.0173f,-0.1292f,-0.9915f,0.2097f,0f,0f,0f,1f],start_interpolation: 0,interpolation_duration: 1}
$data merge entity $(bone_trigger_part) {transformation: [-0.9911f,0.1332f,-0.0001f,-0.1556f,0.132f,0.9826f,-0.1304f,-0.2062f,-0.0173f,-0.1292f,-0.9915f,0.2301f,0f,0f,0f,1f],start_interpolation: 0,interpolation_duration: 1}
$data merge entity $(bone_chrome_shotgun) {transformation: [-0.9911f,0.1332f,-0.0001f,-0.1347f,0.132f,0.9826f,-0.1304f,-0.1663f,-0.0173f,-0.1292f,-0.9915f,0.2406f,0f,0f,0f,1f],start_interpolation: 0,interpolation_duration: 1}
$data merge entity $(bone_shotgun_shell1) {transformation: [0f,0f,0f,-0.1218f,0f,0f,0f,-0.1749f,0f,0f,0f,0.1644f,0f,0f,0f,1f],start_interpolation: 0,interpolation_duration: 1}
$data merge entity $(bone_right_arm) {transformation: [-0.9826f,-0.1294f,-0.1332f,-0.2318f,0.1479f,-0.112f,-0.9826f,-0.2376f,0.1123f,-0.9852f,0.1292f,-0.1598f,0f,0f,0f,1f],start_interpolation: 0,interpolation_duration: 1}
$data merge entity $(bone_left_arm) {transformation: [-0.7917f,0.5053f,-0.3434f,0.0315f,0.3459f,-0.0926f,-0.9337f,-0.1876f,-0.5036f,-0.858f,-0.1015f,0.4913f,0f,0f,0f,1f],start_interpolation: 0,interpolation_duration: 1}
data modify entity @s data merge value {"cameras":{},"locators":{"barrel":{"px":-0.14560433809250511,"py":-0.04489207660191495,"pz":0.8865393838082616,"ry":359.9962403062318,"rx":-7.490220335691992}}}