# This file was generated by Animated Java via MC-Build. It is not recommended to edit this file directly.
$data merge entity $(bone_shotgun_shell) {transformation: [-0.9899f,0.0003f,0.1416f,-0.2557f,0.1405f,0.1298f,0.9815f,-0.19f,-0.0181f,0.9915f,-0.1285f,0.4085f,0f,0f,0f,1f],start_interpolation: 0,interpolation_duration: 1}
$data merge entity $(bone_clock) {transformation: [-0.9899f,0.1416f,-0.0003f,-0.2079f,0.1405f,0.9815f,-0.1298f,-0.2744f,-0.0181f,-0.1285f,-0.9915f,1.0499f,0f,0f,0f,1f],start_interpolation: 0,interpolation_duration: 1}
$data merge entity $(bone_barrel) {transformation: [-0.9899f,0.1416f,-0.0003f,-0.1992f,0.1405f,0.9815f,-0.1298f,-0.2739f,-0.0181f,-0.1285f,-0.9915f,0.577f,0f,0f,0f,1f],start_interpolation: 0,interpolation_duration: 1}
$data merge entity $(bone_trigger) {transformation: [-0.9899f,0.1416f,-0.0003f,-0.2659f,0.1405f,0.9815f,-0.1298f,-0.3432f,-0.0181f,-0.1285f,-0.9915f,0.2317f,0f,0f,0f,1f],start_interpolation: 0,interpolation_duration: 1}
$data merge entity $(bone_trigger_part) {transformation: [-0.9899f,0.1416f,-0.0003f,-0.2683f,0.1405f,0.9815f,-0.1298f,-0.3547f,-0.0181f,-0.1285f,-0.9915f,0.2725f,0f,0f,0f,1f],start_interpolation: 0,interpolation_duration: 1}
$data merge entity $(bone_chrome_shotgun) {transformation: [-1.014f,0.1451f,-0.0003f,-0.2258f,0.1439f,1.0054f,-0.133f,-0.2753f,-0.0186f,-0.1317f,-1.0157f,0.2936f,0f,0f,0f,1f],start_interpolation: 0,interpolation_duration: 1}
$data merge entity $(bone_right_arm) {transformation: [-0.9814f,-0.1295f,-0.1416f,-0.4205f,0.1562f,-0.1104f,-0.9815f,-0.4158f,0.1115f,-0.9854f,0.1285f,-0.5074f,0f,0f,0f,1f],start_interpolation: 0,interpolation_duration: 1}
$data merge entity $(bone_left_arm) {transformation: [-0.8047f,0.5158f,-0.3586f,0.1676f,0.3602f,-0.0984f,-0.9501f,-0.341f,-0.5146f,-0.8754f,-0.1044f,0.7118f,0f,0f,0f,1f],start_interpolation: 0,interpolation_duration: 1}