# This file was generated by Animated Java via MC-Build. It is not recommended to edit this file directly.
$data merge entity $(bone_shotgun_shell) {transformation: [-0.342f,0f,0.9397f,0.098f,0.9317f,0.1305f,0.3391f,-1.1311f,-0.1227f,0.9914f,-0.0446f,0.5727f,0f,0f,0f,1f],start_interpolation: 0,interpolation_duration: 1}
$data merge entity $(bone_clock) {transformation: [-0.342f,0.9397f,0f,0.0729f,0.9317f,0.3391f,-0.1305f,-1.1778f,-0.1227f,-0.0446f,-0.9914f,0.6702f,0f,0f,0f,1f],start_interpolation: 0,interpolation_duration: 1}
$data merge entity $(bone_barrel1) {transformation: [-0.342f,0.9397f,0f,0.1023f,0.9317f,0.3391f,-0.1305f,-1.1692f,-0.1227f,-0.0446f,-0.9914f,0.6534f,0f,0f,0f,1f],start_interpolation: 0,interpolation_duration: 1}
$data merge entity $(bone_trigger) {transformation: [-0.342f,0.9397f,0f,0.076f,0.9317f,0.3391f,-0.1305f,-1.1687f,-0.1227f,-0.0446f,-0.9914f,0.476f,0f,0f,0f,1f],start_interpolation: 0,interpolation_duration: 1}
$data merge entity $(bone_trigger_part) {transformation: [-0.342f,0.9397f,0f,0.0681f,0.9317f,0.3391f,-0.1305f,-1.169f,-0.1227f,-0.0446f,-0.9914f,0.4957f,0f,0f,0f,1f],start_interpolation: 0,interpolation_duration: 1}
$data merge entity $(bone_chrome_shotgun) {transformation: [-0.342f,0.9397f,0f,0.1116f,0.9317f,0.3391f,-0.1305f,-1.1677f,-0.1227f,-0.0446f,-0.9914f,0.5113f,0f,0f,0f,1f],start_interpolation: 0,interpolation_duration: 1}
$data merge entity $(bone_shotgun_shell1) {transformation: [0f,0f,0f,0.1189f,0f,0f,0f,-1.1885f,0f,0f,0f,0.4367f,0f,0f,0f,1f],start_interpolation: 0,interpolation_duration: 1}
$data merge entity $(bone_right_arm) {transformation: [-0.3391f,-0.0446f,-0.9397f,0.0502f,0.9407f,-0.0078f,-0.3391f,-1.144f,0.0078f,-0.999f,0.0446f,0.0984f,0f,0f,0f,1f],start_interpolation: 0,interpolation_duration: 1}
$data merge entity $(bone_left_arm) {transformation: [-0.0055f,0.2523f,-0.9676f,0.141f,0.824f,-0.5472f,-0.1473f,-1.3344f,-0.5666f,-0.7981f,-0.2048f,0.5648f,0f,0f,0f,1f],start_interpolation: 0,interpolation_duration: 1}
data modify entity @s data merge value {"cameras":{},"locators":{"barrel":{"px":0.13857074558651353,"py":-1.055878050860868,"pz":1.1584995545087877,"ry":359.99999999990655,"rx":-7.499999999983196}}}
execute on vehicle unless entity @s[tag=aj.transforms_only] at @s run function animated_java:chrome_shotgun/animations/shoot/zzz/frames/14_root_function