# This file was generated by Animated Java via MC-Build. It is not recommended to edit this file directly.
$data merge entity $(bone_shotgun_shell) {transformation: [-0.9864f,0.0008f,0.1643f,-0.1435f,0.1631f,0.1284f,0.9782f,-0.1375f,-0.0203f,0.9917f,-0.1268f,0.3984f,0f,0f,0f,1f],start_interpolation: 0,interpolation_duration: 1}
$data merge entity $(bone_clock) {transformation: [-0.9864f,0.1643f,-0.0008f,-0.1263f,0.1631f,0.9782f,-0.1284f,-0.1588f,-0.0203f,-0.1268f,-0.9917f,0.6185f,0f,0f,0f,1f],start_interpolation: 0,interpolation_duration: 1}
$data merge entity $(bone_barrel1) {transformation: [-0.9864f,0.1643f,-0.0008f,-0.1214f,0.1631f,0.9782f,-0.1284f,-0.1584f,-0.0203f,-0.1268f,-0.9917f,0.3822f,0f,0f,0f,1f],start_interpolation: 0,interpolation_duration: 1}
$data merge entity $(bone_trigger) {transformation: [-0.9864f,0.1643f,-0.0008f,-0.155f,0.1631f,0.9782f,-0.1284f,-0.192f,-0.0203f,-0.1268f,-0.9917f,0.2093f,0f,0f,0f,1f],start_interpolation: 0,interpolation_duration: 1}
$data merge entity $(bone_trigger_part) {transformation: [-0.9864f,0.1643f,-0.0008f,-0.1564f,0.1631f,0.9782f,-0.1284f,-0.1978f,-0.0203f,-0.1268f,-0.9917f,0.2297f,0f,0f,0f,1f],start_interpolation: 0,interpolation_duration: 1}
$data merge entity $(bone_chrome_shotgun) {transformation: [-0.9864f,0.1643f,-0.0008f,-0.1343f,0.1631f,0.9782f,-0.1284f,-0.1586f,-0.0203f,-0.1268f,-0.9917f,0.2404f,0f,0f,0f,1f],start_interpolation: 0,interpolation_duration: 1}
$data merge entity $(bone_shotgun_shell1) {transformation: [0f,0f,0f,-0.1214f,0f,0f,0f,-0.1674f,0f,0f,0f,0.1642f,0f,0f,0f,1f],start_interpolation: 0,interpolation_duration: 1}
$data merge entity $(bone_right_arm) {transformation: [-0.9779f,-0.1295f,-0.1643f,-0.2322f,0.1784f,-0.106f,-0.9782f,-0.226f,0.1093f,-0.9859f,0.1268f,-0.1604f,0f,0f,0f,1f],start_interpolation: 0,interpolation_duration: 1}
$data merge entity $(bone_left_arm) {transformation: [-0.7787f,0.505f,-0.3722f,0.0303f,0.3715f,-0.1068f,-0.9223f,-0.1851f,-0.5055f,-0.8565f,-0.1045f,0.4958f,0f,0f,0f,1f],start_interpolation: 0,interpolation_duration: 1}
data modify entity @s data merge value {"cameras":{},"locators":{"barrel":{"px":-0.14358016084509279,"py":-0.038155769119534416,"pz":0.8865334599974188,"ry":359.9555991884373,"rx":-7.376806238089685}}}