# This file was generated by Animated Java via MC-Build. It is not recommended to edit this file directly.
$data merge entity $(bone_shotgun_shell) {transformation: [-0.9864f,0.0008f,0.1643f,-0.2502f,0.1631f,0.1284f,0.9782f,-0.1923f,-0.0203f,0.9917f,-0.1268f,0.4082f,0f,0f,0f,1f],start_interpolation: 0,interpolation_duration: 1}
$data merge entity $(bone_clock) {transformation: [-0.9864f,0.1643f,-0.0008f,-0.205f,0.1631f,0.9782f,-0.1284f,-0.2787f,-0.0203f,-0.1268f,-0.9917f,1.0496f,0f,0f,0f,1f],start_interpolation: 0,interpolation_duration: 1}
$data merge entity $(bone_barrel) {transformation: [-0.9864f,0.1643f,-0.0008f,-0.195f,0.1631f,0.9782f,-0.1284f,-0.2778f,-0.0203f,-0.1268f,-0.9917f,0.5768f,0f,0f,0f,1f],start_interpolation: 0,interpolation_duration: 1}
$data merge entity $(bone_trigger) {transformation: [-0.9864f,0.1643f,-0.0008f,-0.2624f,0.1631f,0.9782f,-0.1284f,-0.3451f,-0.0203f,-0.1268f,-0.9917f,0.2312f,0f,0f,0f,1f],start_interpolation: 0,interpolation_duration: 1}
$data merge entity $(bone_trigger_part) {transformation: [-0.9864f,0.1643f,-0.0008f,-0.2651f,0.1631f,0.9782f,-0.1284f,-0.3566f,-0.0203f,-0.1268f,-0.9917f,0.272f,0f,0f,0f,1f],start_interpolation: 0,interpolation_duration: 1}
$data merge entity $(bone_chrome_shotgun) {transformation: [-1.0104f,0.1683f,-0.0008f,-0.2209f,0.167f,1.002f,-0.1315f,-0.2782f,-0.0208f,-0.1299f,-1.0158f,0.2933f,0f,0f,0f,1f],start_interpolation: 0,interpolation_duration: 1}
$data merge entity $(bone_right_arm) {transformation: [-0.9779f,-0.1295f,-0.1643f,-0.4168f,0.1784f,-0.106f,-0.9782f,-0.4131f,0.1093f,-0.9859f,0.1268f,-0.5084f,0f,0f,0f,1f],start_interpolation: 0,interpolation_duration: 1}
$data merge entity $(bone_left_arm) {transformation: [-0.795f,0.5156f,-0.3799f,0.1698f,0.3793f,-0.109f,-0.9415f,-0.3535f,-0.516f,-0.8743f,-0.1067f,0.7124f,0f,0f,0f,1f],start_interpolation: 0,interpolation_duration: 1}