# This file was generated by Animated Java via MC-Build. It is not recommended to edit this file directly.
$data merge entity $(bone_shotgun_shell) {transformation: [-0.6006f,-0.0024f,0.7996f,-0.0166f,0.7935f,0.1212f,0.5964f,-1.0269f,-0.0983f,0.9926f,-0.0709f,0.4362f,0f,0f,0f,1f],start_interpolation: 0,interpolation_duration: 1}
$data merge entity $(bone_clock) {transformation: [-0.4911f,0.8711f,0.0024f,0.0377f,0.8645f,0.4877f,-0.1212f,-1.1924f,-0.1067f,-0.0575f,-0.9926f,0.5482f,0f,0f,0f,1f],start_interpolation: 0,interpolation_duration: 1}
$data merge entity $(bone_barrel1) {transformation: [-0.4911f,0.8711f,0.0024f,0.0649f,0.8645f,0.4877f,-0.1212f,-1.1791f,-0.1067f,-0.0575f,-0.9926f,0.5305f,0f,0f,0f,1f],start_interpolation: 0,interpolation_duration: 1}
$data merge entity $(bone_trigger) {transformation: [-0.4911f,0.8711f,0.0024f,0.0356f,0.8645f,0.4877f,-0.1212f,-1.1814f,-0.1067f,-0.0575f,-0.9926f,0.3537f,0f,0f,0f,1f],start_interpolation: 0,interpolation_duration: 1}
$data merge entity $(bone_trigger_part) {transformation: [-0.4911f,0.8711f,0.0024f,0.0282f,0.8645f,0.4877f,-0.1212f,-1.1832f,-0.1067f,-0.0575f,-0.9926f,0.3735f,0f,0f,0f,1f],start_interpolation: 0,interpolation_duration: 1}
$data merge entity $(bone_chrome_shotgun) {transformation: [-0.4911f,0.8711f,0.0024f,0.0712f,0.8645f,0.4877f,-0.1212f,-1.175f,-0.1067f,-0.0575f,-0.9926f,0.3883f,0f,0f,0f,1f],start_interpolation: 0,interpolation_duration: 1}
$data merge entity $(bone_shotgun_shell1) {transformation: [0f,0f,0f,0.0803f,0f,0f,0f,-1.1937f,0f,0f,0f,0.3134f,0f,0f,0f,1f],start_interpolation: 0,interpolation_duration: 1}
$data merge entity $(bone_right_arm) {transformation: [-0.4872f,-0.0617f,-0.8711f,-0.0011f,0.873f,-0.0073f,-0.4877f,-1.1584f,0.0237f,-0.9981f,0.0575f,-0.0231f,0f,0f,0f,1f],start_interpolation: 0,interpolation_duration: 1}
$data merge entity $(bone_left_arm) {transformation: [-0.15f,0.3226f,-0.9346f,0.1283f,0.8164f,-0.4927f,-0.3011f,-1.335f,-0.5576f,-0.8082f,-0.1895f,0.4398f,0f,0f,0f,1f],start_interpolation: 0,interpolation_duration: 1}
data modify entity @s data merge value {"cameras":{},"locators":{"barrel":{"px":0.09190298749093084,"py":-1.065179831173394,"pz":1.036113880344985,"ry":0.13742812083117428,"rx":-6.961316457008991}}}
execute on vehicle unless entity @s[tag=aj.transforms_only] at @s run function animated_java:chrome_shotgun/animations/shoot/zzz/frames/15_root_function