# This file was generated by Animated Java via MC-Build. It is not recommended to edit this file directly.
$data merge entity $(bone_shotgun_shell) {transformation: [-0.8929f,-0.0014f,0.4502f,-0.3615f,0.4472f,0.1127f,0.8873f,-0.4319f,-0.052f,0.9936f,-0.1f,0.3301f,0f,0f,0f,1f],start_interpolation: 0,interpolation_duration: 1}
$data merge entity $(bone_clock) {transformation: [-0.6956f,0.7184f,0.0014f,-0.0193f,0.7137f,0.6913f,-0.1127f,-0.7477f,-0.082f,-0.0774f,-0.9936f,0.4593f,0f,0f,0f,1f],start_interpolation: 0,interpolation_duration: 1}
$data merge entity $(bone_barrel1) {transformation: [-0.6956f,0.7184f,0.0014f,0.0032f,0.7137f,0.6913f,-0.1127f,-0.728f,-0.082f,-0.0774f,-0.9936f,0.4397f,0f,0f,0f,1f],start_interpolation: 0,interpolation_duration: 1}
$data merge entity $(bone_trigger) {transformation: [-0.6956f,0.7184f,0.0014f,-0.0302f,0.7137f,0.6913f,-0.1127f,-0.737f,-0.082f,-0.0774f,-0.9936f,0.2638f,0f,0f,0f,1f],start_interpolation: 0,interpolation_duration: 1}
$data merge entity $(bone_trigger_part) {transformation: [-0.6956f,0.7184f,0.0014f,-0.0363f,0.7137f,0.6913f,-0.1127f,-0.7406f,-0.082f,-0.0774f,-0.9936f,0.2838f,0f,0f,0f,1f],start_interpolation: 0,interpolation_duration: 1}
$data merge entity $(bone_chrome_shotgun) {transformation: [-0.6956f,0.7184f,0.0014f,0.0037f,0.7137f,0.6913f,-0.1127f,-0.7219f,-0.082f,-0.0774f,-0.9936f,0.2974f,0f,0f,0f,1f],start_interpolation: 0,interpolation_duration: 1}
$data merge entity $(bone_shotgun_shell1) {transformation: [0f,0f,0f,0.0149f,0f,0f,0f,-0.7374f,0f,0f,0f,0.222f,0f,0f,0f,1f],start_interpolation: 0,interpolation_duration: 1}
$data merge entity $(bone_right_arm) {transformation: [-0.6898f,-0.0894f,-0.7184f,-0.0834f,0.7223f,-0.0186f,-0.6913f,-0.7224f,0.0484f,-0.9958f,0.0774f,-0.1115f,0f,0f,0f,1f],start_interpolation: 0,interpolation_duration: 1}
$data merge entity $(bone_left_arm) {transformation: [-0.3678f,0.4103f,-0.8345f,0.1008f,0.7547f,-0.3926f,-0.5257f,-0.8625f,-0.5433f,-0.8231f,-0.1653f,0.3462f,0f,0f,0f,1f],start_interpolation: 0,interpolation_duration: 1}
data modify entity @s data merge value {"cameras":{},"locators":{"barrel":{"px":0.016628791506947092,"py":-0.613015071758907,"pz":0.945570369939387,"ry":0.08104591271657569,"rx":-6.472556164557577}}}