# This file was generated by Animated Java via MC-Build. It is not recommended to edit this file directly.
$data merge entity $(bone_shotgun_shell) {transformation: [-0.9509f,0.0026f,0.3095f,-0.1909f,0.3076f,0.1203f,0.9439f,-0.2735f,-0.0348f,0.9927f,-0.1152f,0.4062f,0f,0f,0f,1f],start_interpolation: 0,interpolation_duration: 1}
$data merge entity $(bone_clock) {transformation: [-0.9509f,0.3095f,-0.0026f,-0.1652f,0.3076f,0.9439f,-0.1203f,-0.3713f,-0.0348f,-0.1152f,-0.9927f,1.0454f,0f,0f,0f,1f],start_interpolation: 0,interpolation_duration: 1}
$data merge entity $(bone_barrel) {transformation: [-0.9509f,0.3095f,-0.0026f,-0.147f,0.3076f,0.9439f,-0.1203f,-0.3684f,-0.0348f,-0.1152f,-0.9927f,0.575f,0f,0f,0f,1f],start_interpolation: 0,interpolation_duration: 1}
$data merge entity $(bone_trigger) {transformation: [-0.9509f,0.3095f,-0.0026f,-0.2176f,0.3076f,0.9439f,-0.1203f,-0.4227f,-0.0348f,-0.1152f,-0.9927f,0.2277f,0f,0f,0f,1f],start_interpolation: 0,interpolation_duration: 1}
$data merge entity $(bone_trigger_part) {transformation: [-0.9509f,0.3095f,-0.0026f,-0.2227f,0.3076f,0.9439f,-0.1203f,-0.434f,-0.0348f,-0.1152f,-0.9927f,0.2684f,0f,0f,0f,1f],start_interpolation: 0,interpolation_duration: 1}
$data merge entity $(bone_chrome_shotgun) {transformation: [-0.974f,0.3171f,-0.0026f,-0.1678f,0.3151f,0.9668f,-0.1233f,-0.3632f,-0.0357f,-0.118f,-1.0169f,0.2911f,0f,0f,0f,1f],start_interpolation: 0,interpolation_duration: 1}
$data merge entity $(bone_right_arm) {transformation: [-0.9424f,-0.1267f,-0.3095f,-0.3675f,0.3207f,-0.0792f,-0.9439f,-0.4622f,0.095f,-0.9888f,0.1152f,-0.5148f,0f,0f,0f,1f],start_interpolation: 0,interpolation_duration: 1}
$data merge entity $(bone_left_arm) {transformation: [-0.721f,0.5088f,-0.5132f,0.2002f,0.4963f,-0.1784f,-0.8741f,-0.4986f,-0.5254f,-0.8668f,-0.1213f,0.7124f,0f,0f,0f,1f],start_interpolation: 0,interpolation_duration: 1}