# This file was generated by Animated Java via MC-Build. It is not recommended to edit this file directly.
$data merge entity $(bone_shotgun_shell) {transformation: [-0.9545f,-0.0003f,0.2983f,-0.5346f,0.2964f,0.1118f,0.9485f,-0.4009f,-0.0337f,0.9937f,-0.1066f,0.2684f,0f,0f,0f,1f],start_interpolation: 0,interpolation_duration: 1}
$data merge entity $(bone_clock) {transformation: [-0.7582f,0.652f,0.0003f,-0.0433f,0.6479f,0.7535f,-0.1118f,-0.7249f,-0.0731f,-0.0845f,-0.9937f,0.3996f,0f,0f,0f,1f],start_interpolation: 0,interpolation_duration: 1}
$data merge entity $(bone_barrel1) {transformation: [-0.7582f,0.652f,0.0003f,-0.0229f,0.6479f,0.7535f,-0.1118f,-0.7035f,-0.0731f,-0.0845f,-0.9937f,0.3781f,0f,0f,0f,1f],start_interpolation: 0,interpolation_duration: 1}
$data merge entity $(bone_trigger) {transformation: [-0.7582f,0.652f,0.0003f,-0.0574f,0.6479f,0.7535f,-0.1118f,-0.7154f,-0.0731f,-0.0845f,-0.9937f,0.2026f,0f,0f,0f,1f],start_interpolation: 0,interpolation_duration: 1}
$data merge entity $(bone_trigger_part) {transformation: [-0.7582f,0.652f,0.0003f,-0.0629f,0.6479f,0.7535f,-0.1118f,-0.7195f,-0.0731f,-0.0845f,-0.9937f,0.2226f,0f,0f,0f,1f],start_interpolation: 0,interpolation_duration: 1}
$data merge entity $(bone_chrome_shotgun) {transformation: [-0.7582f,0.652f,0.0003f,-0.0245f,0.6479f,0.7535f,-0.1118f,-0.6973f,-0.0731f,-0.0845f,-0.9937f,0.2359f,0f,0f,0f,1f],start_interpolation: 0,interpolation_duration: 1}
$data merge entity $(bone_shotgun_shell1) {transformation: [0f,0f,0f,-0.0129f,0f,0f,0f,-0.7117f,0f,0f,0f,0.1603f,0f,0f,0f,1f],start_interpolation: 0,interpolation_duration: 1}
$data merge entity $(bone_right_arm) {transformation: [-0.7518f,-0.0986f,-0.652f,-0.1159f,0.6569f,-0.0262f,-0.7535f,-0.7055f,0.0572f,-0.9948f,0.0845f,-0.172f,0f,0f,0f,1f],start_interpolation: 0,interpolation_duration: 1}
$data merge entity $(bone_left_arm) {transformation: [-0.4407f,0.4348f,-0.7853f,0.0854f,0.7185f,-0.3535f,-0.599f,-0.8284f,-0.538f,-0.8282f,-0.1566f,0.2846f,0f,0f,0f,1f],start_interpolation: 0,interpolation_duration: 1}
data modify entity @s data merge value {"cameras":{},"locators":{"barrel":{"px":-0.014187453672979411,"py":-0.5879465396746402,"pz":0.8839614235571904,"ry":0.019264559305838702,"rx":-6.416581544986131}}}