# This file was generated by Animated Java via MC-Build. It is not recommended to edit this file directly.
$data merge entity $(bone_shotgun_shell) {transformation: [-0.9545f,-0.0003f,0.2983f,-0.5346f,0.2964f,0.1118f,0.9485f,-0.4321f,-0.0337f,0.9937f,-0.1066f,0.6122f,0f,0f,0f,1f],start_interpolation: 0,interpolation_duration: 1}
$data merge entity $(bone_clock) {transformation: [-0.7582f,0.652f,0.0003f,-0.0433f,0.6479f,0.7535f,-0.1118f,-0.7562f,-0.0731f,-0.0845f,-0.9937f,0.7434f,0f,0f,0f,1f],start_interpolation: 0,interpolation_duration: 1}
$data merge entity $(bone_barrel1) {transformation: [-0.7582f,0.652f,0.0003f,-0.0229f,0.6479f,0.7535f,-0.1118f,-0.7347f,-0.0731f,-0.0845f,-0.9937f,0.7218f,0f,0f,0f,1f],start_interpolation: 0,interpolation_duration: 1}
$data merge entity $(bone_trigger) {transformation: [-0.7582f,0.652f,0.0003f,-0.0574f,0.6479f,0.7535f,-0.1118f,-0.7466f,-0.0731f,-0.0845f,-0.9937f,0.5463f,0f,0f,0f,1f],start_interpolation: 0,interpolation_duration: 1}
$data merge entity $(bone_trigger_part) {transformation: [-0.7582f,0.652f,0.0003f,-0.0629f,0.6479f,0.7535f,-0.1118f,-0.7508f,-0.0731f,-0.0845f,-0.9937f,0.5664f,0f,0f,0f,1f],start_interpolation: 0,interpolation_duration: 1}
$data merge entity $(bone_chrome_shotgun) {transformation: [-0.7582f,0.652f,0.0003f,-0.0245f,0.6479f,0.7535f,-0.1118f,-0.7286f,-0.0731f,-0.0845f,-0.9937f,0.5796f,0f,0f,0f,1f],start_interpolation: 0,interpolation_duration: 1}
$data merge entity $(bone_shotgun_shell1) {transformation: [0f,0f,0f,-0.0129f,0f,0f,0f,-0.743f,0f,0f,0f,0.5041f,0f,0f,0f,1f],start_interpolation: 0,interpolation_duration: 1}
$data merge entity $(bone_right_arm) {transformation: [-0.7518f,-0.0986f,-0.652f,-0.1159f,0.6569f,-0.0262f,-0.7535f,-0.7368f,0.0572f,-0.9948f,0.0845f,0.1717f,0f,0f,0f,1f],start_interpolation: 0,interpolation_duration: 1}
$data merge entity $(bone_left_arm) {transformation: [-0.4407f,0.4348f,-0.7853f,0.0854f,0.7185f,-0.3535f,-0.599f,-0.8597f,-0.538f,-0.8282f,-0.1566f,0.6283f,0f,0f,0f,1f],start_interpolation: 0,interpolation_duration: 1}
data modify entity @s data merge value {"cameras":{},"locators":{"barrel":{"px":-0.014187453672979453,"py":-0.6191965396746402,"pz":1.2277114235571904,"ry":0.019264559305838702,"rx":-6.416581544986131}}}