# This file was generated by Animated Java via MC-Build. It is not recommended to edit this file directly.
$data merge entity $(bone_shotgun_shell) {transformation: [-0.9806f,0.0001f,0.1962f,-0.7213f,0.195f,0.1117f,0.9744f,-0.4048f,-0.0218f,0.9937f,-0.1095f,0.6164f,0f,0f,0f,1f],start_interpolation: 0,interpolation_duration: 1}
$data merge entity $(bone_clock) {transformation: [-0.7792f,0.6268f,-0.0001f,-0.0637f,0.6229f,0.7743f,-0.1117f,-0.6964f,-0.0699f,-0.0871f,-0.9937f,0.7472f,0f,0f,0f,1f],start_interpolation: 0,interpolation_duration: 1}
$data merge entity $(bone_barrel1) {transformation: [-0.7792f,0.6268f,-0.0001f,-0.0441f,0.6229f,0.7743f,-0.1117f,-0.6747f,-0.0699f,-0.0871f,-0.9937f,0.7221f,0f,0f,0f,1f],start_interpolation: 0,interpolation_duration: 1}
$data merge entity $(bone_trigger) {transformation: [-0.7792f,0.6268f,-0.0001f,-0.0789f,0.6229f,0.7743f,-0.1117f,-0.6877f,-0.0699f,-0.0871f,-0.9937f,0.5468f,0f,0f,0f,1f],start_interpolation: 0,interpolation_duration: 1}
$data merge entity $(bone_trigger_part) {transformation: [-0.7792f,0.6268f,-0.0001f,-0.0842f,0.6229f,0.7743f,-0.1117f,-0.692f,-0.0699f,-0.0871f,-0.9937f,0.5669f,0f,0f,0f,1f],start_interpolation: 0,interpolation_duration: 1}
$data merge entity $(bone_chrome_shotgun) {transformation: [-0.7792f,0.6268f,-0.0001f,-0.0465f,0.6229f,0.7743f,-0.1117f,-0.6686f,-0.0699f,-0.0871f,-0.9937f,0.5799f,0f,0f,0f,1f],start_interpolation: 0,interpolation_duration: 1}
$data merge entity $(bone_shotgun_shell1) {transformation: [0f,0f,0f,-0.0347f,0f,0f,0f,-0.6826f,0f,0f,0f,0.5043f,0f,0f,0f,1f],start_interpolation: 0,interpolation_duration: 1}
$data merge entity $(bone_right_arm) {transformation: [-0.7725f,-0.1018f,-0.6268f,-0.1392f,0.6321f,-0.0294f,-0.7743f,-0.6797f,0.0604f,-0.9944f,0.0871f,0.1724f,0f,0f,0f,1f],start_interpolation: 0,interpolation_duration: 1}
$data merge entity $(bone_left_arm) {transformation: [-0.466f,0.4427f,-0.766f,0.0678f,0.7038f,-0.3392f,-0.6242f,-0.7958f,-0.5361f,-0.83f,-0.1535f,0.6306f,0f,0f,0f,1f],start_interpolation: 0,interpolation_duration: 1}
data modify entity @s data merge value {"cameras":{},"locators":{"barrel":{"px":-0.03711042314013417,"py":-0.5589195787871887,"pz":1.227998441304536,"ry":359.9955937729573,"rx":-6.412399337526149}}}