# This file was generated by Animated Java via MC-Build. It is not recommended to edit this file directly.
$data merge entity $(bone_shotgun_shell) {transformation: [-0.342f,0f,0.9397f,0.1605f,0.9317f,0.1305f,0.3391f,-0.9124f,-0.1227f,0.9914f,-0.0446f,0.2914f,0f,0f,0f,1f],start_interpolation: 0,interpolation_duration: 1}
$data merge entity $(bone_clock) {transformation: [-0.342f,0.9397f,0f,0.1354f,0.9317f,0.3391f,-0.1305f,-0.9591f,-0.1227f,-0.0446f,-0.9914f,0.389f,0f,0f,0f,1f],start_interpolation: 0,interpolation_duration: 1}
$data merge entity $(bone_barrel1) {transformation: [-0.342f,0.9397f,0f,0.1648f,0.9317f,0.3391f,-0.1305f,-0.9505f,-0.1227f,-0.0446f,-0.9914f,0.3721f,0f,0f,0f,1f],start_interpolation: 0,interpolation_duration: 1}
$data merge entity $(bone_trigger) {transformation: [-0.342f,0.9397f,0f,0.1385f,0.9317f,0.3391f,-0.1305f,-0.9499f,-0.1227f,-0.0446f,-0.9914f,0.1948f,0f,0f,0f,1f],start_interpolation: 0,interpolation_duration: 1}
$data merge entity $(bone_trigger_part) {transformation: [-0.342f,0.9397f,0f,0.1306f,0.9317f,0.3391f,-0.1305f,-0.9503f,-0.1227f,-0.0446f,-0.9914f,0.2145f,0f,0f,0f,1f],start_interpolation: 0,interpolation_duration: 1}
$data merge entity $(bone_chrome_shotgun) {transformation: [-0.342f,0.9397f,0f,0.1741f,0.9317f,0.3391f,-0.1305f,-0.949f,-0.1227f,-0.0446f,-0.9914f,0.2301f,0f,0f,0f,1f],start_interpolation: 0,interpolation_duration: 1}
$data merge entity $(bone_shotgun_shell1) {transformation: [0f,0f,0f,0.1814f,0f,0f,0f,-0.9698f,0f,0f,0f,0.1554f,0f,0f,0f,1f],start_interpolation: 0,interpolation_duration: 1}
$data merge entity $(bone_right_arm) {transformation: [-0.3391f,-0.0446f,-0.9397f,0.1127f,0.9407f,-0.0078f,-0.3391f,-0.9253f,0.0078f,-0.999f,0.0446f,-0.1828f,0f,0f,0f,1f],start_interpolation: 0,interpolation_duration: 1}
$data merge entity $(bone_left_arm) {transformation: [-0.0055f,0.2523f,-0.9676f,0.2035f,0.824f,-0.5472f,-0.1473f,-1.1156f,-0.5666f,-0.7981f,-0.2048f,0.2835f,0f,0f,0f,1f],start_interpolation: 0,interpolation_duration: 1}
data modify entity @s data merge value {"cameras":{},"locators":{"barrel":{"px":0.20107074558651358,"py":-0.8371280508608682,"pz":0.8772495545087876,"ry":359.99999999990655,"rx":-7.499999999983196}}}
execute on vehicle unless entity @s[tag=aj.transforms_only] at @s run function animated_java:chrome_shotgun/animations/shoot/zzz/frames/19_root_function