# This file was generated by Animated Java via MC-Build. It is not recommended to edit this file directly.
$data merge entity $(bone_shotgun_shell) {transformation: [-0.9997f,0.0167f,-0.0183f,-0.2086f,-0.013f,0.2745f,0.9615f,-0.3225f,0.0211f,0.9615f,-0.2742f,0.2941f,0f,0f,0f,1f],start_interpolation: 0,interpolation_duration: 1}
$data merge entity $(bone_clock) {transformation: [-0.9997f,-0.0183f,-0.0167f,-0.159f,-0.013f,0.9615f,-0.2745f,-0.2794f,0.0211f,-0.2742f,-0.9615f,0.6027f,0f,0f,0f,1f],start_interpolation: 0,interpolation_duration: 1}
$data merge entity $(bone_barrel1) {transformation: [-0.9997f,-0.0183f,-0.0167f,-0.1635f,-0.013f,0.9615f,-0.2745f,-0.3136f,0.0211f,-0.2742f,-0.9615f,0.3688f,0f,0f,0f,1f],start_interpolation: 0,interpolation_duration: 1}
$data merge entity $(bone_trigger) {transformation: [-0.9997f,-0.0183f,-0.0167f,-0.1974f,-0.013f,0.9615f,-0.2745f,-0.3782f,0.0211f,-0.2742f,-0.9615f,0.205f,0f,0f,0f,1f],start_interpolation: 0,interpolation_duration: 1}
$data merge entity $(bone_trigger_part) {transformation: [-0.9997f,-0.0183f,-0.0167f,-0.1969f,-0.013f,0.9615f,-0.2745f,-0.381f,0.0211f,-0.2742f,-0.9615f,0.2261f,0f,0f,0f,1f],start_interpolation: 0,interpolation_duration: 1}
$data merge entity $(bone_chrome_shotgun) {transformation: [-0.9997f,-0.0183f,-0.0167f,-0.1818f,-0.013f,0.9615f,-0.2745f,-0.3374f,0.0211f,-0.2742f,-0.9615f,0.2296f,0f,0f,0f,1f],start_interpolation: 0,interpolation_duration: 1}
$data merge entity $(bone_shotgun_shell1) {transformation: [0f,0f,0f,-0.1704f,0f,0f,0f,-0.3553f,0f,0f,0f,0.1548f,0f,0f,0f,1f],start_interpolation: 0,interpolation_duration: 1}
$data merge entity $(bone_right_arm) {transformation: [-0.989f,-0.1471f,0.0183f,-0.2817f,0.0229f,-0.2738f,-0.9615f,-0.4802f,0.1464f,-0.9505f,0.2742f,-0.1504f,0f,0f,0f,1f],start_interpolation: 0,interpolation_duration: 1}
$data merge entity $(bone_left_arm) {transformation: [-0.8519f,0.482f,-0.2051f,-0.0056f,0.1524f,-0.1465f,-0.9774f,-0.3029f,-0.5011f,-0.8639f,0.0513f,0.453f,0f,0f,0f,1f],start_interpolation: 0,interpolation_duration: 1}
data modify entity @s data merge value {"cameras":{},"locators":{"barrel":{"px":-0.18703062048740213,"py":-0.12444579206342232,"pz":0.8514759754895094,"ry":359.00303987149664,"rx":-15.929931676128673}}}