# This file was generated by Animated Java via MC-Build. It is not recommended to edit this file directly.
$data merge entity $(bone_shotgun_shell) {transformation: [-0.6006f,-0.0024f,0.7996f,0.0838f,0.7935f,0.1212f,0.5964f,-0.542f,-0.0983f,0.9926f,-0.0709f,0.3763f,0f,0f,0f,1f],start_interpolation: 0,interpolation_duration: 1}
$data merge entity $(bone_clock) {transformation: [-0.4911f,0.8711f,0.0024f,0.0623f,0.8645f,0.4877f,-0.1212f,-0.7645f,-0.1067f,-0.0575f,-0.9926f,0.8132f,0f,0f,0f,1f],start_interpolation: 0,interpolation_duration: 1}
$data merge entity $(bone_barrel) {transformation: [-0.4911f,0.8711f,0.0024f,0.1173f,0.8645f,0.4877f,-0.1212f,-0.7644f,-0.1067f,-0.0575f,-0.9926f,0.561f,0f,0f,0f,1f],start_interpolation: 0,interpolation_duration: 1}
$data merge entity $(bone_trigger) {transformation: [-0.4911f,0.8711f,0.0024f,0.0586f,0.8645f,0.4877f,-0.1212f,-0.7691f,-0.1067f,-0.0575f,-0.9926f,0.2073f,0f,0f,0f,1f],start_interpolation: 0,interpolation_duration: 1}
$data merge entity $(bone_trigger_part) {transformation: [-0.4911f,0.8711f,0.0024f,0.0438f,0.8645f,0.4877f,-0.1212f,-0.7726f,-0.1067f,-0.0575f,-0.9926f,0.247f,0f,0f,0f,1f],start_interpolation: 0,interpolation_duration: 1}
$data merge entity $(bone_chrome_shotgun) {transformation: [-0.503f,0.8923f,0.0024f,0.1299f,0.8856f,0.4996f,-0.1241f,-0.7562f,-0.1093f,-0.0589f,-1.0168f,0.2767f,0f,0f,0f,1f],start_interpolation: 0,interpolation_duration: 1}
$data merge entity $(bone_right_arm) {transformation: [-0.4872f,-0.0617f,-0.8711f,-0.0147f,0.873f,-0.0073f,-0.4877f,-0.7231f,0.0237f,-0.9981f,0.0575f,-0.5462f,0f,0f,0f,1f],start_interpolation: 0,interpolation_duration: 1}
$data merge entity $(bone_left_arm) {transformation: [-0.1531f,0.3293f,-0.954f,0.2745f,0.8334f,-0.503f,-0.3074f,-1.1152f,-0.5693f,-0.825f,-0.1934f,0.5102f,0f,0f,0f,1f],start_interpolation: 0,interpolation_duration: 1}