# This file was generated by Animated Java via MC-Build. It is not recommended to edit this file directly.
$data merge entity $(bone_shotgun_shell) {transformation: [-0.989f,0.0007f,0.1478f,-1.1449f,0.1469f,0.1118f,0.9828f,-0.4202f,-0.0159f,0.9937f,-0.1107f,0.2997f,0f,0f,0f,1f],start_interpolation: 0,interpolation_duration: 1}
$data merge entity $(bone_clock) {transformation: [-0.809f,0.5878f,-0.0007f,-0.1223f,0.5841f,0.8039f,-0.1118f,-0.4769f,-0.0652f,-0.0909f,-0.9937f,0.4516f,0f,0f,0f,1f],start_interpolation: 0,interpolation_duration: 1}
$data merge entity $(bone_barrel1) {transformation: [-0.809f,0.5878f,-0.0007f,-0.1039f,0.5841f,0.8039f,-0.1118f,-0.4596f,-0.0652f,-0.0909f,-0.9937f,0.3788f,0f,0f,0f,1f],start_interpolation: 0,interpolation_duration: 1}
$data merge entity $(bone_trigger) {transformation: [-0.809f,0.5878f,-0.0007f,-0.1391f,0.5841f,0.8039f,-0.1118f,-0.4743f,-0.0652f,-0.0909f,-0.9937f,0.2037f,0f,0f,0f,1f],start_interpolation: 0,interpolation_duration: 1}
$data merge entity $(bone_trigger_part) {transformation: [-0.809f,0.5878f,-0.0007f,-0.144f,0.5841f,0.8039f,-0.1118f,-0.4789f,-0.0652f,-0.0909f,-0.9937f,0.2238f,0f,0f,0f,1f],start_interpolation: 0,interpolation_duration: 1}
$data merge entity $(bone_chrome_shotgun) {transformation: [-0.809f,0.5878f,-0.0007f,-0.1075f,0.5841f,0.8039f,-0.1118f,-0.4537f,-0.0652f,-0.0909f,-0.9937f,0.2367f,0f,0f,0f,1f],start_interpolation: 0,interpolation_duration: 1}
$data merge entity $(bone_shotgun_shell1) {transformation: [0f,0f,0f,-0.0955f,0f,0f,0f,-0.4671f,0f,0f,0f,0.161f,0f,0f,0f,1f],start_interpolation: 0,interpolation_duration: 1}
$data merge entity $(bone_right_arm) {transformation: [-0.802f,-0.1063f,-0.5878f,-0.202f,0.5937f,-0.0346f,-0.8039f,-0.4695f,0.0651f,-0.9937f,0.0909f,-0.1703f,0f,0f,0f,1f],start_interpolation: 0,interpolation_duration: 1}
$data merge entity $(bone_left_arm) {transformation: [-0.503f,0.4536f,-0.7356f,0.0132f,0.6801f,-0.3174f,-0.6608f,-0.5713f,-0.5333f,-0.8327f,-0.1488f,0.3206f,0f,0f,0f,1f],start_interpolation: 0,interpolation_duration: 1}
data modify entity @s data merge value {"cameras":{},"locators":{"barrel":{"px":-0.09948670762100247,"py":-0.3435042686906285,"pz":0.884647165151877,"ry":359.9603056198507,"rx":-6.421888410504231}}}