# This file was generated by Animated Java via MC-Build. It is not recommended to edit this file directly.
$data merge entity $(bone_shotgun_shell) {transformation: [-0.8929f,-0.0014f,0.4502f,-0.3075f,0.4472f,0.1127f,0.8873f,-0.2982f,-0.052f,0.9936f,-0.1f,0.3664f,0f,0f,0f,1f],start_interpolation: 0,interpolation_duration: 1}
$data merge entity $(bone_clock) {transformation: [-0.6956f,0.7184f,0.0014f,-0.0139f,0.7137f,0.6913f,-0.1127f,-0.6896f,-0.082f,-0.0774f,-0.9936f,0.8218f,0f,0f,0f,1f],start_interpolation: 0,interpolation_duration: 1}
$data merge entity $(bone_barrel) {transformation: [-0.6956f,0.7184f,0.0014f,0.0313f,0.7137f,0.6913f,-0.1127f,-0.6748f,-0.082f,-0.0774f,-0.9936f,0.5668f,0f,0f,0f,1f],start_interpolation: 0,interpolation_duration: 1}
$data merge entity $(bone_trigger) {transformation: [-0.6956f,0.7184f,0.0014f,-0.0354f,0.7137f,0.6913f,-0.1127f,-0.6927f,-0.082f,-0.0774f,-0.9936f,0.215f,0f,0f,0f,1f],start_interpolation: 0,interpolation_duration: 1}
$data merge entity $(bone_trigger_part) {transformation: [-0.6956f,0.7184f,0.0014f,-0.0476f,0.7137f,0.6913f,-0.1127f,-0.6999f,-0.082f,-0.0774f,-0.9936f,0.2551f,0f,0f,0f,1f],start_interpolation: 0,interpolation_duration: 1}
$data merge entity $(bone_chrome_shotgun) {transformation: [-0.7125f,0.7359f,0.0014f,0.0324f,0.7311f,0.7081f,-0.1155f,-0.6626f,-0.084f,-0.0793f,-1.0178f,0.2824f,0f,0f,0f,1f],start_interpolation: 0,interpolation_duration: 1}
$data merge entity $(bone_right_arm) {transformation: [-0.6898f,-0.0894f,-0.7184f,-0.1417f,0.7223f,-0.0186f,-0.6913f,-0.6635f,0.0484f,-0.9958f,0.0774f,-0.5355f,0f,0f,0f,1f],start_interpolation: 0,interpolation_duration: 1}
$data merge entity $(bone_left_arm) {transformation: [-0.3754f,0.4189f,-0.8519f,0.2699f,0.7704f,-0.4007f,-0.5366f,-0.9744f,-0.5546f,-0.8403f,-0.1687f,0.5085f,0f,0f,0f,1f],start_interpolation: 0,interpolation_duration: 1}