# This file was generated by Animated Java via MC-Build. It is not recommended to edit this file directly.
$data merge entity $(bone_shotgun_shell) {transformation: [-0.9397f,0f,-0.342f,-1.2697f,-0.3391f,0.1305f,0.9317f,-1.1943f,0.0446f,0.9914f,-0.1227f,0.4149f,0f,0f,0f,1f],start_interpolation: 0,interpolation_duration: 1}
$data merge entity $(bone_clock) {transformation: [-0.9914f,0.1305f,0f,-0.173f,0.1294f,0.983f,-0.1305f,-0.3721f,-0.017f,-0.1294f,-0.9914f,0.6187f,0f,0f,0f,1f],start_interpolation: 0,interpolation_duration: 1}
$data merge entity $(bone_barrel1) {transformation: [-0.9914f,0.1305f,0f,-0.1689f,0.1294f,0.983f,-0.1305f,-0.3719f,-0.017f,-0.1294f,-0.9914f,0.3823f,0f,0f,0f,1f],start_interpolation: 0,interpolation_duration: 1}
$data merge entity $(bone_trigger) {transformation: [-0.9914f,0.1305f,0f,-0.202f,0.1294f,0.983f,-0.1305f,-0.4071f,-0.017f,-0.1294f,-0.9914f,0.2097f,0f,0f,0f,1f],start_interpolation: 0,interpolation_duration: 1}
$data merge entity $(bone_trigger_part) {transformation: [-0.9914f,0.1305f,0f,-0.2031f,0.1294f,0.983f,-0.1305f,-0.4129f,-0.017f,-0.1294f,-0.9914f,0.2301f,0f,0f,0f,1f],start_interpolation: 0,interpolation_duration: 1}
$data merge entity $(bone_chrome_shotgun) {transformation: [-0.9914f,0.1305f,0f,-0.1824f,0.1294f,0.983f,-0.1305f,-0.3729f,-0.017f,-0.1294f,-0.9914f,0.2406f,0f,0f,0f,1f],start_interpolation: 0,interpolation_duration: 1}
$data merge entity $(bone_shotgun_shell1) {transformation: [0f,0f,0f,-0.1694f,0f,0f,0f,-0.3815f,0f,0f,0f,0.1644f,0f,0f,0f,1f],start_interpolation: 0,interpolation_duration: 1}
$data merge entity $(bone_right_arm) {transformation: [-0.983f,-0.1294f,-0.1305f,-0.2794f,0.1453f,-0.1125f,-0.983f,-0.4445f,0.1125f,-0.9852f,0.1294f,-0.1597f,0f,0f,0f,1f],start_interpolation: 0,interpolation_duration: 1}
$data merge entity $(bone_left_arm) {transformation: [-0.7927f,0.5053f,-0.341f,-0.016f,0.3437f,-0.0914f,-0.9346f,-0.4014f,-0.5034f,-0.8581f,-0.1012f,0.4335f,0f,0f,0f,1f],start_interpolation: 0,interpolation_duration: 1}
data modify entity @s data merge value {"cameras":{},"locators":{"barrel":{"px":-0.19335615226633351,"py":-0.25143970899049617,"pz":0.8865391730355356,"ry":6.423306331271306e-12,"rx":-7.499999999923287}}}