# This file was generated by Animated Java via MC-Build. It is not recommended to edit this file directly.
$data merge entity $(bone_shotgun_shell) {transformation: [-0.9213f,0.0011f,-0.3889f,-1.482f,-0.3889f,-0.021f,0.921f,-2.1532f,-0.0072f,0.9998f,0.0197f,0.6263f,0f,0f,0f,1f],start_interpolation: 0,interpolation_duration: 1}
$data merge entity $(bone_clock) {transformation: [-0.9968f,0.0804f,-0.0011f,-0.172f,0.0804f,0.9965f,0.021f,-0.5225f,0.0027f,0.0208f,-0.9998f,0.9686f,0f,0f,0f,1f],start_interpolation: 0,interpolation_duration: 1}
$data merge entity $(bone_barrel1) {transformation: [-0.9968f,0.0804f,-0.0011f,-0.1697f,0.0804f,0.9965f,0.021f,-0.4865f,0.0027f,0.0208f,-0.9998f,0.7349f,0f,0f,0f,1f],start_interpolation: 0,interpolation_duration: 1}
$data merge entity $(bone_trigger) {transformation: [-0.9968f,0.0804f,-0.0011f,-0.2024f,0.0804f,0.9965f,0.021f,-0.4968f,0.0027f,0.0208f,-0.9998f,0.5589f,0f,0f,0f,1f],start_interpolation: 0,interpolation_duration: 1}
$data merge entity $(bone_trigger_part) {transformation: [-0.9968f,0.0804f,-0.0011f,-0.203f,0.0804f,0.9965f,0.021f,-0.5056f,0.0027f,0.0208f,-0.9998f,0.5782f,0f,0f,0f,1f],start_interpolation: 0,interpolation_duration: 1}
$data merge entity $(bone_chrome_shotgun) {transformation: [-0.9968f,0.0804f,-0.0011f,-0.1842f,0.0804f,0.9965f,0.021f,-0.4667f,0.0027f,0.0208f,-0.9998f,0.5947f,0f,0f,0f,1f],start_interpolation: 0,interpolation_duration: 1}
$data merge entity $(bone_shotgun_shell1) {transformation: [0f,0f,0f,-0.1714f,0f,0f,0f,-0.463f,0f,0f,0f,0.518f,0f,0f,0f,1f],start_interpolation: 0,interpolation_duration: 1}
$data merge entity $(bone_right_arm) {transformation: [-0.9881f,-0.1311f,-0.0804f,-0.2806f,0.0769f,0.0313f,-0.9965f,-0.4818f,0.1332f,-0.9909f,-0.0208f,0.1881f,0f,0f,0f,1f],start_interpolation: 0,interpolation_duration: 1}
$data merge entity $(bone_left_arm) {transformation: [-0.8127f,0.5026f,-0.2947f,-0.0152f,0.3755f,0.0649f,-0.9246f,-0.5159f,-0.4456f,-0.8621f,-0.2415f,0.7966f,0f,0f,0f,1f],start_interpolation: 0,interpolation_duration: 1}
data modify entity @s data merge value {"cameras":{},"locators":{"barrel":{"px":-0.19630966014497836,"py":-0.44494151609878735,"pz":1.2515239984877553,"ry":359.93974444554954,"rx":1.2023713011351964}}}