# This file was generated by Animated Java via MC-Build. It is not recommended to edit this file directly.
$data merge entity $(bone_shotgun_shell) {transformation: [-0.9865f,0.0005f,0.164f,-0.8323f,0.163f,0.1118f,0.9803f,-0.3808f,-0.0178f,0.9937f,-0.1103f,0.6621f,0f,0f,0f,1f],start_interpolation: 0,interpolation_duration: 1}
$data merge entity $(bone_clock) {transformation: [-0.7993f,0.6009f,-0.0005f,-0.0867f,0.5972f,0.7943f,-0.1118f,-0.687f,-0.0668f,-0.0896f,-0.9937f,1.1188f,0f,0f,0f,1f],start_interpolation: 0,interpolation_duration: 1}
$data merge entity $(bone_barrel) {transformation: [-0.7993f,0.6009f,-0.0005f,-0.0493f,0.5972f,0.7943f,-0.1118f,-0.6668f,-0.0668f,-0.0896f,-0.9937f,0.8511f,0f,0f,0f,1f],start_interpolation: 0,interpolation_duration: 1}
$data merge entity $(bone_trigger) {transformation: [-0.7993f,0.6009f,-0.0005f,-0.1193f,0.5972f,0.7943f,-0.1118f,-0.695f,-0.0668f,-0.0896f,-0.9937f,0.5006f,0f,0f,0f,1f],start_interpolation: 0,interpolation_duration: 1}
$data merge entity $(bone_trigger_part) {transformation: [-0.7993f,0.6009f,-0.0005f,-0.1295f,0.5972f,0.7943f,-0.1118f,-0.7041f,-0.0668f,-0.0896f,-0.9937f,0.5409f,0f,0f,0f,1f],start_interpolation: 0,interpolation_duration: 1}
$data merge entity $(bone_chrome_shotgun) {transformation: [-0.8187f,0.6156f,-0.0005f,-0.0556f,0.6118f,0.8136f,-0.1145f,-0.6547f,-0.0684f,-0.0918f,-1.0179f,0.5668f,0f,0f,0f,1f],start_interpolation: 0,interpolation_duration: 1}
$data merge entity $(bone_right_arm) {transformation: [-0.7924f,-0.1048f,-0.6009f,-0.2435f,0.6067f,-0.0328f,-0.7943f,-0.6832f,0.0635f,-0.9939f,0.0896f,-0.2476f,0f,0f,0f,1f],start_interpolation: 0,interpolation_duration: 1}
$data merge entity $(bone_left_arm) {transformation: [-0.4908f,0.4501f,-0.746f,0.2316f,0.6882f,-0.3247f,-0.6488f,-0.9245f,-0.5342f,-0.8318f,-0.1504f,0.7994f,0f,0f,0f,1f],start_interpolation: 0,interpolation_duration: 1}