# This file was generated by Animated Java via MC-Build. It is not recommended to edit this file directly.
$data merge entity $(bone_shotgun_shell) {transformation: [-0.9213f,0.0011f,-0.3889f,-1.357f,-0.3889f,-0.021f,0.921f,-2.122f,-0.0072f,0.9998f,0.0197f,0.2825f,0f,0f,0f,1f],start_interpolation: 0,interpolation_duration: 1}
$data merge entity $(bone_clock) {transformation: [-0.9968f,0.0804f,-0.0011f,-0.047f,0.0804f,0.9965f,0.021f,-0.4913f,0.0027f,0.0208f,-0.9998f,0.6248f,0f,0f,0f,1f],start_interpolation: 0,interpolation_duration: 1}
$data merge entity $(bone_barrel1) {transformation: [-0.9968f,0.0804f,-0.0011f,-0.0447f,0.0804f,0.9965f,0.021f,-0.4552f,0.0027f,0.0208f,-0.9998f,0.3911f,0f,0f,0f,1f],start_interpolation: 0,interpolation_duration: 1}
$data merge entity $(bone_trigger) {transformation: [-0.9968f,0.0804f,-0.0011f,-0.0774f,0.0804f,0.9965f,0.021f,-0.4655f,0.0027f,0.0208f,-0.9998f,0.2152f,0f,0f,0f,1f],start_interpolation: 0,interpolation_duration: 1}
$data merge entity $(bone_trigger_part) {transformation: [-0.9968f,0.0804f,-0.0011f,-0.078f,0.0804f,0.9965f,0.021f,-0.4743f,0.0027f,0.0208f,-0.9998f,0.2345f,0f,0f,0f,1f],start_interpolation: 0,interpolation_duration: 1}
$data merge entity $(bone_chrome_shotgun) {transformation: [-0.9968f,0.0804f,-0.0011f,-0.0592f,0.0804f,0.9965f,0.021f,-0.4354f,0.0027f,0.0208f,-0.9998f,0.2509f,0f,0f,0f,1f],start_interpolation: 0,interpolation_duration: 1}
$data merge entity $(bone_shotgun_shell1) {transformation: [0f,0f,0f,-0.0464f,0f,0f,0f,-0.4317f,0f,0f,0f,0.1743f,0f,0f,0f,1f],start_interpolation: 0,interpolation_duration: 1}
$data merge entity $(bone_right_arm) {transformation: [-0.9881f,-0.1311f,-0.0804f,-0.1556f,0.0769f,0.0313f,-0.9965f,-0.4505f,0.1332f,-0.9909f,-0.0208f,-0.1556f,0f,0f,0f,1f],start_interpolation: 0,interpolation_duration: 1}
$data merge entity $(bone_left_arm) {transformation: [-0.8127f,0.3907f,-0.4322f,0.1023f,0.3755f,-0.2161f,-0.9013f,-0.5781f,-0.4456f,-0.8948f,0.0289f,0.4509f,0f,0f,0f,1f],start_interpolation: 0,interpolation_duration: 1}
$data merge entity $(bone_muzzleflash) {transformation: [0f,0f,0f,-0.0719f,0f,0f,0f,-0.3953f,0f,0f,0f,0.7875f,0f,0f,0f,1f],start_interpolation: 0,interpolation_duration: 1}
data modify entity @s data merge value {"cameras":{},"locators":{"barrel":{"px":-0.0713096601449783,"py":-0.41369151609878735,"pz":0.9077739984877554,"ry":359.93974444554954,"rx":1.2023713011351964}}}