# This file was generated by Animated Java via MC-Build. It is not recommended to edit this file directly.
$data merge entity $(bone_shotgun_shell) {transformation: [-0.923f,0.0003f,-0.3849f,-1.6164f,-0.3849f,-0.0073f,0.9229f,-2.4947f,-0.0025f,1f,0.0069f,0.3636f,0f,0f,0f,1f],start_interpolation: 0,interpolation_duration: 1}
$data merge entity $(bone_clock) {transformation: [-0.9964f,0.0848f,-0.0003f,-0.1726f,0.0848f,0.9964f,0.0073f,-0.4493f,0.001f,0.0073f,-1f,0.6875f,0f,0f,0f,1f],start_interpolation: 0,interpolation_duration: 1}
$data merge entity $(bone_barrel1) {transformation: [-0.9964f,0.0848f,-0.0003f,-0.17f,0.0848f,0.9964f,0.0073f,-0.4164f,0.001f,0.0073f,-1f,0.4533f,0f,0f,0f,1f],start_interpolation: 0,interpolation_duration: 1}
$data merge entity $(bone_trigger) {transformation: [-0.9964f,0.0848f,-0.0003f,-0.2026f,0.0848f,0.9964f,0.0073f,-0.429f,0.001f,0.0073f,-1f,0.2775f,0f,0f,0f,1f],start_interpolation: 0,interpolation_duration: 1}
$data merge entity $(bone_trigger_part) {transformation: [-0.9964f,0.0848f,-0.0003f,-0.2033f,0.0848f,0.9964f,0.0073f,-0.4375f,0.001f,0.0073f,-1f,0.2969f,0f,0f,0f,1f],start_interpolation: 0,interpolation_duration: 1}
$data merge entity $(bone_chrome_shotgun) {transformation: [-0.9964f,0.0848f,-0.0003f,-0.1843f,0.0848f,0.9964f,0.0073f,-0.3985f,0.001f,0.0073f,-1f,0.3128f,0f,0f,0f,1f],start_interpolation: 0,interpolation_duration: 1}
$data merge entity $(bone_shotgun_shell1) {transformation: [0f,0f,0f,-0.1714f,0f,0f,0f,-0.3959f,0f,0f,0f,0.2362f,0f,0f,0f,1f],start_interpolation: 0,interpolation_duration: 1}
$data merge entity $(bone_right_arm) {transformation: [-0.9878f,-0.1304f,-0.0848f,-0.2805f,0.0831f,0.0183f,-0.9964f,-0.4187f,0.1315f,-0.9913f,-0.0073f,-0.0935f,0f,0f,0f,1f],start_interpolation: 0,interpolation_duration: 1}
$data merge entity $(bone_left_arm) {transformation: [-0.8108f,0.5035f,-0.2987f,-0.0156f,0.3729f,0.0509f,-0.9265f,-0.4458f,-0.4512f,-0.8625f,-0.229f,0.5234f,0f,0f,0f,1f],start_interpolation: 0,interpolation_duration: 1}
data modify entity @s data merge value {"cameras":{},"locators":{"barrel":{"px":-0.19670994159631483,"py":-0.3677240208292769,"pz":0.9693321559524497,"ry":359.9808847424711,"rx":0.4186081654343866}}}