# This file was generated by Animated Java via MC-Build. It is not recommended to edit this file directly.
$data merge entity $(bone_shotgun_shell) {transformation: [-0.9975f,0.0123f,-0.0694f,-0.2754f,-0.0617f,0.3238f,0.9441f,-0.1487f,0.0341f,0.9461f,-0.3222f,0.3605f,0f,0f,0f,1f],start_interpolation: 0,interpolation_duration: 1}
$data merge entity $(bone_clock) {transformation: [-0.9975f,-0.0694f,-0.0123f,-0.1663f,-0.0617f,0.9441f,-0.3238f,-0.0886f,0.0341f,-0.3222f,-0.9461f,0.9991f,0f,0f,0f,1f],start_interpolation: 0,interpolation_duration: 1}
$data merge entity $(bone_barrel) {transformation: [-0.9975f,-0.0694f,-0.0123f,-0.1764f,-0.0617f,0.9441f,-0.3238f,-0.1814f,0.0341f,-0.3222f,-0.9461f,0.5355f,0f,0f,0f,1f],start_interpolation: 0,interpolation_duration: 1}
$data merge entity $(bone_trigger) {transformation: [-0.9975f,-0.0694f,-0.0123f,-0.2408f,-0.0617f,0.9441f,-0.3238f,-0.3303f,0.0341f,-0.3222f,-0.9461f,0.2158f,0f,0f,0f,1f],start_interpolation: 0,interpolation_duration: 1}
$data merge entity $(bone_trigger_part) {transformation: [-0.9975f,-0.0694f,-0.0123f,-0.2391f,-0.0617f,0.9441f,-0.3238f,-0.3336f,0.0341f,-0.3222f,-0.9461f,0.2581f,0f,0f,0f,1f],start_interpolation: 0,interpolation_duration: 1}
$data merge entity $(bone_chrome_shotgun) {transformation: [-1.0218f,-0.0711f,-0.0126f,-0.2132f,-0.0632f,0.9671f,-0.3316f,-0.2448f,0.035f,-0.33f,-0.9691f,0.2604f,0f,0f,0f,1f],start_interpolation: 0,interpolation_duration: 1}
$data merge entity $(bone_right_arm) {transformation: [-0.9874f,-0.1424f,0.0694f,-0.4059f,-0.0189f,-0.3291f,-0.9441f,-0.5785f,0.1573f,-0.9335f,0.3222f,-0.4817f,0f,0f,0f,1f],start_interpolation: 0,interpolation_duration: 1}
$data merge entity $(bone_left_arm) {transformation: [-0.8813f,0.4902f,-0.1583f,0.2014f,0.0857f,-0.1698f,-1.003f,-0.1473f,-0.508f,-0.8792f,0.1054f,0.651f,0f,0f,0f,1f],start_interpolation: 0,interpolation_duration: 1}