# This file was generated by Animated Java via MC-Build. It is not recommended to edit this file directly.
$data merge entity $(bone_shotgun_shell) {transformation: [-0.9997f,0.0167f,0.0183f,-0.1422f,0.0218f,0.239f,0.9708f,-0.4261f,0.0118f,0.9709f,-0.2393f,0.2977f,0f,0f,0f,1f],start_interpolation: 0,interpolation_duration: 1}
$data merge entity $(bone_clock) {transformation: [-0.9997f,0.0183f,-0.0167f,-0.0971f,0.0218f,0.9708f,-0.239f,-0.396f,0.0118f,-0.2393f,-0.9709f,0.6082f,0f,0f,0f,1f],start_interpolation: 0,interpolation_duration: 1}
$data merge entity $(bone_barrel1) {transformation: [-0.9997f,0.0183f,-0.0167f,-0.1005f,0.0218f,0.9708f,-0.239f,-0.4217f,0.0118f,-0.2393f,-0.9709f,0.3732f,0f,0f,0f,1f],start_interpolation: 0,interpolation_duration: 1}
$data merge entity $(bone_trigger) {transformation: [-0.9997f,0.0183f,-0.0167f,-0.1349f,0.0218f,0.9708f,-0.239f,-0.4791f,0.0118f,-0.2393f,-0.9709f,0.2069f,0f,0f,0f,1f],start_interpolation: 0,interpolation_duration: 1}
$data merge entity $(bone_trigger_part) {transformation: [-0.9997f,0.0183f,-0.0167f,-0.1348f,0.0218f,0.9708f,-0.239f,-0.4826f,0.0118f,-0.2393f,-0.9709f,0.2278f,0f,0f,0f,1f],start_interpolation: 0,interpolation_duration: 1}
$data merge entity $(bone_chrome_shotgun) {transformation: [-0.9997f,0.0183f,-0.0167f,-0.1181f,0.0218f,0.9708f,-0.239f,-0.4398f,0.0118f,-0.2393f,-0.9709f,0.2331f,0f,0f,0f,1f],start_interpolation: 0,interpolation_duration: 1}
$data merge entity $(bone_shotgun_shell1) {transformation: [0f,0f,0f,-0.1067f,0f,0f,0f,-0.4554f,0f,0f,0f,0.1577f,0f,0f,0f,1f],start_interpolation: 0,interpolation_duration: 1}
$data merge entity $(bone_right_arm) {transformation: [-0.989f,-0.147f,-0.0183f,-0.2192f,0.0528f,-0.2341f,-0.9708f,-0.5652f,0.1384f,-0.961f,0.2393f,-0.1528f,0f,0f,0f,1f],start_interpolation: 0,interpolation_duration: 1}
$data merge entity $(bone_left_arm) {transformation: [-0.8408f,0.4852f,-0.2399f,0.057f,0.2005f,-0.1325f,-0.9707f,-0.4188f,-0.5028f,-0.8643f,0.0141f,0.4622f,0f,0f,0f,1f],start_interpolation: 0,interpolation_duration: 1}
data modify entity @s data merge value {"cameras":{},"locators":{"barrel":{"px":-0.12217403026760355,"py":-0.24922737930906336,"pz":0.8621637985682027,"ry":359.015539300237,"rx":-13.82939118817234}}}