# This file was generated by Animated Java via MC-Build. It is not recommended to edit this file directly.
$data merge entity $(bone_shotgun_shell) {transformation: [-0.9975f,0.0123f,-0.0694f,-0.2754f,-0.0617f,0.3238f,0.9441f,-0.305f,0.0341f,0.9461f,-0.3222f,0.6417f,0f,0f,0f,1f],start_interpolation: 0,interpolation_duration: 1}
$data merge entity $(bone_clock) {transformation: [-0.9975f,-0.0694f,-0.0123f,-0.1663f,-0.0617f,0.9441f,-0.3238f,-0.2448f,0.0341f,-0.3222f,-0.9461f,1.2804f,0f,0f,0f,1f],start_interpolation: 0,interpolation_duration: 1}
$data merge entity $(bone_barrel) {transformation: [-0.9975f,-0.0694f,-0.0123f,-0.1764f,-0.0617f,0.9441f,-0.3238f,-0.3376f,0.0341f,-0.3222f,-0.9461f,0.8168f,0f,0f,0f,1f],start_interpolation: 0,interpolation_duration: 1}
$data merge entity $(bone_trigger) {transformation: [-0.9975f,-0.0694f,-0.0123f,-0.2408f,-0.0617f,0.9441f,-0.3238f,-0.4865f,0.0341f,-0.3222f,-0.9461f,0.4971f,0f,0f,0f,1f],start_interpolation: 0,interpolation_duration: 1}
$data merge entity $(bone_trigger_part) {transformation: [-0.9975f,-0.0694f,-0.0123f,-0.2391f,-0.0617f,0.9441f,-0.3238f,-0.4898f,0.0341f,-0.3222f,-0.9461f,0.5394f,0f,0f,0f,1f],start_interpolation: 0,interpolation_duration: 1}
$data merge entity $(bone_chrome_shotgun) {transformation: [-1.0218f,-0.0711f,-0.0126f,-0.2132f,-0.0632f,0.9671f,-0.3316f,-0.4011f,0.035f,-0.33f,-0.9691f,0.5417f,0f,0f,0f,1f],start_interpolation: 0,interpolation_duration: 1}
$data merge entity $(bone_right_arm) {transformation: [-0.9874f,-0.1424f,0.0694f,-0.4059f,-0.0189f,-0.3291f,-0.9441f,-0.7347f,0.1573f,-0.9335f,0.3222f,-0.2004f,0f,0f,0f,1f],start_interpolation: 0,interpolation_duration: 1}
$data merge entity $(bone_left_arm) {transformation: [-0.8633f,0.4802f,-0.1551f,0.2014f,0.084f,-0.1663f,-0.9825f,-0.3035f,-0.4976f,-0.8612f,0.1033f,0.9323f,0f,0f,0f,1f],start_interpolation: 0,interpolation_duration: 1}