# This file was generated by Animated Java via MC-Build. It is not recommended to edit this file directly.
$data merge entity $(bone_shotgun_shell) {transformation: [-0.9997f,0.0167f,0.0183f,-0.2047f,0.0218f,0.239f,0.9708f,-0.3323f,0.0118f,0.9709f,-0.2393f,0.2977f,0f,0f,0f,1f],start_interpolation: 0,interpolation_duration: 1}
$data merge entity $(bone_clock) {transformation: [-0.9997f,0.0183f,-0.0167f,-0.1596f,0.0218f,0.9708f,-0.239f,-0.3023f,0.0118f,-0.2393f,-0.9709f,0.6082f,0f,0f,0f,1f],start_interpolation: 0,interpolation_duration: 1}
$data merge entity $(bone_barrel1) {transformation: [-0.9997f,0.0183f,-0.0167f,-0.163f,0.0218f,0.9708f,-0.239f,-0.3279f,0.0118f,-0.2393f,-0.9709f,0.3732f,0f,0f,0f,1f],start_interpolation: 0,interpolation_duration: 1}
$data merge entity $(bone_trigger) {transformation: [-0.9997f,0.0183f,-0.0167f,-0.1974f,0.0218f,0.9708f,-0.239f,-0.3853f,0.0118f,-0.2393f,-0.9709f,0.2069f,0f,0f,0f,1f],start_interpolation: 0,interpolation_duration: 1}
$data merge entity $(bone_trigger_part) {transformation: [-0.9997f,0.0183f,-0.0167f,-0.1973f,0.0218f,0.9708f,-0.239f,-0.3889f,0.0118f,-0.2393f,-0.9709f,0.2278f,0f,0f,0f,1f],start_interpolation: 0,interpolation_duration: 1}
$data merge entity $(bone_chrome_shotgun) {transformation: [-0.9997f,0.0183f,-0.0167f,-0.1806f,0.0218f,0.9708f,-0.239f,-0.3461f,0.0118f,-0.2393f,-0.9709f,0.2331f,0f,0f,0f,1f],start_interpolation: 0,interpolation_duration: 1}
$data merge entity $(bone_shotgun_shell1) {transformation: [0f,0f,0f,-0.1692f,0f,0f,0f,-0.3616f,0f,0f,0f,0.1577f,0f,0f,0f,1f],start_interpolation: 0,interpolation_duration: 1}
$data merge entity $(bone_right_arm) {transformation: [-0.989f,-0.147f,-0.0183f,-0.2817f,0.0528f,-0.2341f,-0.9708f,-0.4715f,0.1384f,-0.961f,0.2393f,-0.1528f,0f,0f,0f,1f],start_interpolation: 0,interpolation_duration: 1}
$data merge entity $(bone_left_arm) {transformation: [-0.8408f,0.4852f,-0.2399f,-0.0055f,0.2005f,-0.1325f,-0.9707f,-0.3251f,-0.5028f,-0.8643f,0.0141f,0.4622f,0f,0f,0f,1f],start_interpolation: 0,interpolation_duration: 1}
data modify entity @s data merge value {"cameras":{},"locators":{"barrel":{"px":-0.18467403026760354,"py":-0.15547737930906336,"pz":0.8621637985682027,"ry":359.015539300237,"rx":-13.82939118817234}}}