# This file was generated by Animated Java via MC-Build. It is not recommended to edit this file directly.
$data merge entity $(bone_shotgun_shell) {transformation: [-0.9239f,0f,-0.3827f,-1.6475f,-0.3827f,0f,0.9239f,-2.8372f,0f,1f,0f,0.3156f,0f,0f,0f,1f],start_interpolation: 0,interpolation_duration: 1}
$data merge entity $(bone_clock) {transformation: [-0.9962f,0.0872f,0f,-0.1103f,0.0872f,0.9962f,0f,-0.506f,0f,0f,-1f,0.625f,0f,0f,0f,1f],start_interpolation: 0,interpolation_duration: 1}
$data merge entity $(bone_barrel1) {transformation: [-0.9962f,0.0872f,0f,-0.1076f,0.0872f,0.9962f,0f,-0.4749f,0f,0f,-1f,0.3906f,0f,0f,0f,1f],start_interpolation: 0,interpolation_duration: 1}
$data merge entity $(bone_trigger) {transformation: [-0.9962f,0.0872f,0f,-0.1402f,0.0872f,0.9962f,0f,-0.4887f,0f,0f,-1f,0.2149f,0f,0f,0f,1f],start_interpolation: 0,interpolation_duration: 1}
$data merge entity $(bone_trigger_part) {transformation: [-0.9962f,0.0872f,0f,-0.1409f,0.0872f,0.9962f,0f,-0.4971f,0f,0f,-1f,0.2344f,0f,0f,0f,1f],start_interpolation: 0,interpolation_duration: 1}
$data merge entity $(bone_chrome_shotgun) {transformation: [-0.9962f,0.0872f,0f,-0.1218f,0.0872f,0.9962f,0f,-0.458f,0f,0f,-1f,0.25f,0f,0f,0f,1f],start_interpolation: 0,interpolation_duration: 1}
$data merge entity $(bone_shotgun_shell1) {transformation: [0f,0f,0f,-0.1089f,0f,0f,0f,-0.456f,0f,0f,0f,0.1733f,0f,0f,0f,1f],start_interpolation: 0,interpolation_duration: 1}
$data merge entity $(bone_right_arm) {transformation: [-0.9877f,-0.13f,-0.0872f,-0.2179f,0.0864f,0.0114f,-0.9962f,-0.4809f,0.1305f,-0.9914f,0f,-0.1562f,0f,0f,0f,1f],start_interpolation: 0,interpolation_duration: 1}
$data merge entity $(bone_left_arm) {transformation: [-0.8097f,0.5039f,-0.3008f,0.0467f,0.3715f,0.0434f,-0.9274f,-0.5041f,-0.4542f,-0.8627f,-0.2223f,0.4687f,0f,0f,0f,1f],start_interpolation: 0,interpolation_duration: 1}
data modify entity @s data merge value {"cameras":{},"locators":{"barrel":{"px":-0.13437028380133675,"py":-0.42236844661383977,"pz":0.9062499999999998,"ry":0,"rx":3.10536311491268e-17}}}
execute on vehicle unless entity @s[tag=aj.transforms_only] at @s run function animated_java:chrome_shotgun/animations/shoot/zzz/frames/33_root_function