# This file was generated by Animated Java via MC-Build. It is not recommended to edit this file directly.
$data merge entity $(bone_shotgun_shell) {transformation: [-0.9998f,0.017f,-0.0036f,-0.1428f,0.0009f,0.2602f,0.9655f,-0.3575f,0.0174f,0.9654f,-0.2602f,0.2955f,0f,0f,0f,1f],start_interpolation: 0,interpolation_duration: 1}
$data merge entity $(bone_clock) {transformation: [-0.9998f,-0.0036f,-0.017f,-0.0965f,0.0009f,0.9655f,-0.2602f,-0.3198f,0.0174f,-0.2602f,-0.9654f,0.605f,0f,0f,0f,1f],start_interpolation: 0,interpolation_duration: 1}
$data merge entity $(bone_barrel1) {transformation: [-0.9998f,-0.0036f,-0.017f,-0.1006f,0.0009f,0.9655f,-0.2602f,-0.3506f,0.0174f,-0.2602f,-0.9654f,0.3706f,0f,0f,0f,1f],start_interpolation: 0,interpolation_duration: 1}
$data merge entity $(bone_trigger) {transformation: [-0.9998f,-0.0036f,-0.017f,-0.1348f,0.0009f,0.9655f,-0.2602f,-0.4123f,0.0174f,-0.2602f,-0.9654f,0.2058f,0f,0f,0f,1f],start_interpolation: 0,interpolation_duration: 1}
$data merge entity $(bone_trigger_part) {transformation: [-0.9998f,-0.0036f,-0.017f,-0.1344f,0.0009f,0.9655f,-0.2602f,-0.4154f,0.0174f,-0.2602f,-0.9654f,0.2268f,0f,0f,0f,1f],start_interpolation: 0,interpolation_duration: 1}
$data merge entity $(bone_chrome_shotgun) {transformation: [-0.9998f,-0.0036f,-0.017f,-0.1187f,0.0009f,0.9655f,-0.2602f,-0.3721f,0.0174f,-0.2602f,-0.9654f,0.2311f,0f,0f,0f,1f],start_interpolation: 0,interpolation_duration: 1}
$data merge entity $(bone_shotgun_shell1) {transformation: [0f,0f,0f,-0.1074f,0f,0f,0f,-0.3891f,0f,0f,0f,0.156f,0f,0f,0f,1f],start_interpolation: 0,interpolation_duration: 1}
$data merge entity $(bone_right_arm) {transformation: [-0.9891f,-0.1474f,0.0036f,-0.2192f,0.0349f,-0.2579f,-0.9655f,-0.5079f,0.1432f,-0.9549f,0.2602f,-0.1514f,0f,0f,0f,1f],start_interpolation: 0,interpolation_duration: 1}
$data merge entity $(bone_left_arm) {transformation: [-0.8477f,0.4831f,-0.2192f,0.0572f,0.1718f,-0.1408f,-0.975f,-0.3429f,-0.5019f,-0.8642f,0.0364f,0.4573f,0f,0f,0f,1f],start_interpolation: 0,interpolation_duration: 1}
data modify entity @s data merge value {"cameras":{},"locators":{"barrel":{"px":-0.12327854777623733,"py":-0.16813310355055028,"pz":0.8559308622166966,"ry":358.98939764980116,"rx":-15.084140636766023}}}