# This file was generated by Animated Java via MC-Build. It is not recommended to edit this file directly.
$data merge entity $(bone_shotgun_shell) {transformation: [-0.9994f,0.0161f,-0.0309f,-0.2658f,-0.025f,0.2866f,0.9577f,-0.3242f,0.0243f,0.9579f,-0.286f,0.6535f,0f,0f,0f,1f],start_interpolation: 0,interpolation_duration: 1}
$data merge entity $(bone_clock) {transformation: [-0.9994f,-0.0309f,-0.0161f,-0.1622f,-0.025f,0.9577f,-0.2866f,-0.293f,0.0243f,-0.286f,-0.9579f,1.2949f,0f,0f,0f,1f],start_interpolation: 0,interpolation_duration: 1}
$data merge entity $(bone_barrel) {transformation: [-0.9994f,-0.0309f,-0.0161f,-0.1717f,-0.025f,0.9577f,-0.2866f,-0.3675f,0.0243f,-0.286f,-0.9579f,0.828f,0f,0f,0f,1f],start_interpolation: 0,interpolation_duration: 1}
$data merge entity $(bone_trigger) {transformation: [-0.9994f,-0.0309f,-0.0161f,-0.2388f,-0.025f,0.9577f,-0.2866f,-0.5015f,0.0243f,-0.286f,-0.9579f,0.5023f,0f,0f,0f,1f],start_interpolation: 0,interpolation_duration: 1}
$data merge entity $(bone_trigger_part) {transformation: [-0.9994f,-0.0309f,-0.0161f,-0.2377f,-0.025f,0.9577f,-0.2866f,-0.5065f,0.0243f,-0.286f,-0.9579f,0.5444f,0f,0f,0f,1f],start_interpolation: 0,interpolation_duration: 1}
$data merge entity $(bone_chrome_shotgun) {transformation: [-1.0237f,-0.0317f,-0.0165f,-0.2084f,-0.0256f,0.981f,-0.2936f,-0.4189f,0.0249f,-0.293f,-0.9812f,0.5504f,0f,0f,0f,1f],start_interpolation: 0,interpolation_duration: 1}
$data merge entity $(bone_right_arm) {transformation: [-0.9887f,-0.1464f,0.0309f,-0.407f,0.0126f,-0.2874f,-0.9577f,-0.7164f,0.1491f,-0.9465f,0.286f,-0.2055f,0f,0f,0f,1f],start_interpolation: 0,interpolation_duration: 1}
$data merge entity $(bone_left_arm) {transformation: [-0.8551f,0.4812f,-0.1929f,0.2061f,0.1357f,-0.1514f,-0.9791f,-0.3522f,-0.5004f,-0.8634f,0.0641f,0.9475f,0f,0f,0f,1f],start_interpolation: 0,interpolation_duration: 1}