# This file was generated by Animated Java via MC-Build. It is not recommended to edit this file directly.
$data merge entity $(bone_shotgun_shell) {transformation: [-0.9914f,0f,0.1305f,-0.2041f,0.1294f,0.1305f,0.983f,-0.6762f,-0.017f,0.9914f,-0.1294f,0.4618f,0f,0f,0f,1f],start_interpolation: 0,interpolation_duration: 1}
$data merge entity $(bone_clock) {transformation: [-0.9914f,0.1305f,0f,-0.173f,0.1294f,0.983f,-0.1305f,-0.6846f,-0.017f,-0.1294f,-0.9914f,0.775f,0f,0f,0f,1f],start_interpolation: 0,interpolation_duration: 1}
$data merge entity $(bone_barrel1) {transformation: [-0.9914f,0.1305f,0f,-0.1689f,0.1294f,0.983f,-0.1305f,-0.6844f,-0.017f,-0.1294f,-0.9914f,0.5386f,0f,0f,0f,1f],start_interpolation: 0,interpolation_duration: 1}
$data merge entity $(bone_trigger) {transformation: [-0.9914f,0.1305f,0f,-0.202f,0.1294f,0.983f,-0.1305f,-0.7196f,-0.017f,-0.1294f,-0.9914f,0.366f,0f,0f,0f,1f],start_interpolation: 0,interpolation_duration: 1}
$data merge entity $(bone_trigger_part) {transformation: [-0.9914f,0.1305f,0f,-0.2031f,0.1294f,0.983f,-0.1305f,-0.7254f,-0.017f,-0.1294f,-0.9914f,0.3864f,0f,0f,0f,1f],start_interpolation: 0,interpolation_duration: 1}
$data merge entity $(bone_chrome_shotgun) {transformation: [-0.9914f,0.1305f,0f,-0.1824f,0.1294f,0.983f,-0.1305f,-0.6854f,-0.017f,-0.1294f,-0.9914f,0.3969f,0f,0f,0f,1f],start_interpolation: 0,interpolation_duration: 1}
$data merge entity $(bone_shotgun_shell1) {transformation: [0f,0f,0f,-0.1694f,0f,0f,0f,-0.694f,0f,0f,0f,0.3206f,0f,0f,0f,1f],start_interpolation: 0,interpolation_duration: 1}
$data merge entity $(bone_right_arm) {transformation: [-0.983f,-0.1294f,-0.1305f,-0.2794f,0.1453f,-0.1125f,-0.983f,-0.757f,0.1125f,-0.9852f,0.1294f,-0.0035f,0f,0f,0f,1f],start_interpolation: 0,interpolation_duration: 1}
$data merge entity $(bone_left_arm) {transformation: [-0.7927f,0.5053f,-0.341f,-0.016f,0.3437f,-0.0914f,-0.9346f,-0.7079f,-0.5034f,-0.8581f,-0.1012f,0.6355f,0f,0f,0f,1f],start_interpolation: 0,interpolation_duration: 1}
data modify entity @s data merge value {"cameras":{},"locators":{"barrel":{"px":-0.19335615226633354,"py":-0.5639397089904962,"pz":1.0427891730355356,"ry":6.423306331271306e-12,"rx":-7.499999999923287}}}