# This file was generated by Animated Java via MC-Build. It is not recommended to edit this file directly.
$data merge entity $(bone_shotgun_shell) {transformation: [-0.9914f,0f,0.1305f,-0.2031f,0.1294f,0.1305f,0.983f,-0.3549f,-0.017f,0.9914f,-0.1294f,0.3056f,0f,0f,0f,1f],start_interpolation: 0,interpolation_duration: 1}
$data merge entity $(bone_clock) {transformation: [-0.9914f,0.1305f,0f,-0.1757f,0.1294f,0.983f,-0.1305f,-0.3631f,-0.017f,-0.1294f,-0.9914f,0.6187f,0f,0f,0f,1f],start_interpolation: 0,interpolation_duration: 1}
$data merge entity $(bone_barrel1) {transformation: [-0.9914f,0.1305f,0f,-0.1716f,0.1294f,0.983f,-0.1305f,-0.363f,-0.017f,-0.1294f,-0.9914f,0.3823f,0f,0f,0f,1f],start_interpolation: 0,interpolation_duration: 1}
$data merge entity $(bone_trigger) {transformation: [-0.9914f,0.1305f,0f,-0.2047f,0.1294f,0.983f,-0.1305f,-0.3982f,-0.017f,-0.1294f,-0.9914f,0.2097f,0f,0f,0f,1f],start_interpolation: 0,interpolation_duration: 1}
$data merge entity $(bone_trigger_part) {transformation: [-0.9914f,0.1305f,0f,-0.2058f,0.1294f,0.983f,-0.1305f,-0.4039f,-0.017f,-0.1294f,-0.9914f,0.2301f,0f,0f,0f,1f],start_interpolation: 0,interpolation_duration: 1}
$data merge entity $(bone_chrome_shotgun) {transformation: [-0.9914f,0.1305f,0f,-0.185f,0.1294f,0.983f,-0.1305f,-0.364f,-0.017f,-0.1294f,-0.9914f,0.2406f,0f,0f,0f,1f],start_interpolation: 0,interpolation_duration: 1}
$data merge entity $(bone_shotgun_shell1) {transformation: [0f,0f,0f,-0.1721f,0f,0f,0f,-0.3725f,0f,0f,0f,0.1644f,0f,0f,0f,1f],start_interpolation: 0,interpolation_duration: 1}
$data merge entity $(bone_right_arm) {transformation: [-0.983f,-0.1294f,-0.1305f,-0.2821f,0.1454f,-0.1125f,-0.983f,-0.4356f,0.1125f,-0.9852f,0.1294f,-0.1597f,0f,0f,0f,1f],start_interpolation: 0,interpolation_duration: 1}
$data merge entity $(bone_left_arm) {transformation: [-0.7927f,0.5053f,-0.341f,-0.0187f,0.3437f,-0.0914f,-0.9346f,-0.386f,-0.5034f,-0.8581f,-0.1012f,0.4825f,0f,0f,0f,1f],start_interpolation: 0,interpolation_duration: 1}
data modify entity @s data merge value {"cameras":{},"locators":{"barrel":{"px":-0.1960388782544445,"py":-0.2424926098544075,"pz":0.8865391741291995,"ry":359.99998442007046,"rx":-7.499959687051303}}}