# This file was generated by Animated Java via MC-Build. It is not recommended to edit this file directly.
$data merge entity $(bone_shotgun_shell) {transformation: [-0.9914f,0f,0.1309f,-0.2056f,0.1298f,0.1305f,0.9829f,-0.5849f,-0.0171f,0.9914f,-0.1294f,0.5869f,0f,0f,0f,1f],start_interpolation: 0,interpolation_duration: 1}
$data merge entity $(bone_clock) {transformation: [-0.9914f,0.1309f,0f,-0.1817f,0.1298f,0.9829f,-0.1305f,-0.593f,-0.0171f,-0.1294f,-0.9914f,0.9f,0f,0f,0f,1f],start_interpolation: 0,interpolation_duration: 1}
$data merge entity $(bone_barrel1) {transformation: [-0.9914f,0.1309f,0f,-0.1776f,0.1298f,0.9829f,-0.1305f,-0.5929f,-0.0171f,-0.1294f,-0.9914f,0.6636f,0f,0f,0f,1f],start_interpolation: 0,interpolation_duration: 1}
$data merge entity $(bone_trigger) {transformation: [-0.9914f,0.1309f,0f,-0.2107f,0.1298f,0.9829f,-0.1305f,-0.628f,-0.0171f,-0.1294f,-0.9914f,0.4909f,0f,0f,0f,1f],start_interpolation: 0,interpolation_duration: 1}
$data merge entity $(bone_trigger_part) {transformation: [-0.9914f,0.1309f,0f,-0.2118f,0.1298f,0.9829f,-0.1305f,-0.6338f,-0.0171f,-0.1294f,-0.9914f,0.5114f,0f,0f,0f,1f],start_interpolation: 0,interpolation_duration: 1}
$data merge entity $(bone_chrome_shotgun) {transformation: [-0.9914f,0.1309f,0f,-0.191f,0.1298f,0.9829f,-0.1305f,-0.5938f,-0.0171f,-0.1294f,-0.9914f,0.5219f,0f,0f,0f,1f],start_interpolation: 0,interpolation_duration: 1}
$data merge entity $(bone_shotgun_shell1) {transformation: [0f,0f,0f,-0.1781f,0f,0f,0f,-0.6024f,0f,0f,0f,0.4456f,0f,0f,0f,1f],start_interpolation: 0,interpolation_duration: 1}
$data merge entity $(bone_right_arm) {transformation: [-0.9829f,-0.1294f,-0.1309f,-0.2881f,0.1457f,-0.1125f,-0.9829f,-0.6654f,0.1125f,-0.9852f,0.1294f,0.1215f,0f,0f,0f,1f],start_interpolation: 0,interpolation_duration: 1}
$data merge entity $(bone_left_arm) {transformation: [-0.7926f,0.5053f,-0.3413f,-0.0247f,0.344f,-0.0916f,-0.9345f,-0.6155f,-0.5034f,-0.8581f,-0.1012f,0.767f,0f,0f,0f,1f],start_interpolation: 0,interpolation_duration: 1}
data modify entity @s data merge value {"cameras":{},"locators":{"barrel":{"px":-0.2020275439871022,"py":-0.4723853367684139,"pz":1.1677892071052125,"ry":359.99950188504226,"rx":-7.498710263549753}}}