# This file was generated by Animated Java via MC-Build. It is not recommended to edit this file directly.
$data merge entity $(bone_shotgun_shell) {transformation: [-0.9914f,0f,0.1309f,-0.2056f,0.1298f,0.1305f,0.9829f,-0.3349f,-0.0171f,0.9914f,-0.1294f,0.3056f,0f,0f,0f,1f],start_interpolation: 0,interpolation_duration: 1}
$data merge entity $(bone_clock) {transformation: [-0.9914f,0.1309f,0f,-0.1817f,0.1298f,0.9829f,-0.1305f,-0.343f,-0.0171f,-0.1294f,-0.9914f,0.6187f,0f,0f,0f,1f],start_interpolation: 0,interpolation_duration: 1}
$data merge entity $(bone_barrel1) {transformation: [-0.9914f,0.1309f,0f,-0.1776f,0.1298f,0.9829f,-0.1305f,-0.3429f,-0.0171f,-0.1294f,-0.9914f,0.3823f,0f,0f,0f,1f],start_interpolation: 0,interpolation_duration: 1}
$data merge entity $(bone_trigger) {transformation: [-0.9914f,0.1309f,0f,-0.2107f,0.1298f,0.9829f,-0.1305f,-0.378f,-0.0171f,-0.1294f,-0.9914f,0.2097f,0f,0f,0f,1f],start_interpolation: 0,interpolation_duration: 1}
$data merge entity $(bone_trigger_part) {transformation: [-0.9914f,0.1309f,0f,-0.2118f,0.1298f,0.9829f,-0.1305f,-0.3838f,-0.0171f,-0.1294f,-0.9914f,0.2301f,0f,0f,0f,1f],start_interpolation: 0,interpolation_duration: 1}
$data merge entity $(bone_chrome_shotgun) {transformation: [-0.9914f,0.1309f,0f,-0.191f,0.1298f,0.9829f,-0.1305f,-0.3438f,-0.0171f,-0.1294f,-0.9914f,0.2406f,0f,0f,0f,1f],start_interpolation: 0,interpolation_duration: 1}
$data merge entity $(bone_shotgun_shell1) {transformation: [0f,0f,0f,-0.1781f,0f,0f,0f,-0.3524f,0f,0f,0f,0.1644f,0f,0f,0f,1f],start_interpolation: 0,interpolation_duration: 1}
$data merge entity $(bone_right_arm) {transformation: [-0.9829f,-0.1294f,-0.1309f,-0.2881f,0.1457f,-0.1125f,-0.9829f,-0.4154f,0.1125f,-0.9852f,0.1294f,-0.1597f,0f,0f,0f,1f],start_interpolation: 0,interpolation_duration: 1}
$data merge entity $(bone_left_arm) {transformation: [-0.7926f,0.5053f,-0.3413f,-0.0247f,0.344f,-0.0916f,-0.9345f,-0.3655f,-0.5034f,-0.8581f,-0.1012f,0.4857f,0f,0f,0f,1f],start_interpolation: 0,interpolation_duration: 1}
data modify entity @s data merge value {"cameras":{},"locators":{"barrel":{"px":-0.2020275439871022,"py":-0.22238533676841396,"pz":0.8865392071052124,"ry":359.99950188504226,"rx":-7.498710263549753}}}