# This file was generated by Animated Java via MC-Build. It is not recommended to edit this file directly.
$data merge entity $(bone_shotgun_shell) {transformation: [-0.9998f,0.017f,0.0036f,-0.2534f,0.0078f,0.2533f,0.9674f,-0.1852f,0.0155f,0.9672f,-0.2534f,0.3815f,0f,0f,0f,1f],start_interpolation: 0,interpolation_duration: 1}
$data merge entity $(bone_clock) {transformation: [-0.9998f,0.0036f,-0.017f,-0.162f,0.0078f,0.9674f,-0.2533f,-0.1799f,0.0155f,-0.2534f,-0.9672f,1.0247f,0f,0f,0f,1f],start_interpolation: 0,interpolation_duration: 1}
$data merge entity $(bone_barrel) {transformation: [-0.9998f,0.0036f,-0.017f,-0.1698f,0.0078f,0.9674f,-0.2533f,-0.2381f,0.0155f,-0.2534f,-0.9672f,0.5555f,0f,0f,0f,1f],start_interpolation: 0,interpolation_duration: 1}
$data merge entity $(bone_trigger) {transformation: [-0.9998f,0.0036f,-0.017f,-0.2384f,0.0078f,0.9674f,-0.2533f,-0.3587f,0.0155f,-0.2534f,-0.9672f,0.2249f,0f,0f,0f,1f],start_interpolation: 0,interpolation_duration: 1}
$data merge entity $(bone_trigger_part) {transformation: [-0.9998f,0.0036f,-0.017f,-0.2378f,0.0078f,0.9674f,-0.2533f,-0.3652f,0.0155f,-0.2534f,-0.9672f,0.2668f,0f,0f,0f,1f],start_interpolation: 0,interpolation_duration: 1}
$data merge entity $(bone_chrome_shotgun) {transformation: [-1.0242f,0.0037f,-0.0174f,-0.2057f,0.008f,0.9909f,-0.2594f,-0.2789f,0.0159f,-0.2595f,-0.9908f,0.276f,0f,0f,0f,1f],start_interpolation: 0,interpolation_duration: 1}
$data merge entity $(bone_right_arm) {transformation: [-0.9891f,-0.1474f,-0.0036f,-0.4072f,0.0408f,-0.2501f,-0.9674f,-0.5437f,0.1417f,-0.9569f,0.2534f,-0.4911f,0f,0f,0f,1f],start_interpolation: 0,interpolation_duration: 1}
$data merge entity $(bone_left_arm) {transformation: [-0.8632f,0.4938f,-0.2307f,0.2072f,0.1851f,-0.141f,-0.994f,-0.2396f,-0.5127f,-0.8823f,0.0297f,0.6785f,0f,0f,0f,1f],start_interpolation: 0,interpolation_duration: 1}