# This file was generated by Animated Java via MC-Build. It is not recommended to edit this file directly.
$data merge entity $(bone_shotgun_shell) {transformation: [-0.9998f,0.017f,0.0036f,-0.2534f,0.0078f,0.2533f,0.9674f,-0.3414f,0.0155f,0.9672f,-0.2534f,0.6628f,0f,0f,0f,1f],start_interpolation: 0,interpolation_duration: 1}
$data merge entity $(bone_clock) {transformation: [-0.9998f,0.0036f,-0.017f,-0.162f,0.0078f,0.9674f,-0.2533f,-0.3361f,0.0155f,-0.2534f,-0.9672f,1.3059f,0f,0f,0f,1f],start_interpolation: 0,interpolation_duration: 1}
$data merge entity $(bone_barrel) {transformation: [-0.9998f,0.0036f,-0.017f,-0.1698f,0.0078f,0.9674f,-0.2533f,-0.3944f,0.0155f,-0.2534f,-0.9672f,0.8367f,0f,0f,0f,1f],start_interpolation: 0,interpolation_duration: 1}
$data merge entity $(bone_trigger) {transformation: [-0.9998f,0.0036f,-0.017f,-0.2384f,0.0078f,0.9674f,-0.2533f,-0.515f,0.0155f,-0.2534f,-0.9672f,0.5061f,0f,0f,0f,1f],start_interpolation: 0,interpolation_duration: 1}
$data merge entity $(bone_trigger_part) {transformation: [-0.9998f,0.0036f,-0.017f,-0.2378f,0.0078f,0.9674f,-0.2533f,-0.5214f,0.0155f,-0.2534f,-0.9672f,0.5481f,0f,0f,0f,1f],start_interpolation: 0,interpolation_duration: 1}
$data merge entity $(bone_chrome_shotgun) {transformation: [-1.0242f,0.0037f,-0.0174f,-0.2057f,0.008f,0.9909f,-0.2594f,-0.4351f,0.0159f,-0.2595f,-0.9908f,0.5572f,0f,0f,0f,1f],start_interpolation: 0,interpolation_duration: 1}
$data merge entity $(bone_right_arm) {transformation: [-0.9891f,-0.1474f,-0.0036f,-0.4072f,0.0408f,-0.2501f,-0.9674f,-0.6999f,0.1417f,-0.9569f,0.2534f,-0.2099f,0f,0f,0f,1f],start_interpolation: 0,interpolation_duration: 1}
$data merge entity $(bone_left_arm) {transformation: [-0.8455f,0.4837f,-0.226f,0.2072f,0.1813f,-0.1381f,-0.9737f,-0.3959f,-0.5022f,-0.8643f,0.0291f,0.9597f,0f,0f,0f,1f],start_interpolation: 0,interpolation_duration: 1}