# This file was generated by Animated Java via MC-Build. It is not recommended to edit this file directly.
$data merge entity $(bone_shotgun_shell) {transformation: [-0.9911f,0.0001f,0.1332f,-0.2087f,0.132f,0.1304f,0.9826f,-0.3449f,-0.0173f,0.9915f,-0.1292f,0.6494f,0f,0f,0f,1f],start_interpolation: 0,interpolation_duration: 1}
$data merge entity $(bone_clock) {transformation: [-0.9911f,0.1332f,-0.0001f,-0.188f,0.132f,0.9826f,-0.1304f,-0.353f,-0.0173f,-0.1292f,-0.9915f,0.9625f,0f,0f,0f,1f],start_interpolation: 0,interpolation_duration: 1}
$data merge entity $(bone_barrel1) {transformation: [-0.9911f,0.1332f,-0.0001f,-0.1838f,0.132f,0.9826f,-0.1304f,-0.3529f,-0.0173f,-0.1292f,-0.9915f,0.7261f,0f,0f,0f,1f],start_interpolation: 0,interpolation_duration: 1}
$data merge entity $(bone_trigger) {transformation: [-0.9911f,0.1332f,-0.0001f,-0.217f,0.132f,0.9826f,-0.1304f,-0.3879f,-0.0173f,-0.1292f,-0.9915f,0.5534f,0f,0f,0f,1f],start_interpolation: 0,interpolation_duration: 1}
$data merge entity $(bone_trigger_part) {transformation: [-0.9911f,0.1332f,-0.0001f,-0.2181f,0.132f,0.9826f,-0.1304f,-0.3937f,-0.0173f,-0.1292f,-0.9915f,0.5738f,0f,0f,0f,1f],start_interpolation: 0,interpolation_duration: 1}
$data merge entity $(bone_chrome_shotgun) {transformation: [-0.9911f,0.1332f,-0.0001f,-0.1972f,0.132f,0.9826f,-0.1304f,-0.3538f,-0.0173f,-0.1292f,-0.9915f,0.5844f,0f,0f,0f,1f],start_interpolation: 0,interpolation_duration: 1}
$data merge entity $(bone_shotgun_shell1) {transformation: [0f,0f,0f,-0.1843f,0f,0f,0f,-0.3624f,0f,0f,0f,0.5081f,0f,0f,0f,1f],start_interpolation: 0,interpolation_duration: 1}
$data merge entity $(bone_right_arm) {transformation: [-0.9826f,-0.1294f,-0.1332f,-0.2943f,0.1479f,-0.112f,-0.9826f,-0.4251f,0.1123f,-0.9852f,0.1292f,0.184f,0f,0f,0f,1f],start_interpolation: 0,interpolation_duration: 1}
$data merge entity $(bone_left_arm) {transformation: [-0.7917f,0.5053f,-0.3434f,-0.031f,0.3459f,-0.0926f,-0.9337f,-0.3754f,-0.5036f,-0.858f,-0.1015f,0.8328f,0f,0f,0f,1f],start_interpolation: 0,interpolation_duration: 1}
data modify entity @s data merge value {"cameras":{},"locators":{"barrel":{"px":-0.20810433809250514,"py":-0.23239207660191497,"pz":1.2302893838082616,"ry":359.9962403062318,"rx":-7.490220335691992}}}
execute on vehicle unless entity @s[tag=aj.transforms_only] at @s run function animated_java:chrome_shotgun/animations/shoot/zzz/frames/7_root_function