# This file was generated by Animated Java via MC-Build. It is not recommended to edit this file directly.
$data merge entity $(bone_shotgun_shell) {transformation: [-0.9899f,0.0003f,0.1416f,-0.147f,0.1405f,0.1298f,0.9815f,-0.3946f,-0.0181f,0.9915f,-0.1285f,0.3056f,0f,0f,0f,1f],start_interpolation: 0,interpolation_duration: 1}
$data merge entity $(bone_clock) {transformation: [-0.9899f,0.1416f,-0.0003f,-0.1289f,0.1405f,0.9815f,-0.1298f,-0.403f,-0.0181f,-0.1285f,-0.9915f,0.6187f,0f,0f,0f,1f],start_interpolation: 0,interpolation_duration: 1}
$data merge entity $(bone_barrel1) {transformation: [-0.9899f,0.1416f,-0.0003f,-0.1246f,0.1405f,0.9815f,-0.1298f,-0.4028f,-0.0181f,-0.1285f,-0.9915f,0.3823f,0f,0f,0f,1f],start_interpolation: 0,interpolation_duration: 1}
$data merge entity $(bone_trigger) {transformation: [-0.9899f,0.1416f,-0.0003f,-0.1579f,0.1405f,0.9815f,-0.1298f,-0.4374f,-0.0181f,-0.1285f,-0.9915f,0.2096f,0f,0f,0f,1f],start_interpolation: 0,interpolation_duration: 1}
$data merge entity $(bone_trigger_part) {transformation: [-0.9899f,0.1416f,-0.0003f,-0.1591f,0.1405f,0.9815f,-0.1298f,-0.4432f,-0.0181f,-0.1285f,-0.9915f,0.23f,0f,0f,0f,1f],start_interpolation: 0,interpolation_duration: 1}
$data merge entity $(bone_chrome_shotgun) {transformation: [-0.9899f,0.1416f,-0.0003f,-0.1378f,0.1405f,0.9815f,-0.1298f,-0.4035f,-0.0181f,-0.1285f,-0.9915f,0.2405f,0f,0f,0f,1f],start_interpolation: 0,interpolation_duration: 1}
$data merge entity $(bone_shotgun_shell1) {transformation: [0f,0f,0f,-0.1249f,0f,0f,0f,-0.4122f,0f,0f,0f,0.1643f,0f,0f,0f,1f],start_interpolation: 0,interpolation_duration: 1}
$data merge entity $(bone_right_arm) {transformation: [-0.9814f,-0.1295f,-0.1416f,-0.2352f,0.1562f,-0.1104f,-0.9815f,-0.4737f,0.1115f,-0.9854f,0.1285f,-0.1599f,0f,0f,0f,1f],start_interpolation: 0,interpolation_duration: 1}
$data merge entity $(bone_left_arm) {transformation: [-0.7883f,0.5052f,-0.3512f,0.0279f,0.3529f,-0.0964f,-0.9307f,-0.4263f,-0.5041f,-0.8576f,-0.1023f,0.4923f,0f,0f,0f,1f],start_interpolation: 0,interpolation_duration: 1}
data modify entity @s data merge value {"cameras":{},"locators":{"barrel":{"px":-0.1482658470496297,"py":-0.2823663181776091,"pz":0.8865393133522248,"ry":359.9845114442125,"rx":-7.459013093950402}}}