# This file was generated by Animated Java via MC-Build. It is not recommended to edit this file directly.
$data merge entity $(bone_shotgun_shell) {transformation: [-0.9975f,0.0122f,0.0694f,-0.132f,0.0705f,0.1897f,0.9793f,-0.3775f,-0.0012f,0.9818f,-0.19f,0.3018f,0f,0f,0f,1f],start_interpolation: 0,interpolation_duration: 1}
$data merge entity $(bone_clock) {transformation: [-0.9975f,0.0694f,-0.0122f,-0.101f,0.0705f,0.9793f,-0.1897f,-0.3654f,-0.0012f,-0.19f,-0.9818f,0.6142f,0f,0f,0f,1f],start_interpolation: 0,interpolation_duration: 1}
$data merge entity $(bone_barrel1) {transformation: [-0.9975f,0.0694f,-0.0122f,-0.1017f,0.0705f,0.9793f,-0.1897f,-0.3792f,-0.0012f,-0.19f,-0.9818f,0.3781f,0f,0f,0f,1f],start_interpolation: 0,interpolation_duration: 1}
$data merge entity $(bone_trigger) {transformation: [-0.9975f,0.0694f,-0.0122f,-0.1362f,0.0705f,0.9793f,-0.1897f,-0.4265f,-0.0012f,-0.19f,-0.9818f,0.2087f,0f,0f,0f,1f],start_interpolation: 0,interpolation_duration: 1}
$data merge entity $(bone_trigger_part) {transformation: [-0.9975f,0.0694f,-0.0122f,-0.1365f,0.0705f,0.9793f,-0.1897f,-0.4311f,-0.0012f,-0.19f,-0.9818f,0.2294f,0f,0f,0f,1f],start_interpolation: 0,interpolation_duration: 1}
$data merge entity $(bone_chrome_shotgun) {transformation: [-0.9975f,0.0694f,-0.0122f,-0.1179f,0.0705f,0.9793f,-0.1897f,-0.3895f,-0.0012f,-0.19f,-0.9818f,0.2371f,0f,0f,0f,1f],start_interpolation: 0,interpolation_duration: 1}
$data merge entity $(bone_shotgun_shell1) {transformation: [0f,0f,0f,-0.106f,0f,0f,0f,-0.4018f,0f,0f,0f,0.1612f,0f,0f,0f,1f],start_interpolation: 0,interpolation_duration: 1}
$data merge entity $(bone_right_arm) {transformation: [-0.9874f,-0.1423f,-0.0694f,-0.2186f,0.0946f,-0.1788f,-0.9793f,-0.4905f,0.127f,-0.9735f,0.19f,-0.1559f,0f,0f,0f,1f],start_interpolation: 0,interpolation_duration: 1}
$data merge entity $(bone_left_arm) {transformation: [-0.8217f,0.4924f,-0.2869f,0.0542f,0.2663f,-0.1134f,-0.9572f,-0.3872f,-0.5039f,-0.8629f,-0.038f,0.4763f,0f,0f,0f,1f],start_interpolation: 0,interpolation_duration: 1}
data modify entity @s data merge value {"cameras":{},"locators":{"barrel":{"px":-0.12312650558611747,"py":-0.23024073380279175,"pz":0.8748141805720179,"ry":359.28729882812934,"rx":-10.932755353988323}}}