# This file was generated by Animated Java via MC-Build. It is not recommended to edit this file directly.
$data merge entity $(bone_shotgun_shell) {transformation: [-0.9975f,0.0122f,0.0694f,-0.2436f,0.0705f,0.1897f,0.9793f,-0.3766f,-0.0012f,0.9818f,-0.19f,0.6784f,0f,0f,0f,1f],start_interpolation: 0,interpolation_duration: 1}
$data merge entity $(bone_clock) {transformation: [-0.9975f,0.0694f,-0.0122f,-0.1708f,0.0705f,0.9793f,-0.1897f,-0.4182f,-0.0012f,-0.19f,-0.9818f,1.3221f,0f,0f,0f,1f],start_interpolation: 0,interpolation_duration: 1}
$data merge entity $(bone_barrel) {transformation: [-0.9975f,0.0694f,-0.0122f,-0.1722f,0.0705f,0.9793f,-0.1897f,-0.4459f,-0.0012f,-0.19f,-0.9818f,0.85f,0f,0f,0f,1f],start_interpolation: 0,interpolation_duration: 1}
$data merge entity $(bone_trigger) {transformation: [-0.9975f,0.0694f,-0.0122f,-0.2411f,0.0705f,0.9793f,-0.1897f,-0.5406f,-0.0012f,-0.19f,-0.9818f,0.5111f,0f,0f,0f,1f],start_interpolation: 0,interpolation_duration: 1}
$data merge entity $(bone_trigger_part) {transformation: [-0.9975f,0.0694f,-0.0122f,-0.2418f,0.0705f,0.9793f,-0.1897f,-0.5497f,-0.0012f,-0.19f,-0.9818f,0.5526f,0f,0f,0f,1f],start_interpolation: 0,interpolation_duration: 1}
$data merge entity $(bone_chrome_shotgun) {transformation: [-1.0218f,0.0711f,-0.0125f,-0.2046f,0.0722f,1.0031f,-0.1943f,-0.4664f,-0.0012f,-0.1947f,-1.0057f,0.5679f,0f,0f,0f,1f],start_interpolation: 0,interpolation_duration: 1}
$data merge entity $(bone_right_arm) {transformation: [-0.9874f,-0.1423f,-0.0694f,-0.4059f,0.0946f,-0.1788f,-0.9793f,-0.6685f,0.127f,-0.9735f,0.19f,-0.2181f,0f,0f,0f,1f],start_interpolation: 0,interpolation_duration: 1}
$data merge entity $(bone_left_arm) {transformation: [-0.8217f,0.4924f,-0.2869f,0.2012f,0.2663f,-0.1134f,-0.9572f,-0.4792f,-0.5039f,-0.8629f,-0.038f,0.9791f,0f,0f,0f,1f],start_interpolation: 0,interpolation_duration: 1}