# This file was generated by Animated Java via MC-Build. It is not recommended to edit this file directly.
$data merge entity $(bone_shotgun_shell) {transformation: [-0.9864f,0.0008f,0.1643f,-0.2048f,0.1631f,0.1284f,0.9782f,-0.6184f,-0.0203f,0.9917f,-0.1268f,0.4617f,0f,0f,0f,1f],start_interpolation: 0,interpolation_duration: 1}
$data merge entity $(bone_clock) {transformation: [-0.9864f,0.1643f,-0.0008f,-0.1888f,0.1631f,0.9782f,-0.1284f,-0.6276f,-0.0203f,-0.1268f,-0.9917f,0.7748f,0f,0f,0f,1f],start_interpolation: 0,interpolation_duration: 1}
$data merge entity $(bone_barrel1) {transformation: [-0.9864f,0.1643f,-0.0008f,-0.1839f,0.1631f,0.9782f,-0.1284f,-0.6271f,-0.0203f,-0.1268f,-0.9917f,0.5384f,0f,0f,0f,1f],start_interpolation: 0,interpolation_duration: 1}
$data merge entity $(bone_trigger) {transformation: [-0.9864f,0.1643f,-0.0008f,-0.2175f,0.1631f,0.9782f,-0.1284f,-0.6608f,-0.0203f,-0.1268f,-0.9917f,0.3656f,0f,0f,0f,1f],start_interpolation: 0,interpolation_duration: 1}
$data merge entity $(bone_trigger_part) {transformation: [-0.9864f,0.1643f,-0.0008f,-0.2189f,0.1631f,0.9782f,-0.1284f,-0.6665f,-0.0203f,-0.1268f,-0.9917f,0.386f,0f,0f,0f,1f],start_interpolation: 0,interpolation_duration: 1}
$data merge entity $(bone_chrome_shotgun) {transformation: [-0.9864f,0.1643f,-0.0008f,-0.1968f,0.1631f,0.9782f,-0.1284f,-0.6273f,-0.0203f,-0.1268f,-0.9917f,0.3966f,0f,0f,0f,1f],start_interpolation: 0,interpolation_duration: 1}
$data merge entity $(bone_shotgun_shell1) {transformation: [0f,0f,0f,-0.1839f,0f,0f,0f,-0.6362f,0f,0f,0f,0.3204f,0f,0f,0f,1f],start_interpolation: 0,interpolation_duration: 1}
$data merge entity $(bone_right_arm) {transformation: [-0.9779f,-0.1295f,-0.1643f,-0.2947f,0.1784f,-0.106f,-0.9782f,-0.6948f,0.1093f,-0.9859f,0.1268f,-0.0042f,0f,0f,0f,1f],start_interpolation: 0,interpolation_duration: 1}
$data merge entity $(bone_left_arm) {transformation: [-0.7787f,0.505f,-0.3722f,-0.0322f,0.3715f,-0.1068f,-0.9223f,-0.6538f,-0.5055f,-0.8565f,-0.1045f,0.652f,0f,0f,0f,1f],start_interpolation: 0,interpolation_duration: 1}
data modify entity @s data merge value {"cameras":{},"locators":{"barrel":{"px":-0.2060801608450928,"py":-0.5069057691195344,"pz":1.0427834599974188,"ry":359.9555991884373,"rx":-7.376806238089685}}}