# This file was generated by Animated Java via MC-Build. It is not recommended to edit this file directly.
$data merge entity $(bone_head) {transformation: [-1f,0f,0f,0f,0f,0.9756f,0.2197f,-0.5999f,0f,0.2197f,-0.9756f,-0.5624f,0f,0f,0f,1f],start_interpolation: 0,interpolation_duration: 1}
$data merge entity $(bone_right_arm) {transformation: [-0.9962f,0.0831f,-0.0262f,-0.375f,0.0864f,0.9812f,-0.1725f,-0.6309f,0.0114f,-0.1741f,-0.9847f,-0.5665f,0f,0f,0f,1f],start_interpolation: 0,interpolation_duration: 1}
$data merge entity $(bone_left_arm) {transformation: [-0.9914f,-0.1245f,0.0392f,0.375f,-0.1294f,0.9767f,-0.1711f,-0.6619f,-0.017f,-0.1747f,-0.9845f,-0.5706f,0f,0f,0f,1f],start_interpolation: 0,interpolation_duration: 1}
$data merge entity $(bone_upper) {transformation: [-1f,0f,0f,0f,0f,0.9914f,0.1305f,-1.3125f,0f,0.1305f,-0.9914f,-0.6562f,0f,0f,0f,1f],start_interpolation: 0,interpolation_duration: 1}
$data merge entity $(bone_left_leg) {transformation: [-1f,0f,0f,0.125f,0f,0.9763f,0.2164f,-1.375f,0f,0.2164f,-0.9763f,-0.6562f,0f,0f,0f,1f],start_interpolation: 0,interpolation_duration: 1}
$data merge entity $(bone_right_leg) {transformation: [-1f,0f,0f,-0.125f,0f,0.9979f,-0.0654f,-1.375f,0f,-0.0654f,-0.9979f,-0.6562f,0f,0f,0f,1f],start_interpolation: 0,interpolation_duration: 1}