# This file was generated by Animated Java via MC-Build. It is not recommended to edit this file directly.
$data merge entity $(bone_head) {transformation: [-1f,0f,0f,0f,0f,0.9309f,0.3653f,-0.5999f,0f,0.3653f,-0.9309f,-0.7812f,0f,0f,0f,1f],start_interpolation: 0,interpolation_duration: 1}
$data merge entity $(bone_right_arm) {transformation: [-0.9962f,0.0871f,-0.0021f,-0.375f,0.0864f,0.9905f,0.1065f,-0.6309f,0.0114f,0.106f,-0.9943f,-0.7853f,0f,0f,0f,1f],start_interpolation: 0,interpolation_duration: 1}
$data merge entity $(bone_left_arm) {transformation: [-0.9914f,-0.1304f,0.0063f,0.375f,-0.1294f,0.9881f,0.0827f,-0.6619f,-0.017f,0.0812f,-0.9966f,-0.7893f,0f,0f,0f,1f],start_interpolation: 0,interpolation_duration: 1}
$data merge entity $(bone_left_leg) {transformation: [-0.9968f,-0.0798f,0.0032f,0.125f,-0.0798f,0.9933f,-0.0834f,-1.375f,0.0035f,-0.0834f,-0.9965f,-0.875f,0f,0f,0f,1f],start_interpolation: 0,interpolation_duration: 1}
$data merge entity $(bone_right_leg) {transformation: [-1f,0f,0f,-0.125f,0f,0.9882f,0.1532f,-1.375f,0f,0.1532f,-0.9882f,-0.875f,0f,0f,0f,1f],start_interpolation: 0,interpolation_duration: 1}