# This file was generated by Animated Java via MC-Build. It is not recommended to edit this file directly.
$data merge entity $(bone_head) {transformation: [-1f,0f,0f,0f,0f,0.892f,-0.452f,-0.6034f,0f,-0.452f,-0.892f,-0.1171f,0f,0f,0f,1f],start_interpolation: 0,interpolation_duration: 1}
$data merge entity $(bone_right_arm) {transformation: [-0.9962f,0.0872f,0f,-0.375f,0.086f,0.9829f,-0.1629f,-0.6342f,-0.0142f,-0.1623f,-0.9866f,-0.112f,0f,0f,0f,1f],start_interpolation: 0,interpolation_duration: 1}
$data merge entity $(bone_left_arm) {transformation: [-0.9914f,-0.1305f,0f,0.375f,-0.1288f,0.9782f,-0.1629f,-0.665f,0.0213f,-0.1615f,-0.9866f,-0.1069f,0f,0f,0f,1f],start_interpolation: 0,interpolation_duration: 1}
$data merge entity $(bone_upper) {transformation: [-1f,0f,0f,0f,0f,0.9866f,-0.1629f,-1.3125f,0f,-0.1629f,-0.9866f,0f,0f,0f,0f,1f],start_interpolation: 0,interpolation_duration: 1}