# This file was generated by Animated Java via MC-Build. It is not recommended to edit this file directly.
$data merge entity $(bone_slide) {transformation: [-0.9962f,0.0876f,-0.0009f,-0.1705f,0.0387f,0.4492f,0.8926f,-0.6758f,0.0786f,0.8891f,-0.4509f,0.4713f,0f,0f,0f,1f],start_interpolation: 0,interpolation_duration: 1}
$data merge entity $(bone_barrel) {transformation: [-0.9962f,0.0876f,-0.0009f,-0.0686f,0.0387f,0.4492f,0.8926f,-0.7164f,0.0786f,0.8891f,-0.4509f,0.3908f,0f,0f,0f,1f],start_interpolation: 0,interpolation_duration: 1}
$data merge entity $(bone_magazine) {transformation: [-0.9962f,0.0876f,-0.0009f,-0.1823f,0.0387f,0.4492f,0.8926f,-0.56f,0.0786f,0.8891f,-0.4509f,0.2639f,0f,0f,0f,1f],start_interpolation: 0,interpolation_duration: 1}
$data merge entity $(bone_grip) {transformation: [-0.9962f,0.0876f,-0.0009f,-0.1823f,0.0387f,0.4492f,0.8926f,-0.56f,0.0786f,0.8891f,-0.4509f,0.2639f,0f,0f,0f,1f],start_interpolation: 0,interpolation_duration: 1}
$data merge entity $(bone_trigger) {transformation: [-0.9962f,0.0876f,-0.0009f,-0.1819f,0.0387f,0.4492f,0.8926f,-0.5854f,0.0786f,0.8891f,-0.4509f,0.2816f,0f,0f,0f,1f],start_interpolation: 0,interpolation_duration: 1}
$data merge entity $(bone_trigger_gaurd) {transformation: [-0.9962f,0.0876f,-0.0009f,-0.1794f,0.0387f,0.4492f,0.8926f,-0.6014f,0.0786f,0.8891f,-0.4509f,0.3219f,0f,0f,0f,1f],start_interpolation: 0,interpolation_duration: 1}
$data merge entity $(bone_right_arm) {transformation: [-0.9962f,-0.0009f,-0.0876f,-0.2188f,0.0387f,0.8926f,-0.4492f,-0.2754f,0.0786f,-0.4509f,-0.8891f,0.0998f,0f,0f,0f,1f],start_interpolation: 0,interpolation_duration: 1}
$data merge entity $(bone_magazine1) {transformation: [0f,0f,0f,-0.239f,0f,0f,0f,-0.5504f,0f,0f,0f,0.3324f,0f,0f,0f,1f],start_interpolation: 0,interpolation_duration: 1}
$data merge entity $(bone_left_arm) {transformation: [-0.8344f,0.402f,0.377f,-0.0406f,0.1655f,0.8352f,-0.5244f,-0.2894f,-0.5257f,-0.3752f,-0.7635f,0.0998f,0f,0f,0f,1f],start_interpolation: 0,interpolation_duration: 1}
data modify entity @s data merge value {"cameras":{},"locators":{"barrel1":{"px":-0.19689698424185156,"py":-0.8446124711601622,"pz":0.4977016829273496,"ry":359.8811339552458,"rx":63.20090307875612}}}