# This file was generated by Animated Java via MC-Build. It is not recommended to edit this file directly.
$data merge entity $(slide) {transformation: [-0.9962f,0.0876f,-0.0009f,-0.0455f,0.0723f,0.8281f,0.556f,-0.465f,0.0495f,0.5538f,-0.8312f,0.5625f,0f,0f,0f,1f],start_interpolation: 0,interpolation_duration: 1}
$data merge entity $(barrel) {transformation: [-0.9962f,0.0876f,-0.0009f,0.0564f,0.0723f,0.8281f,0.556f,-0.54f,0.0495f,0.5538f,-0.8312f,0.5123f,0f,0f,0f,1f],start_interpolation: 0,interpolation_duration: 1}
$data merge entity $(magazine) {transformation: [-0.9962f,0.0876f,-0.0009f,-0.0573f,0.0723f,0.8281f,0.556f,-0.4661f,0.0495f,0.5538f,-0.8312f,0.3249f,0f,0f,0f,1f],start_interpolation: 0,interpolation_duration: 1}
$data merge entity $(grip) {transformation: [-0.9962f,0.0876f,-0.0009f,-0.0573f,0.0723f,0.8281f,0.556f,-0.4661f,0.0495f,0.5538f,-0.8312f,0.3249f,0f,0f,0f,1f],start_interpolation: 0,interpolation_duration: 1}
$data merge entity $(trigger) {transformation: [-0.9962f,0.0876f,-0.0009f,-0.0569f,0.0723f,0.8281f,0.556f,-0.4795f,0.0495f,0.5538f,-0.8312f,0.3527f,0f,0f,0f,1f],start_interpolation: 0,interpolation_duration: 1}
$data merge entity $(trigger_gaurd) {transformation: [-0.9962f,0.0876f,-0.0009f,-0.0544f,0.0723f,0.8281f,0.556f,-0.4736f,0.0495f,0.5538f,-0.8312f,0.3957f,0f,0f,0f,1f],start_interpolation: 0,interpolation_duration: 1}
$data merge entity $(right_arm) {transformation: [-0.9962f,-0.0009f,-0.0876f,-0.0938f,0.0723f,0.556f,-0.8281f,-0.2988f,0.0495f,-0.8312f,-0.5538f,0.0421f,0f,0f,0f,1f],start_interpolation: 0,interpolation_duration: 1}
$data merge entity $(magazine1) {transformation: [0f,0f,0f,-0.114f,0f,0f,0f,-0.424f,0f,0f,0f,0.3799f,0f,0f,0f,1f],start_interpolation: 0,interpolation_duration: 1}
$data merge entity $(left_arm) {transformation: [-0.8344f,0.402f,0.377f,0.0844f,-0.1141f,0.5432f,-0.8318f,-0.311f,-0.5392f,-0.7371f,-0.4074f,0.049f,0f,0f,0f,1f],start_interpolation: 0,interpolation_duration: 1}
data modify entity @s data merge value {"cameras":{},"locators":{"barrel1":{"px":-0.07189698424185158,"py":-0.5990930021637516,"pz":0.6683578724461277,"ry":359.93552455091265,"rx":33.77725593472548}}}