# This file was generated by Animated Java via MC-Build. It is not recommended to edit this file directly.
$data merge entity $(bone_slide) {transformation: [-0.9962f,0.0876f,-0.0009f,-0.1705f,0.0774f,0.8853f,0.4585f,-0.452f,0.041f,0.4567f,-0.8887f,0.5695f,0f,0f,0f,1f],start_interpolation: 0,interpolation_duration: 1}
$data merge entity $(bone_barrel) {transformation: [-0.9962f,0.0876f,-0.0009f,-0.0686f,0.0774f,0.8853f,0.4585f,-0.5321f,0.041f,0.4567f,-0.8887f,0.528f,0f,0f,0f,1f],start_interpolation: 0,interpolation_duration: 1}
$data merge entity $(bone_magazine) {transformation: [-0.9962f,0.0876f,-0.0009f,-0.1823f,0.0774f,0.8853f,0.4585f,-0.4799f,0.041f,0.4567f,-0.8887f,0.3335f,0f,0f,0f,1f],start_interpolation: 0,interpolation_duration: 1}
$data merge entity $(bone_grip) {transformation: [-0.9962f,0.0876f,-0.0009f,-0.1823f,0.0774f,0.8853f,0.4585f,-0.4799f,0.041f,0.4567f,-0.8887f,0.3335f,0f,0f,0f,1f],start_interpolation: 0,interpolation_duration: 1}
$data merge entity $(bone_trigger) {transformation: [-0.9962f,0.0876f,-0.0009f,-0.1819f,0.0774f,0.8853f,0.4585f,-0.49f,0.041f,0.4567f,-0.8887f,0.3627f,0f,0f,0f,1f],start_interpolation: 0,interpolation_duration: 1}
$data merge entity $(bone_trigger_gaurd) {transformation: [-0.9962f,0.0876f,-0.0009f,-0.1794f,0.0774f,0.8853f,0.4585f,-0.4793f,0.041f,0.4567f,-0.8887f,0.4047f,0f,0f,0f,1f],start_interpolation: 0,interpolation_duration: 1}
$data merge entity $(bone_right_arm) {transformation: [-0.9962f,-0.0009f,-0.0876f,-0.2188f,0.0774f,0.4585f,-0.8853f,-0.3456f,0.041f,-0.8887f,-0.4567f,0.0337f,0f,0f,0f,1f],start_interpolation: 0,interpolation_duration: 1}
$data merge entity $(bone_magazine1) {transformation: [0f,0f,0f,-0.239f,0f,0f,0f,-0.4318f,0f,0f,0f,0.3834f,0f,0f,0f,1f],start_interpolation: 0,interpolation_duration: 1}
$data merge entity $(bone_left_arm) {transformation: [-0.8344f,0.402f,0.377f,-0.0406f,-0.1743f,0.4564f,-0.8725f,-0.3569f,-0.5229f,-0.7937f,-0.3108f,0.0419f,0f,0f,0f,1f],start_interpolation: 0,interpolation_duration: 1}
data modify entity @s data merge value {"cameras":{},"locators":{"barrel1":{"px":-0.1968969842418516,"py":-0.5732238069152671,"pz":0.6898061982794591,"ry":359.9396946415949,"rx":27.29181976726487}}}