# This file was generated by Animated Java via MC-Build. It is not recommended to edit this file directly.
$data merge entity $(bone_slide) {transformation: [-0.9962f,0.0876f,-0.0009f,-0.1705f,0.0796f,0.9094f,0.4082f,-0.4299f,0.0366f,0.4066f,-0.9129f,0.5711f,0f,0f,0f,1f],start_interpolation: 0,interpolation_duration: 1}
$data merge entity $(bone_barrel) {transformation: [-0.9962f,0.0876f,-0.0009f,-0.0686f,0.0796f,0.9094f,0.4082f,-0.5122f,0.0366f,0.4066f,-0.9129f,0.5342f,0f,0f,0f,1f],start_interpolation: 0,interpolation_duration: 1}
$data merge entity $(bone_magazine) {transformation: [-0.9962f,0.0876f,-0.0009f,-0.1823f,0.0796f,0.9094f,0.4082f,-0.4709f,0.0366f,0.4066f,-0.9129f,0.337f,0f,0f,0f,1f],start_interpolation: 0,interpolation_duration: 1}
$data merge entity $(bone_grip) {transformation: [-0.9962f,0.0876f,-0.0009f,-0.1823f,0.0796f,0.9094f,0.4082f,-0.4709f,0.0366f,0.4066f,-0.9129f,0.337f,0f,0f,0f,1f],start_interpolation: 0,interpolation_duration: 1}
$data merge entity $(bone_trigger) {transformation: [-0.9962f,0.0876f,-0.0009f,-0.1819f,0.0796f,0.9094f,0.4082f,-0.4794f,0.0366f,0.4066f,-0.9129f,0.3667f,0f,0f,0f,1f],start_interpolation: 0,interpolation_duration: 1}
$data merge entity $(bone_trigger_gaurd) {transformation: [-0.9962f,0.0876f,-0.0009f,-0.1794f,0.0796f,0.9094f,0.4082f,-0.4664f,0.0366f,0.4066f,-0.9129f,0.4081f,0f,0f,0f,1f],start_interpolation: 0,interpolation_duration: 1}
$data merge entity $(bone_right_arm) {transformation: [-0.9962f,-0.0009f,-0.0876f,-0.2187f,0.0796f,0.4082f,-0.9094f,-0.3535f,0.0366f,-0.9129f,-0.4066f,0.0302f,0f,0f,0f,1f],start_interpolation: 0,interpolation_duration: 1}
$data merge entity $(bone_magazine1) {transformation: [0f,0f,0f,-0.239f,0f,0f,0f,-0.4202f,0f,0f,0f,0.3841f,0f,0f,0f,1f],start_interpolation: 0,interpolation_duration: 1}
$data merge entity $(bone_left_arm) {transformation: [-0.8344f,0.402f,0.377f,-0.0406f,-0.2032f,0.4114f,-0.8885f,-0.3644f,-0.5123f,-0.818f,-0.2616f,0.039f,0f,0f,0f,1f],start_interpolation: 0,interpolation_duration: 1}
data modify entity @s data merge value {"cameras":{},"locators":{"barrel1":{"px":-0.19689698424185156,"py":-0.5442447063483621,"pz":0.6979731314756713,"ry":359.94129348985655,"rx":24.092781491358572}}}