# This file was generated by Animated Java via MC-Build. It is not recommended to edit this file directly.
$data merge entity $(bone_slide) {transformation: [-0.9962f,0.0876f,-0.0009f,-0.1705f,0.0854f,0.9738f,0.2108f,-0.3477f,0.0194f,0.2099f,-0.9775f,0.5661f,0f,0f,0f,1f],start_interpolation: 0,interpolation_duration: 1}
$data merge entity $(bone_barrel) {transformation: [-0.9962f,0.0876f,-0.0009f,-0.0686f,0.0854f,0.9738f,0.2108f,-0.4359f,0.0194f,0.2099f,-0.9775f,0.547f,0f,0f,0f,1f],start_interpolation: 0,interpolation_duration: 1}
$data merge entity $(bone_magazine) {transformation: [-0.9962f,0.0876f,-0.0009f,-0.1823f,0.0854f,0.9738f,0.2108f,-0.4362f,0.0194f,0.2099f,-0.9775f,0.3456f,0f,0f,0f,1f],start_interpolation: 0,interpolation_duration: 1}
$data merge entity $(bone_grip) {transformation: [-0.9962f,0.0876f,-0.0009f,-0.1823f,0.0854f,0.9738f,0.2108f,-0.4362f,0.0194f,0.2099f,-0.9775f,0.3456f,0f,0f,0f,1f],start_interpolation: 0,interpolation_duration: 1}
$data merge entity $(bone_trigger) {transformation: [-0.9962f,0.0876f,-0.0009f,-0.1819f,0.0854f,0.9738f,0.2108f,-0.4384f,0.0194f,0.2099f,-0.9775f,0.3764f,0f,0f,0f,1f],start_interpolation: 0,interpolation_duration: 1}
$data merge entity $(bone_trigger_gaurd) {transformation: [-0.9962f,0.0876f,-0.0009f,-0.1794f,0.0854f,0.9738f,0.2108f,-0.4171f,0.0194f,0.2099f,-0.9775f,0.4142f,0f,0f,0f,1f],start_interpolation: 0,interpolation_duration: 1}
$data merge entity $(bone_right_arm) {transformation: [-0.9962f,-0.0009f,-0.0876f,-0.2187f,0.0854f,0.2108f,-0.9738f,-0.3847f,0.0194f,-0.9775f,-0.2099f,0.0211f,0f,0f,0f,1f],start_interpolation: 0,interpolation_duration: 1}
$data merge entity $(bone_magazine1) {transformation: [0f,0f,0f,-0.239f,0f,0f,0f,-0.3768f,0f,0f,0f,0.3812f,0f,0f,0f,1f],start_interpolation: 0,interpolation_duration: 1}
$data merge entity $(bone_left_arm) {transformation: [-0.8344f,0.402f,0.377f,-0.0406f,-0.3046f,0.2336f,-0.9234f,-0.3935f,-0.4593f,-0.8853f,-0.0724f,0.032f,0f,0f,0f,1f],start_interpolation: 0,interpolation_duration: 1}
data modify entity @s data merge value {"cameras":{},"locators":{"barrel1":{"px":-0.19689698424185154,"py":-0.43336193875734724,"pz":0.7139084740543338,"ry":359.94517552396576,"rx":12.17022729387315}}}