# This file was generated by Animated Java via MC-Build. It is not recommended to edit this file directly.
$data merge entity $(slide) {transformation: [-0.9962f,0.0876f,-0.0009f,-0.0455f,0.041f,0.476f,0.8785f,-0.6355f,0.0774f,0.8751f,-0.4777f,0.4792f,0f,0f,0f,1f],start_interpolation: 0,interpolation_duration: 1}
$data merge entity $(barrel) {transformation: [-0.9962f,0.0876f,-0.0009f,0.0564f,0.041f,0.476f,0.8785f,-0.6785f,0.0774f,0.8751f,-0.4777f,0.3999f,0f,0f,0f,1f],start_interpolation: 0,interpolation_duration: 1}
$data merge entity $(magazine) {transformation: [-0.9962f,0.0876f,-0.0009f,-0.0573f,0.041f,0.476f,0.8785f,-0.526f,0.0774f,0.8751f,-0.4777f,0.2683f,0f,0f,0f,1f],start_interpolation: 0,interpolation_duration: 1}
$data merge entity $(grip) {transformation: [-0.9962f,0.0876f,-0.0009f,-0.0573f,0.041f,0.476f,0.8785f,-0.526f,0.0774f,0.8751f,-0.4777f,0.2683f,0f,0f,0f,1f],start_interpolation: 0,interpolation_duration: 1}
$data merge entity $(trigger) {transformation: [-0.9962f,0.0876f,-0.0009f,-0.0569f,0.041f,0.476f,0.8785f,-0.5508f,0.0774f,0.8751f,-0.4777f,0.2868f,0f,0f,0f,1f],start_interpolation: 0,interpolation_duration: 1}
$data merge entity $(trigger_gaurd) {transformation: [-0.9962f,0.0876f,-0.0009f,-0.0544f,0.041f,0.476f,0.8785f,-0.5656f,0.0774f,0.8751f,-0.4777f,0.3275f,0f,0f,0f,1f],start_interpolation: 0,interpolation_duration: 1}
$data merge entity $(right_arm) {transformation: [-0.9962f,-0.0009f,-0.0876f,-0.0938f,0.041f,0.8785f,-0.476f,-0.2465f,0.0774f,-0.4777f,-0.8751f,0.0957f,0f,0f,0f,1f],start_interpolation: 0,interpolation_duration: 1}
$data merge entity $(magazine1) {transformation: [0f,0f,0f,-0.114f,0f,0f,0f,-0.5143f,0f,0f,0f,0.3366f,0f,0f,0f,1f],start_interpolation: 0,interpolation_duration: 1}
$data merge entity $(left_arm) {transformation: [-0.8344f,0.402f,0.377f,0.0844f,0.1495f,0.8235f,-0.5473f,-0.2605f,-0.5305f,-0.4004f,-0.7472f,0.0961f,0f,0f,0f,1f],start_interpolation: 0,interpolation_duration: 1}
data modify entity @s data merge value {"cameras":{},"locators":{"barrel1":{"px":-0.07189698424185155,"py":-0.803371254418801,"pz":0.5106653250846501,"ry":359.8878213464639,"rx":61.462026609738615}}}