# This file was generated by Animated Java via MC-Build. It is not recommended to edit this file directly.
$data merge entity $(bone_slide) {transformation: [-0.9962f,0.0876f,-0.0009f,-0.1705f,0.0874f,0.9949f,0.0496f,-0.2852f,0.0053f,0.0493f,-0.9988f,0.5504f,0f,0f,0f,1f],start_interpolation: 0,interpolation_duration: 1}
$data merge entity $(bone_barrel) {transformation: [-0.9962f,0.0876f,-0.0009f,-0.0686f,0.0874f,0.9949f,0.0496f,-0.3753f,0.0053f,0.0493f,-0.9988f,0.5459f,0f,0f,0f,1f],start_interpolation: 0,interpolation_duration: 1}
$data merge entity $(bone_magazine) {transformation: [-0.9962f,0.0876f,-0.0009f,-0.1823f,0.0874f,0.9949f,0.0496f,-0.4082f,0.0053f,0.0493f,-0.9988f,0.3471f,0f,0f,0f,1f],start_interpolation: 0,interpolation_duration: 1}
$data merge entity $(bone_grip) {transformation: [-0.9962f,0.0876f,-0.0009f,-0.1823f,0.0874f,0.9949f,0.0496f,-0.4082f,0.0053f,0.0493f,-0.9988f,0.3471f,0f,0f,0f,1f],start_interpolation: 0,interpolation_duration: 1}
$data merge entity $(bone_trigger) {transformation: [-0.9962f,0.0876f,-0.0009f,-0.1819f,0.0874f,0.9949f,0.0496f,-0.4054f,0.0053f,0.0493f,-0.9988f,0.3779f,0f,0f,0f,1f],start_interpolation: 0,interpolation_duration: 1}
$data merge entity $(bone_trigger_gaurd) {transformation: [-0.9962f,0.0876f,-0.0009f,-0.1794f,0.0874f,0.9949f,0.0496f,-0.3783f,0.0053f,0.0493f,-0.9988f,0.4118f,0f,0f,0f,1f],start_interpolation: 0,interpolation_duration: 1}
$data merge entity $(bone_right_arm) {transformation: [-0.9962f,-0.0009f,-0.0876f,-0.2187f,0.0874f,0.0496f,-0.9949f,-0.41f,0.0053f,-0.9988f,-0.0493f,0.0186f,0f,0f,0f,1f],start_interpolation: 0,interpolation_duration: 1}
$data merge entity $(bone_magazine1) {transformation: [0f,0f,0f,-0.239f,0f,0f,0f,-0.3439f,0f,0f,0f,0.3727f,0f,0f,0f,1f],start_interpolation: 0,interpolation_duration: 1}
$data merge entity $(bone_left_arm) {transformation: [-0.8344f,0.402f,0.377f,-0.0406f,-0.375f,0.087f,-0.9229f,-0.417f,-0.4039f,-0.9115f,0.0782f,0.0308f,0f,0f,0f,1f],start_interpolation: 0,interpolation_duration: 1}
data modify entity @s data merge value {"cameras":{},"locators":{"barrel1":{"px":-0.19689698424185154,"py":-0.345748472284943,"pz":0.710165205748647,"ry":359.9463416061789,"rx":2.843511454378856}}}