# This file was generated by Animated Java via MC-Build. It is not recommended to edit this file directly.
$data merge entity $(bone_slide) {transformation: [-0.9962f,0.0876f,-0.0009f,-0.1705f,0.0597f,0.687f,0.7242f,-0.5789f,0.0641f,0.7213f,-0.6896f,0.5348f,0f,0f,0f,1f],start_interpolation: 0,interpolation_duration: 1}
$data merge entity $(bone_barrel) {transformation: [-0.9962f,0.0876f,-0.0009f,-0.0686f,0.0597f,0.687f,0.7242f,-0.6411f,0.0641f,0.7213f,-0.6896f,0.4694f,0f,0f,0f,1f],start_interpolation: 0,interpolation_duration: 1}
$data merge entity $(bone_magazine) {transformation: [-0.9962f,0.0876f,-0.0009f,-0.1823f,0.0597f,0.687f,0.7242f,-0.528f,0.0641f,0.7213f,-0.6896f,0.3027f,0f,0f,0f,1f],start_interpolation: 0,interpolation_duration: 1}
$data merge entity $(bone_grip) {transformation: [-0.9962f,0.0876f,-0.0009f,-0.1823f,0.0597f,0.687f,0.7242f,-0.528f,0.0641f,0.7213f,-0.6896f,0.3027f,0f,0f,0f,1f],start_interpolation: 0,interpolation_duration: 1}
$data merge entity $(bone_trigger) {transformation: [-0.9962f,0.0876f,-0.0009f,-0.1819f,0.0597f,0.687f,0.7242f,-0.5472f,0.0641f,0.7213f,-0.6896f,0.327f,0f,0f,0f,1f],start_interpolation: 0,interpolation_duration: 1}
$data merge entity $(bone_trigger_gaurd) {transformation: [-0.9962f,0.0876f,-0.0009f,-0.1794f,0.0597f,0.687f,0.7242f,-0.5508f,0.0641f,0.7213f,-0.6896f,0.3702f,0f,0f,0f,1f],start_interpolation: 0,interpolation_duration: 1}
$data merge entity $(bone_right_arm) {transformation: [-0.9962f,-0.0009f,-0.0876f,-0.2188f,0.0597f,0.7242f,-0.687f,-0.303f,0.0641f,-0.6896f,-0.7213f,0.0634f,0f,0f,0f,1f],start_interpolation: 0,interpolation_duration: 1}
$data merge entity $(bone_magazine1) {transformation: [0f,0f,0f,-0.239f,0f,0f,0f,-0.499f,0f,0f,0f,0.3656f,0f,0f,0f,1f],start_interpolation: 0,interpolation_duration: 1}
$data merge entity $(bone_left_arm) {transformation: [-0.8344f,0.402f,0.377f,-0.0406f,0.0065f,0.6911f,-0.7227f,-0.3164f,-0.5511f,-0.6006f,-0.5793f,0.0674f,0f,0f,0f,1f],start_interpolation: 0,interpolation_duration: 1}
data modify entity @s data merge value {"cameras":{},"locators":{"barrel1":{"px":-0.19689698424185156,"py":-0.7328816857626543,"pz":0.6088353827480715,"ry":359.92228896950024,"rx":46.39868638056506}}}