# This file was generated by Animated Java via MC-Build. It is not recommended to edit this file directly.
$data merge entity $(bone_head) {transformation: [-0.9784f,-0.1764f,-0.1079f,0.0006f,-0.2066f,0.8539f,0.4777f,-0.6355f,0.0079f,0.4896f,-0.8719f,0.2414f,0f,0f,0f,1f],start_interpolation: 0,interpolation_duration: 1}
$data merge entity $(bone_right_arm) {transformation: [-0.773f,-0.0957f,-0.6272f,-0.2893f,-0.2125f,0.9705f,0.1138f,-0.7446f,0.5978f,0.2213f,-0.7705f,0.4551f,0f,0f,0f,1f],start_interpolation: 0,interpolation_duration: 1}
$data merge entity $(bone_left_arm) {transformation: [-0.773f,-0.082f,-0.6291f,0.2904f,-0.2125f,0.9678f,0.1349f,-0.6147f,0.5978f,0.238f,-0.7655f,-0.0037f,0f,0f,0f,1f],start_interpolation: 0,interpolation_duration: 1}
$data merge entity $(bone_upper) {transformation: [-0.773f,0.0008f,-0.6345f,0f,-0.2125f,0.9419f,0.2601f,-1.3125f,0.5978f,0.3359f,-0.7279f,0f,0f,0f,0f,1f],start_interpolation: 0,interpolation_duration: 1}
$data merge entity $(bone_left_leg) {transformation: [-0.999f,-0.0402f,-0.0168f,0.125f,-0.0436f,0.9218f,0.3852f,-1.375f,0f,0.3856f,-0.9227f,0.0313f,0f,0f,0f,1f],start_interpolation: 0,interpolation_duration: 1}
$data merge entity $(bone_right_leg) {transformation: [-0.9962f,0.0861f,0.0133f,-0.125f,0.0872f,0.9846f,0.1515f,-1.4375f,0f,0.1521f,-0.9884f,0.0312f,0f,0f,0f,1f],start_interpolation: 0,interpolation_duration: 1}
execute on vehicle unless entity @s[tag=aj.transforms_only] at @s run function animated_java:zombie/animations/bullet_eat_2/zzz/frames/0_root_function