# This file was generated by Animated Java via MC-Build. It is not recommended to edit this file directly.
$data merge entity $(bone_head) {transformation: [-0.9723f,-0.2209f,-0.0762f,-0.0024f,-0.2258f,0.8042f,0.5498f,-0.6399f,-0.0602f,0.5518f,-0.8318f,0.2535f,0f,0f,0f,1f],start_interpolation: 0,interpolation_duration: 1}
$data merge entity $(bone_right_arm) {transformation: [-0.8842f,-0.0743f,-0.4612f,-0.3338f,-0.1675f,0.9721f,0.1645f,-0.732f,0.4361f,0.2226f,-0.8719f,0.406f,0f,0f,0f,1f],start_interpolation: 0,interpolation_duration: 1}
$data merge entity $(bone_left_arm) {transformation: [-0.8842f,-0.0642f,-0.4627f,0.3294f,-0.1675f,0.9682f,0.1856f,-0.6356f,0.4361f,0.2416f,-0.8669f,0.0679f,0f,0f,0f,1f],start_interpolation: 0,interpolation_duration: 1}
$data merge entity $(bone_upper) {transformation: [-0.8842f,-0.0033f,-0.4671f,0f,-0.1675f,0.9357f,0.3104f,-1.3125f,0.4361f,0.3527f,-0.8279f,0f,0f,0f,0f,1f],start_interpolation: 0,interpolation_duration: 1}