# This file was generated by Animated Java via MC-Build. It is not recommended to edit this file directly.
$data merge entity $(bone_head) {transformation: [-0.9526f,-0.3037f,-0.0173f,0.0006f,-0.2486f,0.7446f,0.6194f,-0.6355f,-0.1752f,0.5944f,-0.7849f,0.2414f,0f,0f,0f,1f],start_interpolation: 0,interpolation_duration: 1}
$data merge entity $(bone_right_arm) {transformation: [-0.9971f,-0.0108f,-0.0756f,-0.3734f,-0.0249f,0.9819f,0.1878f,-0.6743f,0.0722f,0.1891f,-0.9793f,0.258f,0f,0f,0f,1f],start_interpolation: 0,interpolation_duration: 1}
$data merge entity $(bone_left_arm) {transformation: [-0.9971f,-0.0092f,-0.0758f,0.3744f,-0.0249f,0.9776f,0.2092f,-0.685f,0.0722f,0.2104f,-0.9749f,0.1934f,0f,0f,0f,1f],start_interpolation: 0,interpolation_duration: 1}
$data merge entity $(bone_upper) {transformation: [-0.9971f,0.0008f,-0.0764f,0f,-0.0249f,0.9419f,0.335f,-1.3125f,0.0722f,0.3359f,-0.9391f,0f,0f,0f,0f,1f],start_interpolation: 0,interpolation_duration: 1}
execute on vehicle unless entity @s[tag=aj.transforms_only] at @s run function animated_java:zombie/animations/bullet_eat_2/zzz/frames/3_root_function