# This file was generated by Animated Java via MC-Build. It is not recommended to edit this file directly.
$data merge entity $(bone_magazine) {transformation: [-0.9924f,-0.052f,-0.1115f,-0.1633f,-0.052f,0.9986f,-0.0029f,-0.5584f,0.1115f,0.0029f,-0.9938f,0.7174f,0f,0f,0f,1f],start_interpolation: 0,interpolation_duration: 2}
$data merge entity $(bone_chamber) {transformation: [-0.9924f,-0.052f,-0.1115f,-0.1444f,-0.052f,0.9986f,-0.0029f,-0.5189f,0.1115f,0.0029f,-0.9938f,0.9039f,0f,0f,0f,1f],start_interpolation: 0,interpolation_duration: 2}
$data merge entity $(bone_akm1) {transformation: [-0.9924f,-0.052f,-0.1115f,-0.1444f,-0.052f,0.9986f,-0.0029f,-0.5189f,0.1115f,0.0029f,-0.9938f,0.9039f,0f,0f,0f,1f],start_interpolation: 0,interpolation_duration: 2}
$data merge entity $(bone_right_arm) {transformation: [-0.9924f,-0.1115f,0.052f,-0.2188f,-0.052f,-0.0029f,-0.9986f,-0.6044f,0.1115f,-0.9938f,-0.0029f,0.3144f,0f,0f,0f,1f],start_interpolation: 0,interpolation_duration: 2}
$data merge entity $(bone_magazine2) {transformation: [0f,0f,0f,-0.1427f,0f,0f,0f,-0.5262f,0f,0f,0f,1.1273f,0f,0f,0f,1f],start_interpolation: 0,interpolation_duration: 2}
$data merge entity $(bone_forearm) {transformation: [-0.3073f,0.4756f,-0.8242f,-0.0314f,0.9397f,0.0147f,-0.3418f,-0.5708f,-0.1505f,-0.8795f,-0.4515f,0.8289f,0f,0f,0f,1f],start_interpolation: 0,interpolation_duration: 2}
$data merge entity $(bone_bicep) {transformation: [-0.3073f,0.4756f,-0.8242f,0.1637f,0.9397f,0.0147f,-0.3418f,-0.5708f,-0.1505f,-0.8795f,-0.4515f,0.4725f,0f,0f,0f,1f],start_interpolation: 0,interpolation_duration: 2}
data modify entity @s data merge value {"cameras":{},"locators":{"akm":{"px":-0.0929565725271628,"py":-0.47940842711093845,"pz":1.3801731966977648,"ry":353.59817518196917,"rx":-0.16823079800686216}}}
execute on vehicle unless entity @s[tag=aj.transforms_only] at @s run function animated_java:akm/animations/reload/zzz/frames/0_root_function