# This file was generated by Animated Java via MC-Build. It is not recommended to edit this file directly.
$data merge entity $(bone_magazine) {transformation: [-0.9898f,-0.0925f,-0.1086f,-0.1652f,-0.0935f,0.9956f,0.0036f,-0.401f,0.1078f,0.0137f,-0.9941f,0.1573f,0f,0f,0f,1f],start_interpolation: -1,interpolation_duration: 0}
$data merge entity $(bone_chamber) {transformation: [-0.9898f,-0.0925f,-0.1086f,-0.1484f,-0.0935f,0.9956f,0.0036f,-0.3628f,0.1078f,0.0137f,-0.9941f,0.3442f,0f,0f,0f,1f],start_interpolation: 0,interpolation_duration: 2}
$data merge entity $(bone_akm1) {transformation: [-0.9898f,-0.0925f,-0.1086f,-0.1484f,-0.0935f,0.9956f,0.0036f,-0.3628f,0.1078f,0.0137f,-0.9941f,0.3442f,0f,0f,0f,1f],start_interpolation: 0,interpolation_duration: 2}
$data merge entity $(bone_right_arm) {transformation: [-0.9898f,-0.1086f,0.0925f,-0.2176f,-0.0935f,0.0036f,-0.9956f,-0.4448f,0.1078f,-0.9941f,-0.0137f,-0.2464f,0f,0f,0f,1f],start_interpolation: 0,interpolation_duration: 2}
$data merge entity $(bone_magazine2) {transformation: [0f,0f,0f,-0.0863f,0f,0f,0f,-0.3982f,0f,0f,0f,0.483f,0f,0f,0f,1f],start_interpolation: -1,interpolation_duration: 0}
$data merge entity $(bone_forearm) {transformation: [-0.0994f,0.5703f,-0.8154f,0.0515f,0.8073f,-0.4328f,-0.4011f,-0.5786f,-0.5816f,-0.6982f,-0.4174f,0.2538f,0f,0f,0f,1f],start_interpolation: 0,interpolation_duration: 2}
data modify entity @s data merge value {"cameras":{},"locators":{"akm":{"px":-0.099891583802002,"py":-0.3265974613782321,"pz":0.8210739473784558,"ry":353.7654141288772,"rx":0.2065676717400587}}}