# This file was generated by Animated Java via MC-Build. It is not recommended to edit this file directly.
$data merge entity $(bone_magazine) {transformation: [-0.9898f,-0.0925f,-0.1086f,-0.1975f,-0.0935f,0.9956f,0.0036f,-0.5607f,0.1078f,0.0137f,-0.9941f,0.2806f,0f,0f,0f,1f],start_interpolation: -1,interpolation_duration: 0}
$data merge entity $(bone_chamber) {transformation: [-0.9898f,-0.0925f,-0.1086f,-0.1808f,-0.0935f,0.9956f,0.0036f,-0.5224f,0.1078f,0.0137f,-0.9941f,0.4675f,0f,0f,0f,1f],start_interpolation: 0,interpolation_duration: 1}
$data merge entity $(bone_akm1) {transformation: [-0.9898f,-0.0925f,-0.1086f,-0.1808f,-0.0935f,0.9956f,0.0036f,-0.5224f,0.1078f,0.0137f,-0.9941f,0.4675f,0f,0f,0f,1f],start_interpolation: 0,interpolation_duration: 1}
$data merge entity $(bone_magazine2) {transformation: [0f,0f,0f,-0.2029f,0f,0f,0f,-0.5584f,0f,0f,0f,0.2335f,0f,0f,0f,1f],start_interpolation: -1,interpolation_duration: 0}
$data merge entity $(bone_right_arm) {transformation: [-0.9898f,-0.1086f,0.0925f,-0.25f,-0.0935f,0.0036f,-0.9956f,-0.6044f,0.1078f,-0.9941f,-0.0137f,-0.1231f,0f,0f,0f,1f],start_interpolation: 0,interpolation_duration: 1}
$data merge entity $(bone_forearm) {transformation: [-0.1171f,0.5336f,-0.8376f,0.029f,0.8238f,-0.4188f,-0.382f,-0.7403f,-0.5546f,-0.7348f,-0.3905f,0.3729f,0f,0f,0f,1f],start_interpolation: 0,interpolation_duration: 1}
$data merge entity $(bone_magazine1) {transformation: [0f,0f,0f,-0.1452f,0f,0f,0f,-0.6201f,0f,0f,0f,0.725f,0f,0f,0f,1f],start_interpolation: -1,interpolation_duration: 0}
$data merge entity $(bone_chamber1) {transformation: [-0.4115f,0.7999f,0.4369f,-0.2382f,0.9063f,0.4097f,0.1037f,-0.6244f,-0.096f,0.4386f,-0.8935f,0.9275f,0f,0f,0f,1f],start_interpolation: 0,interpolation_duration: 1}
$data merge entity $(bone_akm3) {transformation: [-0.4115f,0.7999f,0.4369f,-0.2382f,0.9063f,0.4097f,0.1037f,-0.6244f,-0.096f,0.4386f,-0.8935f,0.9275f,0f,0f,0f,1f],start_interpolation: 0,interpolation_duration: 1}
data modify entity @s data merge value {"cameras":{},"locators":{"akm":{"px":-0.13227794743836566,"py":-0.4862565522873232,"pz":0.9443694019239104,"ry":353.7654141288772,"rx":0.2065676717400587},"akm2":{"px":-0.417109766163543,"py":-0.6585012642132622,"pz":1.372412890842972,"ry":26.054416722109295,"rx":5.950355291536738}}}