# This file was generated by Animated Java via MC-Build. It is not recommended to edit this file directly.
$data merge entity $(magazine) {transformation: [-0.9898f,-0.0925f,-0.1086f,-0.1652f,-0.0935f,0.9956f,0.0036f,-0.2163f,0.1078f,0.0137f,-0.9941f,0.6243f,0f,0f,0f,1f],start_interpolation: -1,interpolation_duration: 0}
$data merge entity $(chamber) {transformation: [-0.9898f,-0.0925f,-0.1086f,-0.1484f,-0.0935f,0.9956f,0.0036f,-0.1781f,0.1078f,0.0137f,-0.9941f,0.8112f,0f,0f,0f,1f],start_interpolation: 0,interpolation_duration: 2}
$data merge entity $(akm1) {transformation: [-0.9898f,-0.0925f,-0.1086f,-0.1484f,-0.0935f,0.9956f,0.0036f,-0.1781f,0.1078f,0.0137f,-0.9941f,0.8112f,0f,0f,0f,1f],start_interpolation: 0,interpolation_duration: 2}
$data merge entity $(right_arm) {transformation: [-0.9898f,-0.1086f,0.0925f,-0.2176f,-0.0935f,0.0036f,-0.9956f,-0.2601f,0.1078f,-0.9941f,-0.0137f,0.2206f,0f,0f,0f,1f],start_interpolation: 0,interpolation_duration: 2}
$data merge entity $(magazine2) {transformation: [0f,0f,0f,-0.1177f,0f,0f,0f,-0.2312f,0f,0f,0f,1.0363f,0f,0f,0f,1f],start_interpolation: -1,interpolation_duration: 0}
$data merge entity $(forearm) {transformation: [-0.416f,0.4112f,-0.8111f,-0.0218f,0.9041f,0.0913f,-0.4174f,-0.2491f,-0.0976f,-0.907f,-0.4098f,0.7287f,0f,0f,0f,1f],start_interpolation: 0,interpolation_duration: 2}
data modify entity @s data merge value {"cameras":{},"locators":{"akm":{"px":-0.09989158380200205,"py":-0.14193837046914123,"pz":1.2881194019239104,"ry":353.7654141288772,"rx":0.2065676717400587}}}