# This file was generated by Animated Java via MC-Build. It is not recommended to edit this file directly.
$data merge entity $(magazine) {transformation: [-0.7197f,-0.6852f,-0.1118f,-0.1832f,-0.6898f,0.724f,0.0031f,-0.2154f,0.0788f,0.0794f,-0.9937f,0.6274f,0f,0f,0f,1f],start_interpolation: 0,interpolation_duration: 2}
$data merge entity $(chamber) {transformation: [-0.7197f,-0.6852f,-0.1118f,-0.189f,-0.6898f,0.724f,0.0031f,-0.1877f,0.0788f,0.0794f,-0.9937f,0.8168f,0f,0f,0f,1f],start_interpolation: 0,interpolation_duration: 2}
$data merge entity $(akm1) {transformation: [-0.7197f,-0.6852f,-0.1118f,-0.189f,-0.6898f,0.724f,0.0031f,-0.1877f,0.0788f,0.0794f,-0.9937f,0.8168f,0f,0f,0f,1f],start_interpolation: 0,interpolation_duration: 2}
$data merge entity $(right_arm) {transformation: [-0.7197f,-0.1118f,0.6852f,-0.2074f,-0.6898f,0.0031f,-0.724f,-0.2548f,0.0788f,-0.9937f,-0.0794f,0.2206f,0f,0f,0f,1f],start_interpolation: 0,interpolation_duration: 2}
$data merge entity $(magazine2) {transformation: [0f,0f,0f,-0.0791f,0f,0f,0f,-0.3177f,0f,0f,0f,0.7066f,0f,0f,0f,1f],start_interpolation: 0,interpolation_duration: 2}
$data merge entity $(forearm) {transformation: [-0.6261f,0.6742f,0.3918f,0.1466f,-0.7578f,-0.6444f,-0.1021f,-0.553f,0.1836f,-0.3609f,0.9144f,0.6189f,0f,0f,0f,1f],start_interpolation: 0,interpolation_duration: 2}
data modify entity @s data merge value {"cameras":{},"locators":{"akm":{"px":-0.16154133249559513,"py":-0.1616180057786077,"pz":1.2959958143445673,"ry":353.58066970782295,"rx":0.17927197848202361}}}