# This file was generated by Animated Java via MC-Build. It is not recommended to edit this file directly.
$data merge entity $(bone_magazine) {transformation: [-0.7197f,-0.6852f,-0.1118f,-0.2258f,-0.6898f,0.724f,0.0031f,-0.5023f,0.0788f,0.0794f,-0.9937f,0.0961f,0f,0f,0f,1f],start_interpolation: 0,interpolation_duration: 2}
$data merge entity $(bone_chamber) {transformation: [-0.7197f,-0.6852f,-0.1118f,-0.2316f,-0.6898f,0.724f,0.0031f,-0.4746f,0.0788f,0.0794f,-0.9937f,0.2855f,0f,0f,0f,1f],start_interpolation: 0,interpolation_duration: 2}
$data merge entity $(bone_akm1) {transformation: [-0.7197f,-0.6852f,-0.1118f,-0.2316f,-0.6898f,0.724f,0.0031f,-0.4746f,0.0788f,0.0794f,-0.9937f,0.2855f,0f,0f,0f,1f],start_interpolation: 0,interpolation_duration: 2}
$data merge entity $(bone_magazine2) {transformation: [0f,0f,0f,-0.1846f,0f,0f,0f,-0.4749f,0f,0f,0f,0.0512f,0f,0f,0f,1f],start_interpolation: 0,interpolation_duration: 2}
$data merge entity $(bone_right_arm) {transformation: [-0.7197f,-0.1118f,0.6852f,-0.25f,-0.6898f,0.0031f,-0.724f,-0.5417f,0.0788f,-0.9937f,-0.0794f,-0.3107f,0f,0f,0f,1f],start_interpolation: 0,interpolation_duration: 2}
$data merge entity $(bone_forearm) {transformation: [-0.6273f,0.6761f,0.3864f,0.0779f,-0.7592f,-0.6415f,-0.1099f,-0.8608f,0.1736f,-0.3623f,0.9158f,0.1137f,0f,0f,0f,1f],start_interpolation: 0,interpolation_duration: 2}
$data merge entity $(bone_magazine1) {transformation: [-0.6233f,-0.775f,-0.1044f,0.0101f,-0.7665f,0.6319f,-0.1145f,-0.8932f,0.1547f,0.0086f,-0.9879f,0.5043f,0f,0f,0f,1f],start_interpolation: 0,interpolation_duration: 2}
$data merge entity $(bone_chamber1) {transformation: [-0.6233f,-0.775f,-0.1044f,-0.0006f,-0.7665f,0.6319f,-0.1145f,-0.8471f,0.1547f,0.0086f,-0.9879f,0.6899f,0f,0f,0f,1f],start_interpolation: 0,interpolation_duration: 2}
$data merge entity $(bone_akm3) {transformation: [-0.6233f,-0.775f,-0.1044f,-0.0006f,-0.7665f,0.6319f,-0.1145f,-0.8471f,0.1547f,0.0086f,-0.9879f,0.6899f,0f,0f,0f,1f],start_interpolation: 0,interpolation_duration: 2}
data modify entity @s data merge value {"cameras":{},"locators":{"akm":{"px":-0.20415496885923143,"py":-0.44854982396042575,"pz":0.7647458143445672,"ry":353.58066970782295,"rx":0.17927197848202361},"akm2":{"px":0.019880344600184594,"py":-0.7681538315273111,"pz":1.1636129135349655,"ry":353.97015694849995,"rx":-6.573974331359677}}}