# This file was generated by Animated Java via MC-Build. It is not recommended to edit this file directly.
$data merge entity $(bone_magazine) {transformation: [0f,0f,0f,-0.1807f,0f,0f,0f,-0.4654f,0f,0f,0f,0.2837f,0f,0f,0f,1f],start_interpolation: 0,interpolation_duration: 2}
$data merge entity $(bone_chamber) {transformation: [-0.7268f,-0.6777f,-0.1115f,-0.1862f,-0.6825f,0.7309f,0.0065f,-0.4381f,0.0771f,0.0808f,-0.9937f,0.4732f,0f,0f,0f,1f],start_interpolation: 0,interpolation_duration: 2}
$data merge entity $(bone_akm1) {transformation: [-0.7268f,-0.6777f,-0.1115f,-0.1862f,-0.6825f,0.7309f,0.0065f,-0.4381f,0.0771f,0.0808f,-0.9937f,0.4732f,0f,0f,0f,1f],start_interpolation: 0,interpolation_duration: 2}
$data merge entity $(bone_right_arm) {transformation: [-0.7268f,-0.1115f,0.6777f,-0.2051f,-0.6825f,0.0065f,-0.7309f,-0.5036f,0.0771f,-0.9937f,-0.0808f,-0.1232f,0f,0f,0f,1f],start_interpolation: 0,interpolation_duration: 2}
$data merge entity $(bone_magazine2) {transformation: [-0.6401f,-0.7384f,-0.2122f,-0.0689f,-0.7473f,0.6625f,-0.0514f,-0.5497f,0.1786f,0.1256f,-0.9759f,0.3676f,0f,0f,0f,1f],start_interpolation: 0,interpolation_duration: 2}
$data merge entity $(bone_forearm) {transformation: [-0.6401f,0.6652f,0.3845f,0.1474f,-0.7473f,-0.6553f,-0.1104f,-0.7986f,0.1786f,-0.358f,0.9165f,0.2764f,0f,0f,0f,1f],start_interpolation: 0,interpolation_duration: 2}
$data merge entity $(bone_bicep) {transformation: [-0.5797f,-0.1156f,0.8066f,0.104f,-0.8015f,-0.0973f,-0.59f,-0.8331f,0.1467f,-0.9885f,-0.0363f,-0.1261f,0f,0f,0f,1f],start_interpolation: 0,interpolation_duration: 2}
data modify entity @s data merge value {"cameras":{},"locators":{"akm":{"px":-0.15860062383451776,"py":-0.41334231454305653,"pz":0.9524484678818774,"ry":353.59806606393533,"rx":0.3738224867479535}}}