# This file was generated by Animated Java via MC-Build. It is not recommended to edit this file directly.
$data merge entity $(bone_magazine) {transformation: [0f,0f,0f,-0.2255f,0f,0f,0f,-0.5659f,0f,0f,0f,0.2837f,0f,0f,0f,1f],start_interpolation: 0,interpolation_duration: 2}
$data merge entity $(bone_chamber) {transformation: [-0.7268f,-0.6777f,-0.1115f,-0.2311f,-0.6825f,0.7309f,0.0065f,-0.5386f,0.0771f,0.0808f,-0.9937f,0.4732f,0f,0f,0f,1f],start_interpolation: 0,interpolation_duration: 2}
$data merge entity $(bone_akm1) {transformation: [-0.7268f,-0.6777f,-0.1115f,-0.2311f,-0.6825f,0.7309f,0.0065f,-0.5386f,0.0771f,0.0808f,-0.9937f,0.4732f,0f,0f,0f,1f],start_interpolation: 0,interpolation_duration: 2}
$data merge entity $(bone_magazine2) {transformation: [-0.7268f,-0.0558f,-0.6846f,-0.1725f,-0.6825f,0.1705f,0.7107f,-0.5356f,0.0771f,0.9838f,-0.162f,0.2418f,0f,0f,0f,1f],start_interpolation: 0,interpolation_duration: 2}
$data merge entity $(bone_right_arm) {transformation: [-0.7268f,-0.1115f,0.6777f,-0.25f,-0.6825f,0.0065f,-0.7309f,-0.6042f,0.0771f,-0.9937f,-0.0808f,-0.1232f,0f,0f,0f,1f],start_interpolation: 0,interpolation_duration: 2}
$data merge entity $(bone_forearm) {transformation: [-0.6401f,0.6652f,0.3845f,0.076f,-0.7473f,-0.6553f,-0.1104f,-0.9235f,0.1786f,-0.358f,0.9165f,0.3029f,0f,0f,0f,1f],start_interpolation: 0,interpolation_duration: 2}
$data merge entity $(bone_magazine1) {transformation: [0f,0f,0f,0.0071f,0f,0f,0f,-0.9116f,0f,0f,0f,0.8794f,0f,0f,0f,1f],start_interpolation: 0,interpolation_duration: 2}
$data merge entity $(bone_chamber1) {transformation: [0f,0f,0f,0.0071f,0f,0f,0f,-0.9116f,0f,0f,0f,0.8794f,0f,0f,0f,1f],start_interpolation: 0,interpolation_duration: 2}
$data merge entity $(bone_akm3) {transformation: [0f,0f,0f,0.0071f,0f,0f,0f,-0.9116f,0f,0f,0f,0.8794f,0f,0f,0f,1f],start_interpolation: 0,interpolation_duration: 2}
data modify entity @s data merge value {"cameras":{},"locators":{"akm":{"px":-0.2034869874708813,"py":-0.5139104963612384,"pz":0.9524484678818774,"ry":353.59806606393533,"rx":0.3738224867479535},"akm2":{"px":0.007084634760084808,"py":-0.9115518717593627,"pz":0.8793793085843181,"ry":353.329092422602,"rx":-5.5822668253214385}}}