# This file was generated by Animated Java via MC-Build. It is not recommended to edit this file directly.
$data merge entity $(bone_magazine) {transformation: [0f,0f,0f,-0.1795f,0f,0f,0f,-0.4339f,0f,0f,0f,0.5337f,0f,0f,0f,1f],start_interpolation: -1,interpolation_duration: 0}
$data merge entity $(bone_chamber) {transformation: [-0.7268f,-0.6777f,-0.1115f,-0.1851f,-0.6826f,0.7308f,0.0073f,-0.4067f,0.0765f,0.0814f,-0.9937f,0.7232f,0f,0f,0f,1f],start_interpolation: 0,interpolation_duration: 2}
$data merge entity $(bone_akm1) {transformation: [-0.7268f,-0.6777f,-0.1115f,-0.1851f,-0.6826f,0.7308f,0.0073f,-0.4067f,0.0765f,0.0814f,-0.9937f,0.7232f,0f,0f,0f,1f],start_interpolation: 0,interpolation_duration: 2}
$data merge entity $(bone_right_arm) {transformation: [-0.7268f,-0.1115f,0.6777f,-0.204f,-0.6826f,0.0073f,-0.7308f,-0.4717f,0.0765f,-0.9937f,-0.0814f,0.1268f,0f,0f,0f,1f],start_interpolation: 0,interpolation_duration: 2}
$data merge entity $(bone_magazine2) {transformation: [-0.6361f,-0.6885f,-0.3485f,-0.0002f,-0.7512f,0.6557f,0.0758f,-0.5735f,0.1763f,0.31f,-0.9343f,0.7229f,0f,0f,0f,1f],start_interpolation: -1,interpolation_duration: 0}
$data merge entity $(bone_forearm) {transformation: [-0.6361f,0.5002f,0.5876f,0.1657f,-0.7512f,-0.5754f,-0.3234f,-0.8012f,0.1763f,-0.6471f,0.7417f,0.5287f,0f,0f,0f,1f],start_interpolation: 0,interpolation_duration: 2}
$data merge entity $(bone_bicep) {transformation: [-0.5828f,-0.2564f,0.7711f,0.0652f,-0.8022f,0.03f,-0.5963f,-0.784f,0.1297f,-0.9661f,-0.2232f,0.1354f,0f,0f,0f,1f],start_interpolation: 0,interpolation_duration: 2}
data modify entity @s data merge value {"cameras":{},"locators":{"akm":{"px":-0.1574642601981541,"py":-0.3823541399392927,"pz":1.2025114778411963,"ry":353.5980309976485,"rx":0.4189935832320156}}}
execute on vehicle unless entity @s[tag=aj.transforms_only] at @s run function animated_java:akm/animations/reload/zzz/frames/13_root_function