# This file was generated by Animated Java via MC-Build. It is not recommended to edit this file directly.
$data merge entity $(bone_magazine) {transformation: [0f,0f,0f,-0.1772f,0f,0f,0f,-0.3396f,0f,0f,0f,0.2838f,0f,0f,0f,1f],start_interpolation: 0,interpolation_duration: 2}
$data merge entity $(bone_chamber) {transformation: [-0.7268f,-0.6777f,-0.1115f,-0.1828f,-0.6827f,0.7307f,0.0089f,-0.3127f,0.0754f,0.0826f,-0.9937f,0.4733f,0f,0f,0f,1f],start_interpolation: 0,interpolation_duration: 2}
$data merge entity $(bone_akm1) {transformation: [-0.7268f,-0.6777f,-0.1115f,-0.1828f,-0.6827f,0.7307f,0.0089f,-0.3127f,0.0754f,0.0826f,-0.9937f,0.4733f,0f,0f,0f,1f],start_interpolation: 0,interpolation_duration: 2}
$data merge entity $(bone_right_arm) {transformation: [-0.7268f,-0.1115f,0.6777f,-0.2017f,-0.6827f,0.0089f,-0.7307f,-0.3768f,0.0754f,-0.9937f,-0.0826f,-0.1232f,0f,0f,0f,1f],start_interpolation: 0,interpolation_duration: 2}
$data merge entity $(bone_magazine2) {transformation: [-0.6294f,-0.5164f,-0.5807f,0.1873f,-0.7585f,0.5707f,0.3147f,-0.6534f,0.1689f,0.6385f,-0.7509f,0.5852f,0f,0f,0f,1f],start_interpolation: 0,interpolation_duration: 2}
$data merge entity $(bone_forearm) {transformation: [-0.6294f,0.0189f,0.7768f,0.1951f,-0.7585f,-0.2322f,-0.6089f,-0.7725f,0.1689f,-0.9725f,0.1605f,0.2645f,0f,0f,0f,1f],start_interpolation: 0,interpolation_duration: 2}
$data merge entity $(bone_bicep) {transformation: [-0.5956f,-0.5052f,0.6245f,-0.0064f,-0.7972f,0.2765f,-0.5366f,-0.6552f,0.0984f,-0.8175f,-0.5675f,-0.0682f,0f,0f,0f,1f],start_interpolation: 0,interpolation_duration: 2}
data modify entity @s data merge value {"cameras":{},"locators":{"akm":{"px":-0.15519153292542684,"py":-0.28912793938910597,"pz":0.9526355222487612,"ry":353.5979488763115,"rx":0.509335766010556}}}