# This file was generated by Animated Java via MC-Build. It is not recommended to edit this file directly.
$data merge entity $(bone_magazine) {transformation: [0f,0f,0f,-0.1761f,0f,0f,0f,-0.4331f,0f,0f,0f,0.6588f,0f,0f,0f,1f],start_interpolation: 0,interpolation_duration: 2}
$data merge entity $(bone_chamber) {transformation: [-0.7268f,-0.6777f,-0.1115f,-0.1817f,-0.6827f,0.7306f,0.0097f,-0.4063f,0.0749f,0.0832f,-0.9937f,0.8483f,0f,0f,0f,1f],start_interpolation: 0,interpolation_duration: 2}
$data merge entity $(bone_akm1) {transformation: [-0.7268f,-0.6777f,-0.1115f,-0.1817f,-0.6827f,0.7306f,0.0097f,-0.4063f,0.0749f,0.0832f,-0.9937f,0.8483f,0f,0f,0f,1f],start_interpolation: 0,interpolation_duration: 2}
$data merge entity $(bone_right_arm) {transformation: [-0.7268f,-0.1115f,0.6777f,-0.2006f,-0.6827f,0.0097f,-0.7306f,-0.47f,0.0749f,-0.9937f,-0.0832f,0.2518f,0f,0f,0f,1f],start_interpolation: 0,interpolation_duration: 2}
$data merge entity $(bone_magazine2) {transformation: [-0.627f,-0.4005f,-0.6682f,0.2857f,-0.7616f,0.4956f,0.4176f,-0.8506f,0.1639f,0.7707f,-0.6158f,0.954f,0f,0f,0f,1f],start_interpolation: 0,interpolation_duration: 2}
$data merge entity $(bone_forearm) {transformation: [-0.627f,-0.2415f,0.7406f,0.2041f,-0.7616f,-0.01f,-0.648f,-0.8953f,0.1639f,-0.9703f,-0.1776f,0.6247f,0f,0f,0f,1f],start_interpolation: 0,interpolation_duration: 2}
$data merge entity $(bone_bicep) {transformation: [-0.6049f,-0.6042f,0.5187f,-0.0376f,-0.7918f,0.3867f,-0.4728f,-0.7333f,0.0851f,-0.6967f,-0.7123f,0.3411f,0f,0f,0f,1f],start_interpolation: 0,interpolation_duration: 2}
data modify entity @s data merge value {"cameras":{},"locators":{"akm":{"px":-0.15405516928906324,"py":-0.38313991239781864,"pz":1.3276965566189378,"ry":353.59790182100676,"rx":0.5545068515979833}}}