# This file was generated by Animated Java via MC-Build. It is not recommended to edit this file directly.
$data merge entity $(bone_magazine) {transformation: [0f,0f,0f,-0.2699f,0f,0f,0f,-0.4018f,0f,0f,0f,0.2838f,0f,0f,0f,1f],start_interpolation: 0,interpolation_duration: 2}
$data merge entity $(bone_chamber) {transformation: [-0.7268f,-0.6777f,-0.1115f,-0.2754f,-0.6827f,0.7306f,0.0097f,-0.3751f,0.0749f,0.0832f,-0.9937f,0.4733f,0f,0f,0f,1f],start_interpolation: 0,interpolation_duration: 2}
$data merge entity $(bone_akm1) {transformation: [-0.7268f,-0.6777f,-0.1115f,-0.2754f,-0.6827f,0.7306f,0.0097f,-0.3751f,0.0749f,0.0832f,-0.9937f,0.4733f,0f,0f,0f,1f],start_interpolation: 0,interpolation_duration: 2}
$data merge entity $(bone_right_arm) {transformation: [-0.7268f,-0.1115f,0.6777f,-0.2943f,-0.6827f,0.0097f,-0.7306f,-0.4387f,0.0749f,-0.9937f,-0.0832f,-0.1232f,0f,0f,0f,1f],start_interpolation: 0,interpolation_duration: 2}
$data merge entity $(bone_magazine2) {transformation: [-0.627f,-0.4005f,-0.6682f,0.1919f,-0.7616f,0.4956f,0.4176f,-0.8193f,0.1639f,0.7707f,-0.6158f,0.579f,0f,0f,0f,1f],start_interpolation: 0,interpolation_duration: 2}
$data merge entity $(bone_forearm) {transformation: [-0.627f,-0.2415f,0.7406f,0.1103f,-0.7616f,-0.01f,-0.648f,-0.864f,0.1639f,-0.9703f,-0.1776f,0.2497f,0f,0f,0f,1f],start_interpolation: 0,interpolation_duration: 2}
$data merge entity $(bone_bicep) {transformation: [-0.6049f,-0.6042f,0.5187f,-0.1314f,-0.7918f,0.3867f,-0.4728f,-0.702f,0.0851f,-0.6967f,-0.7123f,-0.0339f,0f,0f,0f,1f],start_interpolation: 0,interpolation_duration: 2}
data modify entity @s data merge value {"cameras":{},"locators":{"akm":{"px":-0.24780516928906318,"py":-0.35188991239781864,"pz":0.9526965566189378,"ry":353.59790182100676,"rx":0.5545068515979833}}}