# This file was generated by Animated Java via MC-Build. It is not recommended to edit this file directly.
$data merge entity $(bone_magazine) {transformation: [0f,0f,0f,-0.2676f,0f,0f,0f,-0.4013f,0f,0f,0f,0.2838f,0f,0f,0f,1f],start_interpolation: 0,interpolation_duration: 2}
$data merge entity $(bone_chamber) {transformation: [-0.7268f,-0.6777f,-0.1115f,-0.2732f,-0.6829f,0.7305f,0.0113f,-0.3748f,0.0738f,0.0843f,-0.9937f,0.4734f,0f,0f,0f,1f],start_interpolation: 0,interpolation_duration: 2}
$data merge entity $(bone_akm1) {transformation: [-0.7268f,-0.6777f,-0.1115f,-0.2732f,-0.6829f,0.7305f,0.0113f,-0.3748f,0.0738f,0.0843f,-0.9937f,0.4734f,0f,0f,0f,1f],start_interpolation: 0,interpolation_duration: 2}
$data merge entity $(bone_right_arm) {transformation: [-0.7268f,-0.1115f,0.6777f,-0.292f,-0.6829f,0.0113f,-0.7305f,-0.4375f,0.0738f,-0.9937f,-0.0843f,-0.1233f,0f,0f,0f,1f],start_interpolation: 0,interpolation_duration: 2}
$data merge entity $(bone_magazine2) {transformation: [-0.6245f,-0.13f,-0.7701f,0.3435f,-0.766f,0.2943f,0.5715f,-1.0116f,0.1523f,0.9468f,-0.2833f,0.4432f,0f,0f,0f,1f],start_interpolation: 0,interpolation_duration: 2}
$data merge entity $(bone_forearm) {transformation: [-0.6245f,-0.6544f,0.4263f,0.1132f,-0.766f,0.4068f,-0.4978f,-0.9108f,0.1523f,-0.6374f,-0.7553f,0.2111f,0f,0f,0f,1f],start_interpolation: 0,interpolation_duration: 2}
$data merge entity $(bone_bicep) {transformation: [-0.6274f,-0.7336f,0.2611f,-0.1809f,-0.7759f,0.5607f,-0.2891f,-0.6782f,0.0657f,-0.384f,-0.921f,0.0546f,0f,0f,0f,1f],start_interpolation: 0,interpolation_duration: 2}
data modify entity @s data merge value {"cameras":{},"locators":{"akm":{"px":-0.24553244201633592,"py":-0.3524140023704629,"pz":0.9528166495000112,"ry":353.5977957203954,"rx":0.6448490094012782}}}