# This file was generated by Animated Java via MC-Build. It is not recommended to edit this file directly.
$data merge entity $(bone_magazine) {transformation: [0f,0f,0f,-0.1727f,0f,0f,0f,-0.347f,0f,0f,0f,0.3787f,0f,0f,0f,1f],start_interpolation: 0,interpolation_duration: 2}
$data merge entity $(bone_chamber) {transformation: [-0.7268f,-0.6777f,-0.1115f,-0.1783f,-0.6829f,0.7304f,0.012f,-0.3207f,0.0733f,0.0849f,-0.9937f,0.5684f,0f,0f,0f,1f],start_interpolation: 0,interpolation_duration: 2}
$data merge entity $(bone_akm1) {transformation: [-0.7268f,-0.6777f,-0.1115f,-0.1783f,-0.6829f,0.7304f,0.012f,-0.3207f,0.0733f,0.0849f,-0.9937f,0.5684f,0f,0f,0f,1f],start_interpolation: 0,interpolation_duration: 2}
$data merge entity $(bone_right_arm) {transformation: [-0.7268f,-0.1115f,0.6777f,-0.1972f,-0.6829f,0.012f,-0.7304f,-0.383f,0.0733f,-0.9937f,-0.0849f,-0.0284f,0f,0f,0f,1f],start_interpolation: 0,interpolation_duration: 2}
$data merge entity $(bone_magazine2) {transformation: [-0.6245f,0.0148f,-0.7809f,0.5352f,-0.7672f,0.1753f,0.6169f,-0.9063f,0.1461f,0.9844f,-0.0981f,0.4173f,0f,0f,0f,1f],start_interpolation: 0,interpolation_duration: 2}
$data merge entity $(bone_forearm) {transformation: [-0.6245f,-0.7589f,0.1845f,0.2649f,-0.7672f,0.552f,-0.3266f,-0.7493f,0.1461f,-0.3455f,-0.927f,0.279f,0f,0f,0f,1f],start_interpolation: 0,interpolation_duration: 2}
data modify entity @s data merge value {"cameras":{},"locators":{"akm":{"px":-0.15064607837997226,"py":-0.2986988455620749,"pz":1.0477620715716878,"ry":353.59773667476,"rx":0.6900200809099823}}}