# This file was generated by Animated Java via MC-Build. It is not recommended to edit this file directly.
$data merge entity $(bone_magazine) {transformation: [-0.9737f,-0.2032f,-0.1033f,-0.265f,-0.206f,0.9784f,0.0171f,-0.4081f,0.0976f,0.0379f,-0.9945f,0.2819f,0f,0f,0f,1f],start_interpolation: 0,interpolation_duration: 2}
$data merge entity $(bone_chamber) {transformation: [-0.9737f,-0.2032f,-0.1033f,-0.2536f,-0.206f,0.9784f,0.0171f,-0.3731f,0.0976f,0.0379f,-0.9945f,0.4699f,0f,0f,0f,1f],start_interpolation: 0,interpolation_duration: 2}
$data merge entity $(bone_akm1) {transformation: [-0.9737f,-0.2032f,-0.1033f,-0.2536f,-0.206f,0.9784f,0.0171f,-0.3731f,0.0976f,0.0379f,-0.9945f,0.4699f,0f,0f,0f,1f],start_interpolation: 0,interpolation_duration: 2}
$data merge entity $(bone_right_arm) {transformation: [-0.9737f,-0.1033f,0.2032f,-0.3102f,-0.206f,0.0171f,-0.9784f,-0.447f,0.0976f,-0.9945f,-0.0379f,-0.1231f,0f,0f,0f,1f],start_interpolation: 0,interpolation_duration: 2}
$data merge entity $(bone_magazine2) {transformation: [0f,0f,0f,-0.13f,0f,0f,0f,-0.5156f,0f,0f,0f,0.6875f,0f,0f,0f,1f],start_interpolation: 0,interpolation_duration: 2}
$data merge entity $(bone_forearm) {transformation: [-0.6827f,0.2018f,-0.7023f,-0.0887f,0.7305f,0.214f,-0.6485f,-0.497f,0.0194f,-0.9558f,-0.2935f,0.3668f,0f,0f,0f,1f],start_interpolation: 0,interpolation_duration: 2}
$data merge entity $(bone_bicep) {transformation: [-0.6873f,0.2879f,-0.6669f,0.0326f,0.7263f,0.2892f,-0.6236f,-0.3841f,0.0133f,-0.913f,-0.4078f,-0.0042f,0f,0f,0f,1f],start_interpolation: 0,interpolation_duration: 2}
data modify entity @s data merge value {"cameras":{},"locators":{"akm":{"px":-0.21179563254087835,"py":-0.3440190056697489,"pz":0.9478797279882485,"ry":354.06830045677754,"rx":0.9799330582086214}}}