# This file was generated by Animated Java via MC-Build. It is not recommended to edit this file directly.
$data merge entity $(magazine) {transformation: [0f,0f,0f,-0.1716f,0f,0f,0f,-0.2132f,0f,0f,0f,0.6276f,0f,0f,0f,1f],start_interpolation: 0,interpolation_duration: 2}
$data merge entity $(chamber) {transformation: [-0.7268f,-0.6777f,-0.1115f,-0.1771f,-0.683f,0.7303f,0.0128f,-0.1871f,0.0727f,0.0855f,-0.9937f,0.8173f,0f,0f,0f,1f],start_interpolation: 0,interpolation_duration: 2}
$data merge entity $(akm1) {transformation: [-0.7268f,-0.6777f,-0.1115f,-0.1771f,-0.683f,0.7303f,0.0128f,-0.1871f,0.0727f,0.0855f,-0.9937f,0.8173f,0f,0f,0f,1f],start_interpolation: 0,interpolation_duration: 2}
$data merge entity $(right_arm) {transformation: [-0.7268f,-0.1115f,0.6777f,-0.196f,-0.683f,0.0128f,-0.7303f,-0.2489f,0.0727f,-0.9937f,-0.0855f,0.2205f,0f,0f,0f,1f],start_interpolation: 0,interpolation_duration: 2}
$data merge entity $(magazine2) {transformation: [-0.6253f,0.159f,-0.764f,0.4738f,-0.7678f,0.0499f,0.6388f,-0.9383f,0.1398f,0.986f,0.0909f,0.5419f,0f,0f,0f,1f],start_interpolation: 0,interpolation_duration: 2}
$data merge entity $(forearm) {transformation: [-0.6253f,-0.7764f,-0.0783f,0.1884f,-0.7678f,0.6301f,-0.1164f,-0.7515f,0.1398f,-0.0127f,-0.9901f,0.5152f,0f,0f,0f,1f],start_interpolation: 0,interpolation_duration: 2}
data modify entity @s data merge value {"cameras":{},"locators":{"akm":{"px":-0.14950971474360858,"py":-0.1654382807998586,"pz":1.2966841076507907,"ry":353.59767363199785,"rx":0.7351911470185163}}}