# This file was generated by Animated Java via MC-Build. It is not recommended to edit this file directly.
$data merge entity $(bone_magazine) {transformation: [0f,0f,0f,-0.2255f,0f,0f,0f,-0.5683f,0f,0f,0f,0.2839f,0f,0f,0f,1f],start_interpolation: 0,interpolation_duration: 1}
$data merge entity $(bone_chamber) {transformation: [-0.7268f,-0.6777f,-0.1115f,-0.2311f,-0.683f,0.7303f,0.0128f,-0.5422f,0.0727f,0.0855f,-0.9937f,0.4735f,0f,0f,0f,1f],start_interpolation: 0,interpolation_duration: 1}
$data merge entity $(bone_akm1) {transformation: [-0.7268f,-0.6777f,-0.1115f,-0.2311f,-0.683f,0.7303f,0.0128f,-0.5422f,0.0727f,0.0855f,-0.9937f,0.4735f,0f,0f,0f,1f],start_interpolation: 0,interpolation_duration: 1}
$data merge entity $(bone_magazine2) {transformation: [-0.7268f,-0.6624f,-0.1817f,-0.1421f,-0.683f,0.725f,0.0891f,-0.6306f,0.0727f,0.1889f,-0.9793f,0.3364f,0f,0f,0f,1f],start_interpolation: 0,interpolation_duration: 1}
$data merge entity $(bone_right_arm) {transformation: [-0.7268f,-0.1115f,0.6777f,-0.25f,-0.683f,0.0128f,-0.7303f,-0.604f,0.0727f,-0.9937f,-0.0855f,-0.1233f,0f,0f,0f,1f],start_interpolation: 0,interpolation_duration: 1}
$data merge entity $(bone_forearm) {transformation: [-0.6253f,-0.7764f,-0.0783f,0.1721f,-0.7678f,0.6301f,-0.1164f,-0.8972f,0.1398f,-0.0127f,-0.9901f,0.2101f,0f,0f,0f,1f],start_interpolation: 0,interpolation_duration: 1}
$data merge entity $(bone_magazine1) {transformation: [-0.6816f,-0.0837f,-0.727f,0.2197f,-0.6853f,0.4214f,0.594f,-0.835f,0.2566f,0.903f,-0.3445f,0.619f,0f,0f,0f,1f],start_interpolation: 0,interpolation_duration: 1}
$data merge entity $(bone_chamber1) {transformation: [-0.6478f,0.0827f,-0.7573f,0.5519f,-0.748f,0.1196f,0.6528f,-1.4325f,0.1445f,0.9894f,-0.0156f,0.3555f,0f,0f,0f,1f],start_interpolation: 0,interpolation_duration: 1}
$data merge entity $(bone_akm3) {transformation: [-0.6478f,0.0827f,-0.7573f,0.5519f,-0.748f,0.1196f,0.6528f,-1.4325f,0.1445f,0.9894f,-0.0156f,0.3555f,0f,0f,0f,1f],start_interpolation: 0,interpolation_duration: 1}
data modify entity @s data merge value {"cameras":{},"locators":{"akm":{"px":-0.2034869874708813,"py":-0.5205519171634949,"pz":0.9529341076507907,"ry":353.59767363199785,"rx":0.7351911470185163},"akm2":{"px":0.9179218903116253,"py":-1.7408226169785674,"pz":0.4006640237289544,"ry":271.1826529637753,"rx":40.75486589367876}}}