# This file was generated by Animated Java via MC-Build. It is not recommended to edit this file directly.
$data merge entity $(bone_magazine) {transformation: [0f,0f,0f,-0.2255f,0f,0f,0f,-0.5683f,0f,0f,0f,0.2839f,0f,0f,0f,1f],start_interpolation: 0,interpolation_duration: 2}
$data merge entity $(bone_chamber) {transformation: [-0.7268f,-0.6777f,-0.1115f,-0.2311f,-0.683f,0.7303f,0.0128f,-0.5422f,0.0727f,0.0855f,-0.9937f,0.4735f,0f,0f,0f,1f],start_interpolation: 0,interpolation_duration: 2}
$data merge entity $(bone_akm1) {transformation: [-0.7268f,-0.6777f,-0.1115f,-0.2311f,-0.683f,0.7303f,0.0128f,-0.5422f,0.0727f,0.0855f,-0.9937f,0.4735f,0f,0f,0f,1f],start_interpolation: 0,interpolation_duration: 2}
$data merge entity $(bone_magazine2) {transformation: [-0.7268f,-0.6624f,-0.1817f,-0.1751f,-0.683f,0.725f,0.0891f,-0.5402f,0.0727f,0.1889f,-0.9793f,0.2424f,0f,0f,0f,1f],start_interpolation: 0,interpolation_duration: 2}
$data merge entity $(bone_right_arm) {transformation: [-0.7268f,-0.1115f,0.6777f,-0.25f,-0.683f,0.0128f,-0.7303f,-0.604f,0.0727f,-0.9937f,-0.0855f,-0.1233f,0f,0f,0f,1f],start_interpolation: 0,interpolation_duration: 2}
$data merge entity $(bone_forearm) {transformation: [-0.6253f,-0.7764f,-0.0783f,0.1756f,-0.7678f,0.6301f,-0.1164f,-1.011f,0.1398f,-0.0127f,-0.9901f,0.1652f,0f,0f,0f,1f],start_interpolation: 0,interpolation_duration: 2}
$data merge entity $(bone_magazine1) {transformation: [0f,0f,0f,0.5519f,0f,0f,0f,-1.4325f,0f,0f,0f,0.3555f,0f,0f,0f,1f],start_interpolation: 0,interpolation_duration: 2}
$data merge entity $(bone_chamber1) {transformation: [0f,0f,0f,0.5519f,0f,0f,0f,-1.4325f,0f,0f,0f,0.3555f,0f,0f,0f,1f],start_interpolation: 0,interpolation_duration: 2}
$data merge entity $(bone_akm3) {transformation: [0f,0f,0f,0.5519f,0f,0f,0f,-1.4325f,0f,0f,0f,0.3555f,0f,0f,0f,1f],start_interpolation: 0,interpolation_duration: 2}
data modify entity @s data merge value {"cameras":{},"locators":{"akm":{"px":-0.2034869874708813,"py":-0.5205519171634949,"pz":0.9529341076507907,"ry":353.59767363199785,"rx":0.7351911470185163},"akm2":{"px":0.5518603355886724,"py":-1.4325508320381133,"pz":0.3554901119183398,"ry":271.1826529637753,"rx":40.75486589367876}}}