# This file was generated by Animated Java via MC-Build. It is not recommended to edit this file directly.
$data merge entity $(bone_magazine) {transformation: [0f,0f,0f,-0.2255f,0f,0f,0f,-0.5686f,0f,0f,0f,0.1901f,0f,0f,0f,1f],start_interpolation: 0,interpolation_duration: 2}
$data merge entity $(bone_chamber) {transformation: [-0.7268f,-0.6777f,-0.1115f,-0.2311f,-0.683f,0.7303f,0.0136f,-0.5427f,0.0722f,0.0861f,-0.9937f,0.3798f,0f,0f,0f,1f],start_interpolation: 0,interpolation_duration: 2}
$data merge entity $(bone_akm1) {transformation: [-0.7268f,-0.6777f,-0.1115f,-0.2311f,-0.683f,0.7303f,0.0136f,-0.5427f,0.0722f,0.0861f,-0.9937f,0.3798f,0f,0f,0f,1f],start_interpolation: 0,interpolation_duration: 2}
$data merge entity $(bone_magazine2) {transformation: [-0.724f,-0.6624f,-0.1924f,-0.1754f,-0.6843f,0.7249f,0.0796f,-0.5408f,0.0867f,0.1892f,-0.9781f,0.1487f,0f,0f,0f,1f],start_interpolation: 0,interpolation_duration: 2}
$data merge entity $(bone_right_arm) {transformation: [-0.7268f,-0.1115f,0.6777f,-0.25f,-0.683f,0.0136f,-0.7303f,-0.6039f,0.0722f,-0.9937f,-0.0861f,-0.217f,0f,0f,0f,1f],start_interpolation: 0,interpolation_duration: 2}
$data merge entity $(bone_forearm) {transformation: [-0.6253f,-0.7764f,-0.0783f,0.1738f,-0.7679f,0.6301f,-0.1157f,-1.0134f,0.1391f,-0.0122f,-0.9902f,0.0713f,0f,0f,0f,1f],start_interpolation: 0,interpolation_duration: 2}
$data merge entity $(bone_magazine1) {transformation: [0f,0f,0f,0.5519f,0f,0f,0f,-1.4329f,0f,0f,0f,0.2611f,0f,0f,0f,1f],start_interpolation: 0,interpolation_duration: 2}
$data merge entity $(bone_chamber1) {transformation: [0f,0f,0f,0.5519f,0f,0f,0f,-1.4329f,0f,0f,0f,0.2611f,0f,0f,0f,1f],start_interpolation: 0,interpolation_duration: 2}
$data merge entity $(bone_akm3) {transformation: [0f,0f,0f,0.5519f,0f,0f,0f,-1.4329f,0f,0f,0f,0.2611f,0f,0f,0f,1f],start_interpolation: 0,interpolation_duration: 2}
data modify entity @s data merge value {"cameras":{},"locators":{"akm":{"px":-0.2034869874708813,"py":-0.5213823075612167,"pz":0.8592418486096547,"ry":353.59760659191375,"rx":0.7803622073732487},"akm2":{"px":0.5518603355886724,"py":-1.4329069643627208,"pz":0.2610745235139605,"ry":271.1434875249904,"rx":40.75578853064966}}}