# This file was generated by Animated Java via MC-Build. It is not recommended to edit this file directly.
$data merge entity $(bone_magazine) {transformation: [0f,0f,0f,-0.1693f,0f,0f,0f,-0.5564f,0f,0f,0f,0.7214f,0f,0f,0f,1f],start_interpolation: 0,interpolation_duration: 2}
$data merge entity $(bone_chamber) {transformation: [-0.7268f,-0.6777f,-0.1115f,-0.1749f,-0.6831f,0.7302f,0.0144f,-0.5306f,0.0717f,0.0866f,-0.9937f,0.9111f,0f,0f,0f,1f],start_interpolation: 0,interpolation_duration: 2}
$data merge entity $(bone_akm1) {transformation: [-0.7268f,-0.6777f,-0.1115f,-0.1749f,-0.6831f,0.7302f,0.0144f,-0.5306f,0.0717f,0.0866f,-0.9937f,0.9111f,0f,0f,0f,1f],start_interpolation: 0,interpolation_duration: 2}
$data merge entity $(bone_right_arm) {transformation: [-0.7268f,-0.1115f,0.6777f,-0.1938f,-0.6831f,0.0144f,-0.7302f,-0.5914f,0.0717f,-0.9937f,-0.0866f,0.3142f,0f,0f,0f,1f],start_interpolation: 0,interpolation_duration: 2}
$data merge entity $(bone_magazine2) {transformation: [-0.6253f,0.159f,-0.764f,0.476f,-0.768f,0.0484f,0.6387f,-1.2814f,0.1385f,0.9861f,0.0919f,0.6346f,0f,0f,0f,1f],start_interpolation: 0,interpolation_duration: 2}
$data merge entity $(bone_forearm) {transformation: [-0.6253f,-0.7764f,-0.0783f,0.1907f,-0.768f,0.6301f,-0.1149f,-1.0945f,0.1385f,-0.0117f,-0.9903f,0.6081f,0f,0f,0f,1f],start_interpolation: 0,interpolation_duration: 2}
$data merge entity $(bone_bicep) {transformation: [-0.6525f,-0.7573f,-0.0259f,-0.1129f,-0.7557f,0.6528f,-0.0524f,-0.8246f,0.0566f,-0.0146f,-0.9983f,0.6019f,0f,0f,0f,1f],start_interpolation: 0,interpolation_duration: 2}
data modify entity @s data merge value {"cameras":{},"locators":{"akm":{"px":-0.1472369874708814,"py":-0.5097127435053407,"pz":1.3905489307755756,"ry":353.59753555429984,"rx":0.8255332616204911}}}