# This file was generated by Animated Java via MC-Build. It is not recommended to edit this file directly.
$data merge entity $(bone_magazine) {transformation: [0f,0f,0f,-0.1693f,0f,0f,0f,-0.3377f,0f,0f,0f,0.1964f,0f,0f,0f,1f],start_interpolation: 0,interpolation_duration: 2}
$data merge entity $(bone_chamber) {transformation: [-0.7268f,-0.6777f,-0.1115f,-0.1749f,-0.6831f,0.7302f,0.0144f,-0.3119f,0.0717f,0.0866f,-0.9937f,0.3861f,0f,0f,0f,1f],start_interpolation: 0,interpolation_duration: 2}
$data merge entity $(bone_akm1) {transformation: [-0.7268f,-0.6777f,-0.1115f,-0.1749f,-0.6831f,0.7302f,0.0144f,-0.3119f,0.0717f,0.0866f,-0.9937f,0.3861f,0f,0f,0f,1f],start_interpolation: 0,interpolation_duration: 2}
$data merge entity $(bone_right_arm) {transformation: [-0.7268f,-0.1115f,0.6777f,-0.1937f,-0.6831f,0.0144f,-0.7302f,-0.3727f,0.0717f,-0.9937f,-0.0866f,-0.2108f,0f,0f,0f,1f],start_interpolation: 0,interpolation_duration: 2}
$data merge entity $(bone_magazine2) {transformation: [-0.6024f,0.1588f,-0.7823f,0.5515f,-0.7866f,0.0487f,0.6156f,-0.9276f,0.1358f,0.9861f,0.0956f,0.1009f,0f,0f,0f,1f],start_interpolation: 0,interpolation_duration: 2}
$data merge entity $(bone_forearm) {transformation: [-0.6253f,-0.7764f,-0.0783f,0.2689f,-0.768f,0.6301f,-0.1149f,-0.7373f,0.1385f,-0.0117f,-0.9903f,0.0739f,0f,0f,0f,1f],start_interpolation: 0,interpolation_duration: 2}
data modify entity @s data merge value {"cameras":{},"locators":{"akm":{"px":-0.14723698747088135,"py":-0.29096274350534074,"pz":0.8655489307755758,"ry":353.59753555429984,"rx":0.8255332616204911}}}