# This file was generated by Animated Java via MC-Build. It is not recommended to edit this file directly.
$data merge entity $(bone_magazine) {transformation: [0f,0f,0f,-0.1693f,0f,0f,0f,-0.4314f,0f,0f,0f,0.5714f,0f,0f,0f,1f],start_interpolation: 0,interpolation_duration: 2}
$data merge entity $(bone_chamber) {transformation: [-0.7268f,-0.6777f,-0.1115f,-0.1749f,-0.6831f,0.7302f,0.0144f,-0.4056f,0.0717f,0.0866f,-0.9937f,0.7611f,0f,0f,0f,1f],start_interpolation: 0,interpolation_duration: 2}
$data merge entity $(bone_akm1) {transformation: [-0.7268f,-0.6777f,-0.1115f,-0.1749f,-0.6831f,0.7302f,0.0144f,-0.4056f,0.0717f,0.0866f,-0.9937f,0.7611f,0f,0f,0f,1f],start_interpolation: 0,interpolation_duration: 2}
$data merge entity $(bone_right_arm) {transformation: [-0.7268f,-0.1115f,0.6777f,-0.1938f,-0.6831f,0.0144f,-0.7302f,-0.4664f,0.0717f,-0.9937f,-0.0866f,0.1642f,0f,0f,0f,1f],start_interpolation: 0,interpolation_duration: 2}
$data merge entity $(bone_magazine2) {transformation: [-0.6024f,0.1588f,-0.7823f,0.5515f,-0.7866f,0.0487f,0.6156f,-1.0214f,0.1358f,0.9861f,0.0956f,0.4759f,0f,0f,0f,1f],start_interpolation: 0,interpolation_duration: 2}
$data merge entity $(bone_forearm) {transformation: [-0.6253f,-0.7764f,-0.0783f,0.2689f,-0.768f,0.6301f,-0.1149f,-0.831f,0.1385f,-0.0117f,-0.9903f,0.4489f,0f,0f,0f,1f],start_interpolation: 0,interpolation_duration: 2}
data modify entity @s data merge value {"cameras":{},"locators":{"akm":{"px":-0.14723698747088132,"py":-0.3847127435053408,"pz":1.2405489307755757,"ry":353.59753555429984,"rx":0.8255332616204911}}}