# This file was generated by Animated Java via MC-Build. It is not recommended to edit this file directly.
$data merge entity $(bone_magazine) {transformation: [0f,0f,0f,-0.2255f,0f,0f,0f,-0.5692f,0f,0f,0f,0.2839f,0f,0f,0f,1f],start_interpolation: 0,interpolation_duration: 0}
$data merge entity $(bone_chamber) {transformation: [-0.7268f,-0.6777f,-0.1115f,-0.2311f,-0.6831f,0.7301f,0.0152f,-0.5436f,0.0711f,0.0872f,-0.9936f,0.4736f,0f,0f,0f,1f],start_interpolation: 0,interpolation_duration: 0}
$data merge entity $(bone_akm1) {transformation: [-0.7268f,-0.6777f,-0.1115f,-0.2311f,-0.6831f,0.7301f,0.0152f,-0.5436f,0.0711f,0.0872f,-0.9936f,0.4736f,0f,0f,0f,1f],start_interpolation: 0,interpolation_duration: 0}
$data merge entity $(bone_magazine2) {transformation: [-0.718f,-0.6624f,-0.2135f,-0.148f,-0.6865f,0.7246f,0.0605f,-0.619f,0.1146f,0.19f,-0.9751f,0.3223f,0f,0f,0f,1f],start_interpolation: 0,interpolation_duration: 0}
$data merge entity $(bone_right_arm) {transformation: [-0.7268f,-0.1115f,0.6777f,-0.25f,-0.6831f,0.0152f,-0.7301f,-0.6039f,0.0711f,-0.9936f,-0.0872f,-0.1233f,0f,0f,0f,1f],start_interpolation: 0,interpolation_duration: 0}
$data merge entity $(bone_forearm) {transformation: [-0.6253f,-0.7764f,-0.0783f,0.1668f,-0.7681f,0.6301f,-0.1141f,-0.9141f,0.1379f,-0.0112f,-0.9904f,0.206f,0f,0f,0f,1f],start_interpolation: 0,interpolation_duration: 0}
$data merge entity $(bone_magazine1) {transformation: [-0.6816f,-0.0837f,-0.727f,0.2197f,-0.6859f,0.4192f,0.5948f,-0.8367f,0.255f,0.904f,-0.3431f,0.6184f,0f,0f,0f,1f],start_interpolation: 0,interpolation_duration: 0}
$data merge entity $(bone_chamber1) {transformation: [-0.6478f,0.0827f,-0.7573f,0.5519f,-0.7484f,0.1172f,0.6529f,-1.4336f,0.1428f,0.9897f,-0.0141f,0.3535f,0f,0f,0f,1f],start_interpolation: 0,interpolation_duration: 0}
$data merge entity $(bone_akm3) {transformation: [-0.6478f,0.0827f,-0.7573f,0.5519f,-0.7484f,0.1172f,0.6529f,-1.4336f,0.1428f,0.9897f,-0.0141f,0.3535f,0f,0f,0f,1f],start_interpolation: 0,interpolation_duration: 0}
data modify entity @s data merge value {"cameras":{},"locators":{"akm":{"px":-0.2034869874708813,"py":-0.5230432244732108,"pz":0.9531053541126282,"ry":353.5974605189357,"rx":0.8707043094064747},"akm2":{"px":0.9179218903116253,"py":-1.7419960697701813,"pz":0.3979325995896607,"ry":271.0651513436828,"rx":40.7575406056813}}}