# This file was generated by Animated Java via MC-Build. It is not recommended to edit this file directly.
$data merge entity $(bone_magazine) {transformation: [0f,0f,0f,-0.1682f,0f,0f,0f,-0.3346f,0f,0f,0f,0.3856f,0f,0f,0f,1f],start_interpolation: 0,interpolation_duration: 2}
$data merge entity $(bone_chamber) {transformation: [-0.7268f,-0.6777f,-0.1115f,-0.1737f,-0.6831f,0.7301f,0.0152f,-0.3089f,0.0711f,0.0872f,-0.9936f,0.5753f,0f,0f,0f,1f],start_interpolation: 0,interpolation_duration: 2}
$data merge entity $(bone_akm1) {transformation: [-0.7268f,-0.6777f,-0.1115f,-0.1737f,-0.6831f,0.7301f,0.0152f,-0.3089f,0.0711f,0.0872f,-0.9936f,0.5753f,0f,0f,0f,1f],start_interpolation: 0,interpolation_duration: 2}
$data merge entity $(bone_right_arm) {transformation: [-0.7268f,-0.1115f,0.6777f,-0.1926f,-0.6831f,0.0152f,-0.7301f,-0.3692f,0.0711f,-0.9936f,-0.0872f,-0.0216f,0f,0f,0f,1f],start_interpolation: 0,interpolation_duration: 2}
$data merge entity $(bone_magazine2) {transformation: [-0.5907f,0.1586f,-0.7912f,0.5524f,-0.7957f,0.048f,0.6037f,-0.9248f,0.1337f,0.9862f,0.0979f,0.2897f,0f,0f,0f,1f],start_interpolation: 0,interpolation_duration: 2}
$data merge entity $(bone_forearm) {transformation: [-0.6253f,-0.7764f,-0.0783f,0.2701f,-0.7681f,0.6301f,-0.1141f,-0.7341f,0.1379f,-0.0112f,-0.9904f,0.2628f,0f,0f,0f,1f],start_interpolation: 0,interpolation_duration: 2}
data modify entity @s data merge value {"cameras":{},"locators":{"akm":{"px":-0.14610062383451775,"py":-0.28838413356411985,"pz":1.0548098995671737,"ry":353.5974605189357,"rx":0.8707043094064747}}}