# This file was generated by Animated Java via MC-Build. It is not recommended to edit this file directly.
$data merge entity $(bone_magazine) {transformation: [0f,0f,0f,-0.167f,0f,0f,0f,-0.5559f,0f,0f,0f,0.7214f,0f,0f,0f,1f],start_interpolation: 0,interpolation_duration: 2}
$data merge entity $(bone_chamber) {transformation: [-0.7268f,-0.6777f,-0.1115f,-0.1726f,-0.6832f,0.7301f,0.016f,-0.5304f,0.0706f,0.0878f,-0.9936f,0.9112f,0f,0f,0f,1f],start_interpolation: 0,interpolation_duration: 2}
$data merge entity $(bone_akm1) {transformation: [-0.7268f,-0.6777f,-0.1115f,-0.1726f,-0.6832f,0.7301f,0.016f,-0.5304f,0.0706f,0.0878f,-0.9936f,0.9112f,0f,0f,0f,1f],start_interpolation: 0,interpolation_duration: 2}
$data merge entity $(bone_right_arm) {transformation: [-0.7268f,-0.1115f,0.6777f,-0.1915f,-0.6832f,0.016f,-0.7301f,-0.5902f,0.0706f,-0.9936f,-0.0878f,0.3142f,0f,0f,0f,1f],start_interpolation: 0,interpolation_duration: 2}
$data merge entity $(bone_magazine2) {transformation: [-0.6253f,0.159f,-0.764f,0.4783f,-0.7682f,0.0468f,0.6385f,-1.2807f,0.1373f,0.9862f,0.0929f,0.6335f,0f,0f,0f,1f],start_interpolation: 0,interpolation_duration: 2}
$data merge entity $(bone_forearm) {transformation: [-0.6253f,-0.7764f,-0.0783f,0.1929f,-0.7682f,0.6301f,-0.1133f,-1.0938f,0.1373f,-0.0107f,-0.9905f,0.6073f,0f,0f,0f,1f],start_interpolation: 0,interpolation_duration: 2}
$data merge entity $(bone_bicep) {transformation: [-0.6525f,-0.7573f,-0.0259f,-0.1107f,-0.7558f,0.6529f,-0.0508f,-0.8238f,0.0554f,-0.0136f,-0.9984f,0.6015f,0f,0f,0f,1f],start_interpolation: 0,interpolation_duration: 2}
data modify entity @s data merge value {"cameras":{},"locators":{"akm":{"px":-0.14496426019815414,"py":-0.5102373863057802,"pz":1.3906611185853,"ry":353.5973814855888,"rx":0.9158753503774939}}}