# This file was generated by Animated Java via MC-Build. It is not recommended to edit this file directly.
$data merge entity $(bone_magazine) {transformation: [0f,0f,0f,-0.167f,0f,0f,0f,-0.4622f,0f,0f,0f,0.2839f,0f,0f,0f,1f],start_interpolation: 0,interpolation_duration: 2}
$data merge entity $(bone_chamber) {transformation: [-0.7268f,-0.6777f,-0.1115f,-0.1726f,-0.6832f,0.7301f,0.016f,-0.4366f,0.0706f,0.0878f,-0.9936f,0.4737f,0f,0f,0f,1f],start_interpolation: 0,interpolation_duration: 2}
$data merge entity $(bone_akm1) {transformation: [-0.7268f,-0.6777f,-0.1115f,-0.1726f,-0.6832f,0.7301f,0.016f,-0.4366f,0.0706f,0.0878f,-0.9936f,0.4737f,0f,0f,0f,1f],start_interpolation: 0,interpolation_duration: 2}
$data merge entity $(bone_right_arm) {transformation: [-0.7268f,-0.1115f,0.6777f,-0.1915f,-0.6832f,0.016f,-0.7301f,-0.4965f,0.0706f,-0.9936f,-0.0878f,-0.1233f,0f,0f,0f,1f],start_interpolation: 0,interpolation_duration: 2}
$data merge entity $(bone_magazine2) {transformation: [-0.6253f,0.159f,-0.764f,0.4783f,-0.7682f,0.0468f,0.6385f,-1.187f,0.1373f,0.9862f,0.0929f,0.196f,0f,0f,0f,1f],start_interpolation: 0,interpolation_duration: 2}
$data merge entity $(bone_forearm) {transformation: [-0.6253f,-0.7764f,-0.0783f,0.1929f,-0.7682f,0.6301f,-0.1133f,-1f,0.1373f,-0.0107f,-0.9905f,0.1698f,0f,0f,0f,1f],start_interpolation: 0,interpolation_duration: 2}
$data merge entity $(bone_bicep) {transformation: [-0.6525f,-0.7573f,-0.0259f,-0.1107f,-0.7558f,0.6529f,-0.0508f,-0.7301f,0.0554f,-0.0136f,-0.9984f,0.164f,0f,0f,0f,1f],start_interpolation: 0,interpolation_duration: 2}
data modify entity @s data merge value {"cameras":{},"locators":{"akm":{"px":-0.1449642601981541,"py":-0.4164873863057801,"pz":0.9531611185852998,"ry":353.5973814855888,"rx":0.9158753503774939}}}