# This file was generated by Animated Java via MC-Build. It is not recommended to edit this file directly.
$data merge entity $(bone_magazine) {transformation: [0f,0f,0f,-0.2255f,0f,0f,0f,-0.5698f,0f,0f,0f,0.284f,0f,0f,0f,1f],start_interpolation: 0,interpolation_duration: 1}
$data merge entity $(bone_chamber) {transformation: [-0.7268f,-0.6777f,-0.1115f,-0.2311f,-0.6833f,0.73f,0.0168f,-0.5445f,0.07f,0.0884f,-0.9936f,0.4737f,0f,0f,0f,1f],start_interpolation: 0,interpolation_duration: 1}
$data merge entity $(bone_akm1) {transformation: [-0.7268f,-0.6777f,-0.1115f,-0.2311f,-0.6833f,0.73f,0.0168f,-0.5445f,0.07f,0.0884f,-0.9936f,0.4737f,0f,0f,0f,1f],start_interpolation: 0,interpolation_duration: 1}
$data merge entity $(bone_magazine2) {transformation: [-0.7114f,-0.6625f,-0.2345f,-0.152f,-0.6882f,0.7243f,0.0415f,-0.6112f,0.1424f,0.1909f,-0.9712f,0.313f,0f,0f,0f,1f],start_interpolation: 0,interpolation_duration: 1}
$data merge entity $(bone_right_arm) {transformation: [-0.7268f,-0.1115f,0.6777f,-0.25f,-0.6833f,0.0168f,-0.73f,-0.6039f,0.07f,-0.9936f,-0.0884f,-0.1233f,0f,0f,0f,1f],start_interpolation: 0,interpolation_duration: 1}
$data merge entity $(bone_forearm) {transformation: [-0.6253f,-0.7764f,-0.0783f,0.1633f,-0.7683f,0.6301f,-0.1125f,-0.9253f,0.1367f,-0.0102f,-0.9906f,0.2032f,0f,0f,0f,1f],start_interpolation: 0,interpolation_duration: 1}
$data merge entity $(bone_magazine1) {transformation: [-0.6816f,-0.0837f,-0.727f,0.2197f,-0.6863f,0.4178f,0.5953f,-0.8378f,0.2539f,0.9047f,-0.3422f,0.618f,0f,0f,0f,1f],start_interpolation: 0,interpolation_duration: 1}
$data merge entity $(bone_chamber1) {transformation: [-0.6478f,0.0827f,-0.7573f,0.5519f,-0.7486f,0.1157f,0.6529f,-1.4343f,0.1416f,0.9898f,-0.013f,0.3522f,0f,0f,0f,1f],start_interpolation: 0,interpolation_duration: 1}
$data merge entity $(bone_akm3) {transformation: [-0.6478f,0.0827f,-0.7573f,0.5519f,-0.7486f,0.1157f,0.6529f,-1.4343f,0.1416f,0.9898f,-0.013f,0.3522f,0f,0f,0f,1f],start_interpolation: 0,interpolation_duration: 1}
data modify entity @s data merge value {"cameras":{},"locators":{"akm":{"px":-0.2034869874708813,"py":-0.5247043193894284,"pz":0.9532162241584944,"ry":353.59729845401404,"rx":0.961046384179769},"akm2":{"px":0.9179218903116253,"py":-1.7427747586558484,"pz":0.3961101019452222,"ry":270.98680849850604,"rx":40.75916840374216}}}