# This file was generated by Animated Java via MC-Build. It is not recommended to edit this file directly.
$data merge entity $(bone_magazine) {transformation: [0f,0f,0f,-0.2596f,0f,0f,0f,-0.3994f,0f,0f,0f,0.284f,0f,0f,0f,1f],start_interpolation: 0,interpolation_duration: 2}
$data merge entity $(bone_chamber) {transformation: [-0.7268f,-0.6777f,-0.1115f,-0.2652f,-0.6833f,0.73f,0.0168f,-0.374f,0.07f,0.0884f,-0.9936f,0.4737f,0f,0f,0f,1f],start_interpolation: 0,interpolation_duration: 2}
$data merge entity $(bone_akm1) {transformation: [-0.7268f,-0.6777f,-0.1115f,-0.2652f,-0.6833f,0.73f,0.0168f,-0.374f,0.07f,0.0884f,-0.9936f,0.4737f,0f,0f,0f,1f],start_interpolation: 0,interpolation_duration: 2}
$data merge entity $(bone_right_arm) {transformation: [-0.7268f,-0.1115f,0.6777f,-0.2841f,-0.6833f,0.0168f,-0.73f,-0.4334f,0.07f,-0.9936f,-0.0884f,-0.1233f,0f,0f,0f,1f],start_interpolation: 0,interpolation_duration: 2}
$data merge entity $(bone_magazine2) {transformation: [-0.6253f,0.159f,-0.764f,0.3857f,-0.7683f,0.046f,0.6384f,-1.1241f,0.1367f,0.9862f,0.0934f,0.1954f,0f,0f,0f,1f],start_interpolation: 0,interpolation_duration: 2}
$data merge entity $(bone_forearm) {transformation: [-0.6253f,-0.7764f,-0.0783f,0.1003f,-0.7683f,0.6301f,-0.1125f,-0.9372f,0.1367f,-0.0102f,-0.9906f,0.1694f,0f,0f,0f,1f],start_interpolation: 0,interpolation_duration: 2}
$data merge entity $(bone_bicep) {transformation: [-0.6525f,-0.7573f,-0.0259f,-0.2033f,-0.7558f,0.6529f,-0.05f,-0.6672f,0.0548f,-0.013f,-0.9984f,0.1638f,0f,0f,0f,1f],start_interpolation: 0,interpolation_duration: 2}
data modify entity @s data merge value {"cameras":{},"locators":{"akm":{"px":-0.23757789656179043,"py":-0.35424977393488294,"pz":0.9532162241584944,"ry":353.59729845401404,"rx":0.961046384179769}}}