# This file was generated by Animated Java via MC-Build. It is not recommended to edit this file directly.
$data merge entity $(bone_magazine) {transformation: [0f,0f,0f,-0.2246f,0f,0f,0f,-0.5714f,0f,0f,0f,0.284f,0f,0f,0f,1f],start_interpolation: 0,interpolation_duration: 0}
$data merge entity $(bone_chamber) {transformation: [-0.7209f,-0.6835f,-0.1146f,-0.2298f,-0.6895f,0.724f,0.0202f,-0.5469f,0.0692f,0.0936f,-0.9932f,0.4739f,0f,0f,0f,1f],start_interpolation: 0,interpolation_duration: 0}
$data merge entity $(bone_akm1) {transformation: [-0.7209f,-0.6835f,-0.1146f,-0.2298f,-0.6895f,0.724f,0.0202f,-0.5469f,0.0692f,0.0936f,-0.9932f,0.4739f,0f,0f,0f,1f],start_interpolation: 0,interpolation_duration: 0}
$data merge entity $(bone_magazine2) {transformation: [-0.7017f,-0.6679f,-0.2482f,-0.1526f,-0.6952f,0.718f,0.0334f,-0.608f,0.1559f,0.1959f,-0.9681f,0.308f,0f,0f,0f,1f],start_interpolation: 0,interpolation_duration: 0}
$data merge entity $(bone_right_arm) {transformation: [-0.7209f,-0.1146f,0.6835f,-0.25f,-0.6895f,0.0202f,-0.724f,-0.6038f,0.0692f,-0.9932f,-0.0936f,-0.1233f,0f,0f,0f,1f],start_interpolation: 0,interpolation_duration: 0}
$data merge entity $(bone_forearm) {transformation: [-0.6253f,-0.7764f,-0.0783f,0.1616f,-0.7684f,0.6301f,-0.1117f,-0.931f,0.1361f,-0.0097f,-0.9906f,0.2018f,0f,0f,0f,1f],start_interpolation: 0,interpolation_duration: 0}
$data merge entity $(bone_magazine1) {transformation: [-0.6816f,-0.0837f,-0.727f,0.2197f,-0.6865f,0.417f,0.5956f,-0.8384f,0.2533f,0.905f,-0.3417f,0.6178f,0f,0f,0f,1f],start_interpolation: 0,interpolation_duration: 0}
$data merge entity $(bone_chamber1) {transformation: [-0.6478f,0.0827f,-0.7573f,0.5519f,-0.7487f,0.1149f,0.6529f,-1.4347f,0.141f,0.9899f,-0.0125f,0.3515f,0f,0f,0f,1f],start_interpolation: 0,interpolation_duration: 0}
$data merge entity $(bone_akm3) {transformation: [-0.6478f,0.0827f,-0.7573f,0.5519f,-0.7487f,0.1149f,0.6529f,-1.4347f,0.141f,0.9899f,-0.0125f,0.3515f,0f,0f,0f,1f],start_interpolation: 0,interpolation_duration: 0}
data modify entity @s data merge value {"cameras":{},"locators":{"akm":{"px":-0.20090531831053549,"py":-0.528965081509819,"pz":0.9534000218449294,"ry":353.4168293025631,"rx":1.1549221840736352},"akm2":{"px":0.9179218903116253,"py":-1.7431630184702462,"pz":0.39519839037779014,"ry":270.94763472993066,"rx":40.75993569473584}}}