# This file was generated by Animated Java via MC-Build. It is not recommended to edit this file directly.
$data merge entity $(bone_magazine) {transformation: [0f,0f,0f,-0.1638f,0f,0f,0f,-0.4316f,0f,0f,0f,0.659f,0f,0f,0f,1f],start_interpolation: 0,interpolation_duration: 2}
$data merge entity $(bone_chamber) {transformation: [-0.7209f,-0.6835f,-0.1146f,-0.169f,-0.6895f,0.724f,0.0202f,-0.4071f,0.0692f,0.0936f,-0.9932f,0.8489f,0f,0f,0f,1f],start_interpolation: 0,interpolation_duration: 2}
$data merge entity $(bone_akm1) {transformation: [-0.7209f,-0.6835f,-0.1146f,-0.169f,-0.6895f,0.724f,0.0202f,-0.4071f,0.0692f,0.0936f,-0.9932f,0.8489f,0f,0f,0f,1f],start_interpolation: 0,interpolation_duration: 2}
$data merge entity $(bone_right_arm) {transformation: [-0.7209f,-0.1146f,0.6835f,-0.1892f,-0.6895f,0.0202f,-0.724f,-0.4641f,0.0692f,-0.9932f,-0.0936f,0.2517f,0f,0f,0f,1f],start_interpolation: 0,interpolation_duration: 2}
$data merge entity $(bone_magazine2) {transformation: [-0.6253f,0.159f,-0.764f,0.4806f,-0.7684f,0.0452f,0.6384f,-1.155f,0.1361f,0.9862f,0.0939f,0.5699f,0f,0f,0f,1f],start_interpolation: 0,interpolation_duration: 2}
$data merge entity $(bone_forearm) {transformation: [-0.6253f,-0.7764f,-0.0783f,0.1952f,-0.7684f,0.6301f,-0.1117f,-0.9681f,0.1361f,-0.0097f,-0.9906f,0.544f,0f,0f,0f,1f],start_interpolation: 0,interpolation_duration: 2}
$data merge entity $(bone_bicep) {transformation: [-0.6525f,-0.7573f,-0.0259f,-0.1084f,-0.7559f,0.6529f,-0.0492f,-0.6981f,0.0542f,-0.0125f,-0.9985f,0.5386f,0f,0f,0f,1f],start_interpolation: 0,interpolation_duration: 2}
data modify entity @s data merge value {"cameras":{},"locators":{"akm":{"px":-0.14010986376508106,"py":-0.38919235423709175,"pz":1.3284000218449294,"ry":353.4168293025631,"rx":1.1549221840736352}}}