# This file was generated by Animated Java via MC-Build. It is not recommended to edit this file directly.
$data merge entity $(bone_magazine) {transformation: [0f,0f,0f,-0.2369f,0f,0f,0f,-0.5437f,0f,0f,0f,0.2814f,0f,0f,0f,1f],start_interpolation: 0,interpolation_duration: 1}
$data merge entity $(bone_chamber) {transformation: [-0.8193f,-0.5692f,-0.0689f,-0.2462f,-0.5678f,0.8222f,-0.0408f,-0.5039f,0.0799f,0.0056f,-0.9968f,0.4686f,0f,0f,0f,1f],start_interpolation: 0,interpolation_duration: 1}
$data merge entity $(bone_akm1) {transformation: [-0.8193f,-0.5692f,-0.0689f,-0.2462f,-0.5678f,0.8222f,-0.0408f,-0.5039f,0.0799f,0.0056f,-0.9968f,0.4686f,0f,0f,0f,1f],start_interpolation: 0,interpolation_duration: 1}
$data merge entity $(bone_magazine2) {transformation: [-0.7984f,-0.559f,-0.2235f,-0.1747f,-0.569f,0.822f,-0.0231f,-0.5803f,0.1967f,0.1087f,-0.9744f,0.3017f,0f,0f,0f,1f],start_interpolation: 0,interpolation_duration: 1}
$data merge entity $(bone_right_arm) {transformation: [-0.8193f,-0.0689f,0.5692f,-0.25f,-0.5678f,-0.0408f,-0.8222f,-0.6038f,0.0799f,-0.9968f,-0.0056f,-0.1233f,0f,0f,0f,1f],start_interpolation: 0,interpolation_duration: 1}
$data merge entity $(bone_forearm) {transformation: [-0.6253f,-0.7764f,-0.0783f,0.1581f,-0.7686f,0.6301f,-0.1102f,-0.9422f,0.1349f,-0.0087f,-0.9908f,0.199f,0f,0f,0f,1f],start_interpolation: 0,interpolation_duration: 1}
$data merge entity $(bone_magazine1) {transformation: [-0.6816f,-0.0837f,-0.727f,0.2197f,-0.6869f,0.4156f,0.5962f,-0.8395f,0.2522f,0.9057f,-0.3408f,0.6174f,0f,0f,0f,1f],start_interpolation: 0,interpolation_duration: 1}
$data merge entity $(bone_chamber1) {transformation: [-0.6478f,0.0827f,-0.7573f,0.5519f,-0.7489f,0.1133f,0.6529f,-1.4354f,0.1398f,0.9901f,-0.0115f,0.3502f,0f,0f,0f,1f],start_interpolation: 0,interpolation_duration: 1}
$data merge entity $(bone_akm3) {transformation: [-0.6478f,0.0827f,-0.7573f,0.5519f,-0.7489f,0.1133f,0.6529f,-1.4354f,0.1398f,0.9901f,-0.0115f,0.3502f,0f,0f,0f,1f],start_interpolation: 0,interpolation_duration: 1}
data modify entity @s data merge value {"cameras":{},"locators":{"akm":{"px":-0.23491321110302482,"py":-0.4530372224520274,"pz":0.9464253423635348,"ry":356.0469353404539,"rx":-2.3407234141151414},"akm2":{"px":0.9179218903116253,"py":-1.7439373676203664,"pz":0.39337404462153897,"ry":270.8692828068351,"rx":40.76137705285561}}}