# This file was generated by Animated Java via MC-Build. It is not recommended to edit this file directly.
$data merge entity $(bone_magazine) {transformation: [0f,0f,0f,-0.1739f,0f,0f,0f,-0.3011f,0f,0f,0f,0.2803f,0f,0f,0f,1f],start_interpolation: 0,interpolation_duration: 2}
$data merge entity $(bone_chamber) {transformation: [-0.8381f,-0.5419f,-0.0624f,-0.1834f,-0.539f,0.8403f,-0.0577f,-0.2575f,0.0837f,-0.0147f,-0.9964f,0.4666f,0f,0f,0f,1f],start_interpolation: 0,interpolation_duration: 2}
$data merge entity $(bone_akm1) {transformation: [-0.8381f,-0.5419f,-0.0624f,-0.1834f,-0.539f,0.8403f,-0.0577f,-0.2575f,0.0837f,-0.0147f,-0.9964f,0.4666f,0f,0f,0f,1f],start_interpolation: 0,interpolation_duration: 2}
$data merge entity $(bone_right_arm) {transformation: [-0.8381f,-0.0624f,0.5419f,-0.1858f,-0.539f,-0.0577f,-0.8403f,-0.3685f,0.0837f,-0.9964f,0.0147f,-0.1234f,0f,0f,0f,1f],start_interpolation: 0,interpolation_duration: 2}
$data merge entity $(bone_magazine2) {transformation: [-0.6253f,0.159f,-0.764f,0.484f,-0.7687f,0.0429f,0.6381f,-1.0603f,0.1343f,0.9863f,0.0954f,0.1932f,0f,0f,0f,1f],start_interpolation: 0,interpolation_duration: 2}
$data merge entity $(bone_forearm) {transformation: [-0.6253f,-0.7764f,-0.0783f,0.1986f,-0.7687f,0.6302f,-0.1094f,-0.8732f,0.1343f,-0.0082f,-0.9909f,0.1678f,0f,0f,0f,1f],start_interpolation: 0,interpolation_duration: 2}
$data merge entity $(bone_bicep) {transformation: [-0.6525f,-0.7573f,-0.0259f,-0.105f,-0.756f,0.6529f,-0.0468f,-0.6033f,0.0524f,-0.011f,-0.9986f,0.163f,0f,0f,0f,1f],start_interpolation: 0,interpolation_duration: 2}
data modify entity @s data merge value {"cameras":{},"locators":{"akm":{"px":-0.1741161935634585,"py":-0.19783940043838372,"pz":0.9434591357984377,"ry":356.41649155207733,"rx":-3.3081153098362788}}}