# This file was generated by Animated Java via MC-Build. It is not recommended to edit this file directly.
$data merge entity $(bone_magazine) {transformation: [0f,0f,0f,-0.2381f,0f,0f,0f,-0.4739f,0f,0f,0f,0.0928f,0f,0f,0f,1f],start_interpolation: 0,interpolation_duration: 2}
$data merge entity $(bone_chamber) {transformation: [-0.8381f,-0.5419f,-0.0624f,-0.2476f,-0.539f,0.8403f,-0.0577f,-0.4302f,0.0837f,-0.0147f,-0.9964f,0.2791f,0f,0f,0f,1f],start_interpolation: 0,interpolation_duration: 2}
$data merge entity $(bone_akm1) {transformation: [-0.8381f,-0.5419f,-0.0624f,-0.2476f,-0.539f,0.8403f,-0.0577f,-0.4302f,0.0837f,-0.0147f,-0.9964f,0.2791f,0f,0f,0f,1f],start_interpolation: 0,interpolation_duration: 2}
$data merge entity $(bone_magazine2) {transformation: [-0.8149f,-0.5325f,-0.2286f,-0.185f,-0.5382f,0.8418f,-0.0425f,-0.4608f,0.2151f,0.0884f,-0.9726f,0.0527f,0f,0f,0f,1f],start_interpolation: 0,interpolation_duration: 2}
$data merge entity $(bone_right_arm) {transformation: [-0.8381f,-0.0624f,0.5419f,-0.25f,-0.539f,-0.0577f,-0.8403f,-0.5413f,0.0837f,-0.9964f,0.0147f,-0.3109f,0f,0f,0f,1f],start_interpolation: 0,interpolation_duration: 2}
$data merge entity $(bone_forearm) {transformation: [-0.6253f,-0.7764f,-0.0783f,0.1589f,-0.7687f,0.6302f,-0.1094f,-0.9697f,0.1343f,-0.0082f,-0.9909f,-0.0239f,0f,0f,0f,1f],start_interpolation: 0,interpolation_duration: 2}
$data merge entity $(bone_magazine1) {transformation: [0f,0f,0f,0.5519f,0f,0f,0f,-1.3732f,0f,0f,0f,0.162f,0f,0f,0f,1f],start_interpolation: 0,interpolation_duration: 2}
$data merge entity $(bone_chamber1) {transformation: [0f,0f,0f,0.5519f,0f,0f,0f,-1.3732f,0f,0f,0f,0.162f,0f,0f,0f,1f],start_interpolation: 0,interpolation_duration: 2}
$data merge entity $(bone_akm3) {transformation: [0f,0f,0f,0.5519f,0f,0f,0f,-1.3732f,0f,0f,0f,0.162f,0f,0f,0f,1f],start_interpolation: 0,interpolation_duration: 2}
data modify entity @s data merge value {"cameras":{},"locators":{"akm":{"px":-0.2383207390180039,"py":-0.37056667316565656,"pz":0.7559591357984377,"ry":356.41649155207733,"rx":-3.3081153098362788},"akm2":{"px":0.5518603355886724,"py":-1.3732369910086857,"pz":0.16198968793010102,"ry":270.83010477475887,"rx":40.76205111705322}}}