# This file was generated by Animated Java via MC-Build. It is not recommended to edit this file directly.
$data merge entity $(bone_magazine) {transformation: [0f,0f,0f,-0.2379f,0f,0f,0f,-0.5386f,0f,0f,0f,0.1869f,0f,0f,0f,1f],start_interpolation: 0,interpolation_duration: 2}
$data merge entity $(bone_chamber) {transformation: [-0.8335f,-0.5489f,-0.0639f,-0.2473f,-0.5464f,0.8359f,-0.0523f,-0.4962f,0.0821f,-0.0087f,-0.9966f,0.3734f,0f,0f,0f,1f],start_interpolation: 0,interpolation_duration: 2}
$data merge entity $(bone_akm1) {transformation: [-0.8335f,-0.5489f,-0.0639f,-0.2473f,-0.5464f,0.8359f,-0.0523f,-0.4962f,0.0821f,-0.0087f,-0.9966f,0.3734f,0f,0f,0f,1f],start_interpolation: 0,interpolation_duration: 2}
$data merge entity $(bone_magazine2) {transformation: [-0.8065f,-0.5393f,-0.2422f,-0.1853f,-0.5455f,0.8368f,-0.0468f,-0.5251f,0.2279f,0.0944f,-0.9691f,0.1468f,0f,0f,0f,1f],start_interpolation: 0,interpolation_duration: 2}
$data merge entity $(bone_right_arm) {transformation: [-0.8335f,-0.0639f,0.5489f,-0.25f,-0.5464f,-0.0523f,-0.8359f,-0.6037f,0.0821f,-0.9966f,0.0087f,-0.2171f,0f,0f,0f,1f],start_interpolation: 0,interpolation_duration: 2}
$data merge entity $(bone_forearm) {transformation: [-0.6253f,-0.7764f,-0.0783f,0.1571f,-0.7688f,0.6302f,-0.1086f,-1.0346f,0.1337f,-0.0077f,-0.991f,0.0696f,0f,0f,0f,1f],start_interpolation: 0,interpolation_duration: 2}
$data merge entity $(bone_magazine1) {transformation: [0f,0f,0f,0.5519f,0f,0f,0f,-1.4361f,0f,0f,0f,0.2551f,0f,0f,0f,1f],start_interpolation: 0,interpolation_duration: 2}
$data merge entity $(bone_chamber1) {transformation: [0f,0f,0f,0.5519f,0f,0f,0f,-1.4361f,0f,0f,0f,0.2551f,0f,0f,0f,1f],start_interpolation: 0,interpolation_duration: 2}
$data merge entity $(bone_akm3) {transformation: [0f,0f,0f,0.5519f,0f,0f,0f,-1.4361f,0f,0f,0f,0.2551f,0f,0f,0f,1f],start_interpolation: 0,interpolation_duration: 2}
data modify entity @s data merge value {"cameras":{},"locators":{"akm":{"px":-0.23760740139917377,"py":-0.43925580554817767,"pz":0.8506686649022872,"ry":356.3309665448511,"rx":-2.9999423577615434},"akm2":{"px":0.5518603355886724,"py":-1.4360883620059162,"pz":0.25507157373403894,"ry":270.79092544397685,"rx":40.762694102828775}}}