# This file was generated by Animated Java via MC-Build. It is not recommended to edit this file directly.
$data merge entity $(bone_magazine) {transformation: [0f,0f,0f,-0.1714f,0f,0f,0f,-0.277f,0f,0f,0f,0.3961f,0f,0f,0f,1f],start_interpolation: 0,interpolation_duration: 2}
$data merge entity $(bone_chamber) {transformation: [-0.8335f,-0.5489f,-0.0639f,-0.1808f,-0.5465f,0.8359f,-0.0515f,-0.2347f,0.0817f,-0.008f,-0.9966f,0.5826f,0f,0f,0f,1f],start_interpolation: 0,interpolation_duration: 2}
$data merge entity $(bone_akm1) {transformation: [-0.8335f,-0.5489f,-0.0639f,-0.1808f,-0.5465f,0.8359f,-0.0515f,-0.2347f,0.0817f,-0.008f,-0.9966f,0.5826f,0f,0f,0f,1f],start_interpolation: 0,interpolation_duration: 2}
$data merge entity $(bone_right_arm) {transformation: [-0.8335f,-0.0639f,0.5489f,-0.1835f,-0.5465f,-0.0515f,-0.8359f,-0.3418f,0.0817f,-0.9966f,0.008f,-0.008f,0f,0f,0f,1f],start_interpolation: 0,interpolation_duration: 2}
$data merge entity $(bone_magazine2) {transformation: [-0.5306f,0.0113f,-0.8475f,0.5275f,-0.8412f,0.1152f,0.5282f,-0.8742f,0.1036f,0.9933f,-0.0517f,0.346f,0f,0f,0f,1f],start_interpolation: 0,interpolation_duration: 2}
$data merge entity $(bone_forearm) {transformation: [-0.6613f,-0.7472f,0.0663f,0.2605f,-0.7442f,0.6425f,-0.1826f,-0.6779f,0.0938f,-0.1701f,-0.9809f,0.2638f,0f,0f,0f,1f],start_interpolation: 0,interpolation_duration: 2}
data modify entity @s data merge value {"cameras":{},"locators":{"akm":{"px":-0.17112265827982012,"py":-0.1781470516890271,"pz":1.0598816343352724,"ry":356.3307242729126,"rx":-2.9546090991975995}}}