# This file was generated by Animated Java via MC-Build. It is not recommended to edit this file directly.
$data merge entity $(bone_magazine) {transformation: [0f,0f,0f,-0.2379f,0f,0f,0f,-0.5392f,0f,0f,0f,0.2808f,0f,0f,0f,1f],start_interpolation: 0,interpolation_duration: 1}
$data merge entity $(bone_chamber) {transformation: [-0.8335f,-0.5489f,-0.0639f,-0.2473f,-0.5466f,0.8359f,-0.0508f,-0.4971f,0.0813f,-0.0074f,-0.9967f,0.4673f,0f,0f,0f,1f],start_interpolation: 0,interpolation_duration: 1}
$data merge entity $(bone_akm1) {transformation: [-0.8335f,-0.5489f,-0.0639f,-0.2473f,-0.5466f,0.8359f,-0.0508f,-0.4971f,0.0813f,-0.0074f,-0.9967f,0.4673f,0f,0f,0f,1f],start_interpolation: 0,interpolation_duration: 1}
$data merge entity $(bone_magazine2) {transformation: [-0.799f,-0.5393f,-0.2661f,-0.1808f,-0.5443f,0.8366f,-0.0614f,-0.5608f,0.2557f,0.0958f,-0.962f,0.2816f,0f,0f,0f,1f],start_interpolation: 0,interpolation_duration: 1}
$data merge entity $(bone_right_arm) {transformation: [-0.8335f,-0.0639f,0.5489f,-0.25f,-0.5466f,-0.0508f,-0.8359f,-0.6037f,0.0813f,-0.9967f,0.0074f,-0.1234f,0f,0f,0f,1f],start_interpolation: 0,interpolation_duration: 1}
$data merge entity $(bone_forearm) {transformation: [-0.6908f,-0.6932f,0.2053f,0.1082f,-0.7213f,0.6416f,-0.2609f,-0.8985f,0.0492f,-0.3284f,-0.9433f,0.1641f,0f,0f,0f,1f],start_interpolation: 0,interpolation_duration: 1}
$data merge entity $(bone_magazine1) {transformation: [-0.6816f,-0.0837f,-0.727f,0.2197f,-0.6877f,0.4127f,0.5972f,-0.8418f,0.25f,0.907f,-0.3389f,0.6166f,0f,0f,0f,1f],start_interpolation: 0,interpolation_duration: 1}
$data merge entity $(bone_chamber1) {transformation: [-0.6478f,0.0827f,-0.7573f,0.5519f,-0.7494f,0.1102f,0.6529f,-1.4368f,0.1374f,0.9905f,-0.0094f,0.3475f,0f,0f,0f,1f],start_interpolation: 0,interpolation_duration: 1}
$data merge entity $(bone_akm3) {transformation: [-0.6478f,0.0827f,-0.7573f,0.5519f,-0.7494f,0.1102f,0.6529f,-1.4368f,0.1374f,0.9905f,-0.0094f,0.3475f,0f,0f,0f,1f],start_interpolation: 0,interpolation_duration: 1}
data modify entity @s data merge value {"cameras":{},"locators":{"akm":{"px":-0.23759246061520684,"py":-0.44090203064492217,"pz":0.9446621330082212,"ry":356.3304797206061,"rx":-2.909275872063217},"akm2":{"px":0.9179218903116253,"py":-1.7454773771924887,"pz":0.38972167870230534,"ry":270.7125631312917,"rx":40.763886833950515}}}