# This file was generated by Animated Java via MC-Build. It is not recommended to edit this file directly.
$data merge entity $(bone_magazine) {transformation: [0f,0f,0f,-0.1702f,0f,0f,0f,-0.396f,0f,0f,0f,0.6558f,0f,0f,0f,1f],start_interpolation: 0,interpolation_duration: 2}
$data merge entity $(bone_chamber) {transformation: [-0.8335f,-0.5489f,-0.0639f,-0.1797f,-0.5466f,0.8359f,-0.0508f,-0.3539f,0.0813f,-0.0074f,-0.9967f,0.8423f,0f,0f,0f,1f],start_interpolation: 0,interpolation_duration: 2}
$data merge entity $(bone_akm1) {transformation: [-0.8335f,-0.5489f,-0.0639f,-0.1797f,-0.5466f,0.8359f,-0.0508f,-0.3539f,0.0813f,-0.0074f,-0.9967f,0.8423f,0f,0f,0f,1f],start_interpolation: 0,interpolation_duration: 2}
$data merge entity $(bone_right_arm) {transformation: [-0.8335f,-0.0639f,0.5489f,-0.1824f,-0.5466f,-0.0508f,-0.8359f,-0.4605f,0.0813f,-0.9967f,0.0074f,0.2516f,0f,0f,0f,1f],start_interpolation: 0,interpolation_duration: 2}
$data merge entity $(bone_magazine2) {transformation: [-0.649f,-0.0925f,-0.7551f,0.4276f,-0.7494f,0.249f,0.6135f,-1.0681f,0.1313f,0.9641f,-0.2309f,0.6585f,0f,0f,0f,1f],start_interpolation: 0,interpolation_duration: 2}
$data merge entity $(bone_forearm) {transformation: [-0.649f,-0.7413f,0.1709f,0.1601f,-0.7494f,0.5842f,-0.3118f,-0.9015f,0.1313f,-0.3304f,-0.9347f,0.5251f,0f,0f,0f,1f],start_interpolation: 0,interpolation_duration: 2}
$data merge entity $(bone_bicep) {transformation: [-0.6659f,-0.7401f,0.0935f,-0.1364f,-0.7446f,0.6517f,-0.1443f,-0.6321f,0.0459f,-0.1657f,-0.9851f,0.4575f,0f,0f,0f,1f],start_interpolation: 0,interpolation_duration: 2}
data modify entity @s data merge value {"cameras":{},"locators":{"akm":{"px":-0.16997882425157057,"py":-0.2977202124631039,"pz":1.3196621330082212,"ry":356.3304797206061,"rx":-2.909275872063217}}}