# This file was generated by Animated Java via MC-Build. It is not recommended to edit this file directly.
$data merge entity $(bone_magazine) {transformation: [0f,0f,0f,-0.1691f,0f,0f,0f,-0.3958f,0f,0f,0f,0.6558f,0f,0f,0f,1f],start_interpolation: 0,interpolation_duration: 2}
$data merge entity $(bone_chamber) {transformation: [-0.8335f,-0.5489f,-0.0639f,-0.1786f,-0.5466f,0.8359f,-0.05f,-0.3538f,0.0809f,-0.0067f,-0.9967f,0.8424f,0f,0f,0f,1f],start_interpolation: 0,interpolation_duration: 2}
$data merge entity $(bone_akm1) {transformation: [-0.8335f,-0.5489f,-0.0639f,-0.1786f,-0.5466f,0.8359f,-0.05f,-0.3538f,0.0809f,-0.0067f,-0.9967f,0.8424f,0f,0f,0f,1f],start_interpolation: 0,interpolation_duration: 2}
$data merge entity $(bone_right_arm) {transformation: [-0.8335f,-0.0639f,0.5489f,-0.1813f,-0.5466f,-0.05f,-0.8359f,-0.4599f,0.0809f,-0.9967f,0.0067f,0.2516f,0f,0f,0f,1f],start_interpolation: 0,interpolation_duration: 2}
$data merge entity $(bone_magazine2) {transformation: [-0.6608f,-0.2117f,-0.7201f,0.3861f,-0.7393f,0.349f,0.5759f,-1.0146f,0.1294f,0.9129f,-0.3871f,0.6987f,0f,0f,0f,1f],start_interpolation: 0,interpolation_duration: 2}
$data merge entity $(bone_forearm) {transformation: [-0.6608f,-0.694f,0.2858f,0.1375f,-0.7393f,0.5362f,-0.4072f,-0.8666f,0.1294f,-0.4804f,-0.8674f,0.5161f,0f,0f,0f,1f],start_interpolation: 0,interpolation_duration: 2}
$data merge entity $(bone_bicep) {transformation: [-0.6726f,-0.7244f,0.1512f,-0.1526f,-0.7388f,0.6454f,-0.1939f,-0.5998f,0.0429f,-0.2421f,-0.9693f,0.4174f,0f,0f,0f,1f],start_interpolation: 0,interpolation_duration: 2}
data modify entity @s data merge value {"cameras":{},"locators":{"akm":{"px":-0.1688349902235163,"py":-0.2979752873529625,"pz":1.3197828881176337,"ry":356.3302328876587,"rx":-2.8639426764776053}}}