# This file was generated by Animated Java via MC-Build. It is not recommended to edit this file directly.
$data merge entity $(bone_magazine) {transformation: [0f,0f,0f,-0.168f,0f,0f,0f,-0.1768f,0f,0f,0f,0.6246f,0f,0f,0f,1f],start_interpolation: 0,interpolation_duration: 2}
$data merge entity $(bone_chamber) {transformation: [-0.8335f,-0.5489f,-0.0639f,-0.1774f,-0.5467f,0.8359f,-0.0492f,-0.1349f,0.0804f,-0.006f,-0.9967f,0.8112f,0f,0f,0f,1f],start_interpolation: 0,interpolation_duration: 2}
$data merge entity $(bone_akm1) {transformation: [-0.8335f,-0.5489f,-0.0639f,-0.1774f,-0.5467f,0.8359f,-0.0492f,-0.1349f,0.0804f,-0.006f,-0.9967f,0.8112f,0f,0f,0f,1f],start_interpolation: 0,interpolation_duration: 2}
$data merge entity $(bone_right_arm) {transformation: [-0.8335f,-0.0639f,0.5489f,-0.1801f,-0.5467f,-0.0492f,-0.8359f,-0.2406f,0.0804f,-0.9967f,0.006f,0.2204f,0f,0f,0f,1f],start_interpolation: 0,interpolation_duration: 2}
$data merge entity $(bone_magazine2) {transformation: [-0.6725f,-0.3223f,-0.6662f,0.337f,-0.7291f,0.4428f,0.5218f,-0.7356f,0.1269f,0.8367f,-0.5328f,0.7019f,0f,0f,0f,1f],start_interpolation: 0,interpolation_duration: 2}
$data merge entity $(bone_forearm) {transformation: [-0.6725f,-0.6289f,0.3901f,0.113f,-0.7291f,0.4727f,-0.495f,-0.6113f,0.1269f,-0.6173f,-0.7764f,0.4752f,0f,0f,0f,1f],start_interpolation: 0,interpolation_duration: 2}
data modify entity @s data merge value {"cameras":{},"locators":{"akm":{"px":-0.16769115619565783,"py":-0.07948045765927951,"pz":1.2886529904967823,"ry":356.3299837737907,"rx":-2.818609512560033}}}