# This file was generated by Animated Java via MC-Build. It is not recommended to edit this file directly.
$data merge entity $(bone_magazine) {transformation: [0f,0f,0f,-0.2379f,0f,0f,0f,-0.4776f,0f,0f,0f,0.0934f,0f,0f,0f,1f],start_interpolation: 0,interpolation_duration: 2}
$data merge entity $(bone_chamber) {transformation: [-0.8335f,-0.5489f,-0.0639f,-0.2473f,-0.5468f,0.8359f,-0.0484f,-0.4359f,0.08f,-0.0054f,-0.9968f,0.2801f,0f,0f,0f,1f],start_interpolation: 0,interpolation_duration: 2}
$data merge entity $(bone_akm1) {transformation: [-0.8335f,-0.5489f,-0.0639f,-0.2473f,-0.5468f,0.8359f,-0.0484f,-0.4359f,0.08f,-0.0054f,-0.9968f,0.2801f,0f,0f,0f,1f],start_interpolation: 0,interpolation_duration: 2}
$data merge entity $(bone_magazine2) {transformation: [-0.7863f,-0.5393f,-0.3015f,-0.1872f,-0.5418f,0.8364f,-0.0831f,-0.4652f,0.297f,0.098f,-0.9498f,0.0535f,0f,0f,0f,1f],start_interpolation: 0,interpolation_duration: 2}
$data merge entity $(bone_right_arm) {transformation: [-0.8335f,-0.0639f,0.5489f,-0.25f,-0.5468f,-0.0484f,-0.8359f,-0.5411f,0.08f,-0.9968f,0.0054f,-0.3109f,0f,0f,0f,1f],start_interpolation: 0,interpolation_duration: 2}
$data merge entity $(bone_forearm) {transformation: [-0.7365f,-0.3995f,0.5459f,0.0334f,-0.6682f,0.5552f,-0.4952f,-0.8134f,-0.1052f,-0.7295f,-0.6758f,-0.0807f,0f,0f,0f,1f],start_interpolation: 0,interpolation_duration: 2}
$data merge entity $(bone_magazine1) {transformation: [0f,0f,0f,0.5519f,0f,0f,0f,-1.3753f,0f,0f,0f,0.158f,0f,0f,0f,1f],start_interpolation: 0,interpolation_duration: 2}
$data merge entity $(bone_chamber1) {transformation: [0f,0f,0f,0.5519f,0f,0f,0f,-1.3753f,0f,0f,0f,0.158f,0f,0f,0f,1f],start_interpolation: 0,interpolation_duration: 2}
$data merge entity $(bone_akm3) {transformation: [0f,0f,0f,0.5519f,0f,0f,0f,-1.3753f,0f,0f,0f,0.158f,0f,0f,0f,1f],start_interpolation: 0,interpolation_duration: 2}
data modify entity @s data merge value {"cameras":{},"locators":{"akm":{"px":-0.23757004944072274,"py":-0.38087208650085314,"pz":0.75752244007026,"ry":356.32973237871494,"rx":-2.7732763804298197},"akm2":{"px":0.5518603355886724,"py":-1.3753372603827816,"pz":0.15797683301879922,"ry":270.59501145342824,"rx":40.76544281185429}}}