# This file was generated by Animated Java via MC-Build. It is not recommended to edit this file directly.
$data merge entity $(bone_magazine) {transformation: [0f,0f,0f,-0.2379f,0f,0f,0f,-0.5401f,0f,0f,0f,0.2809f,0f,0f,0f,1f],start_interpolation: 0,interpolation_duration: 0}
$data merge entity $(bone_chamber) {transformation: [-0.8335f,-0.5489f,-0.0639f,-0.2473f,-0.5468f,0.8359f,-0.0484f,-0.4984f,0.08f,-0.0054f,-0.9968f,0.4676f,0f,0f,0f,1f],start_interpolation: 0,interpolation_duration: 0}
$data merge entity $(bone_akm1) {transformation: [-0.8335f,-0.5489f,-0.0639f,-0.2473f,-0.5468f,0.8359f,-0.0484f,-0.4984f,0.08f,-0.0054f,-0.9968f,0.4676f,0f,0f,0f,1f],start_interpolation: 0,interpolation_duration: 0}
$data merge entity $(bone_magazine2) {transformation: [-0.7863f,-0.5393f,-0.3015f,-0.1839f,-0.5418f,0.8364f,-0.0831f,-0.5494f,0.297f,0.098f,-0.9498f,0.2665f,0f,0f,0f,1f],start_interpolation: 0,interpolation_duration: 0}
$data merge entity $(bone_right_arm) {transformation: [-0.8335f,-0.0639f,0.5489f,-0.25f,-0.5468f,-0.0484f,-0.8359f,-0.6036f,0.08f,-0.9968f,0.0054f,-0.1234f,0f,0f,0f,1f],start_interpolation: 0,interpolation_duration: 0}
$data merge entity $(bone_forearm) {transformation: [-0.7365f,-0.3995f,0.5459f,0.028f,-0.6682f,0.5552f,-0.4952f,-0.8066f,-0.1052f,-0.7295f,-0.6758f,0.1148f,0f,0f,0f,1f],start_interpolation: 0,interpolation_duration: 0}
$data merge entity $(bone_magazine1) {transformation: [-0.6816f,-0.0837f,-0.727f,0.2197f,-0.6883f,0.4106f,0.598f,-0.8435f,0.2484f,0.908f,-0.3375f,0.616f,0f,0f,0f,1f],start_interpolation: 0,interpolation_duration: 0}
$data merge entity $(bone_chamber1) {transformation: [-0.6478f,0.0827f,-0.7573f,0.5519f,-0.7497f,0.1078f,0.653f,-1.4378f,0.1356f,0.9907f,-0.0079f,0.3455f,0f,0f,0f,1f],start_interpolation: 0,interpolation_duration: 0}
$data merge entity $(bone_akm3) {transformation: [-0.6478f,0.0827f,-0.7573f,0.5519f,-0.7497f,0.1078f,0.653f,-1.4378f,0.1356f,0.9907f,-0.0079f,0.3455f,0f,0f,0f,1f],start_interpolation: 0,interpolation_duration: 0}
data modify entity @s data merge value {"cameras":{},"locators":{"akm":{"px":-0.23757004944072274,"py":-0.44337208650085314,"pz":0.94502244007026,"ry":356.32973237871494,"rx":-2.7732763804298197},"akm2":{"px":0.9179218903116253,"py":-1.7466247741052805,"pz":0.3869792072608173,"ry":270.59501145342824,"rx":40.76544281185428}}}