# This file was generated by Animated Java via MC-Build. It is not recommended to edit this file directly.
$data merge entity $(magazine) {transformation: [0f,0f,0f,-0.1657f,0f,0f,0f,-0.1762f,0f,0f,0f,0.6247f,0f,0f,0f,1f],start_interpolation: 0,interpolation_duration: 2}
$data merge entity $(chamber) {transformation: [-0.8335f,-0.5489f,-0.0639f,-0.1751f,-0.5468f,0.8359f,-0.0476f,-0.1346f,0.0796f,-0.0047f,-0.9968f,0.8114f,0f,0f,0f,1f],start_interpolation: 0,interpolation_duration: 2}
$data merge entity $(akm1) {transformation: [-0.8335f,-0.5489f,-0.0639f,-0.1751f,-0.5468f,0.8359f,-0.0476f,-0.1346f,0.0796f,-0.0047f,-0.9968f,0.8114f,0f,0f,0f,1f],start_interpolation: 0,interpolation_duration: 2}
$data merge entity $(right_arm) {transformation: [-0.8335f,-0.0639f,0.5489f,-0.1778f,-0.5468f,-0.0476f,-0.8359f,-0.2394f,0.0796f,-0.9968f,0.0047f,0.2203f,0f,0f,0f,1f],start_interpolation: 0,interpolation_duration: 2}
$data merge entity $(magazine2) {transformation: [-0.6956f,-0.5058f,-0.5102f,0.2198f,-0.7083f,0.6018f,0.3691f,-0.5971f,0.1203f,0.6181f,-0.7769f,0.7486f,0f,0f,0f,1f],start_interpolation: 0,interpolation_duration: 2}
$data merge entity $(forearm) {transformation: [-0.6956f,-0.4545f,0.5564f,0.0588f,-0.7083f,0.3042f,-0.6371f,-0.5331f,0.1203f,-0.8372f,-0.5335f,0.4536f,0f,0f,0f,1f],start_interpolation: 0,interpolation_duration: 2}
data modify entity @s data merge value {"cameras":{},"locators":{"akm":{"px":-0.16540348814052974,"py":-0.07999108245096707,"pz":1.28889123676307,"ry":356.3294787021375,"rx":-2.7279432802063877}}}