# This file was generated by Animated Java via MC-Build. It is not recommended to edit this file directly.
$data merge entity $(bone_magazine) {transformation: [0f,0f,0f,-0.1646f,0f,0f,0f,-0.2583f,0f,0f,0f,0.4065f,0f,0f,0f,1f],start_interpolation: 0,interpolation_duration: 2}
$data merge entity $(bone_chamber) {transformation: [-0.8335f,-0.5489f,-0.064f,-0.174f,-0.5469f,0.8359f,-0.0468f,-0.2169f,0.0791f,-0.004f,-0.9969f,0.5933f,0f,0f,0f,1f],start_interpolation: 0,interpolation_duration: 2}
$data merge entity $(bone_akm1) {transformation: [-0.8335f,-0.5489f,-0.064f,-0.174f,-0.5469f,0.8359f,-0.0468f,-0.2169f,0.0791f,-0.004f,-0.9969f,0.5933f,0f,0f,0f,1f],start_interpolation: 0,interpolation_duration: 2}
$data merge entity $(bone_right_arm) {transformation: [-0.8335f,-0.064f,0.5489f,-0.1767f,-0.5469f,-0.0468f,-0.8359f,-0.3212f,0.0791f,-0.9969f,0.004f,0.0022f,0f,0f,0f,1f],start_interpolation: 0,interpolation_duration: 2}
$data merge entity $(bone_magazine2) {transformation: [-0.6577f,-0.6574f,-0.3678f,0.1572f,-0.7532f,0.576f,0.3175f,-0.5612f,0.0031f,0.4859f,-0.874f,0.52f,0f,0f,0f,1f],start_interpolation: 0,interpolation_duration: 2}
$data merge entity $(bone_forearm) {transformation: [-0.7287f,-0.1226f,0.6737f,0.1191f,-0.6501f,0.4329f,-0.6244f,-0.4442f,-0.2151f,-0.8931f,-0.3952f,0.2017f,0f,0f,0f,1f],start_interpolation: 0,interpolation_duration: 2}
data modify entity @s data merge value {"cameras":{},"locators":{"akm":{"px":-0.1642596541132609,"py":-0.16263289953739218,"pz":1.0708275623188073,"ry":356.3292227437574,"rx":-2.6826102120091617}}}