# This file was generated by Animated Java via MC-Build. It is not recommended to edit this file directly.
$data merge entity $(bone_magazine) {transformation: [0f,0f,0f,-0.2378f,0f,0f,0f,-0.541f,0f,0f,0f,0.281f,0f,0f,0f,1f],start_interpolation: 0,interpolation_duration: 1}
$data merge entity $(bone_chamber) {transformation: [-0.8335f,-0.5489f,-0.064f,-0.2473f,-0.547f,0.8359f,-0.046f,-0.4997f,0.0787f,-0.0034f,-0.9969f,0.4678f,0f,0f,0f,1f],start_interpolation: 0,interpolation_duration: 1}
$data merge entity $(bone_akm1) {transformation: [-0.8335f,-0.5489f,-0.064f,-0.2473f,-0.547f,0.8359f,-0.046f,-0.4997f,0.0787f,-0.0034f,-0.9969f,0.4678f,0f,0f,0f,1f],start_interpolation: 0,interpolation_duration: 1}
$data merge entity $(bone_magazine2) {transformation: [-0.772f,-0.5393f,-0.3364f,-0.187f,-0.5385f,0.8361f,-0.1045f,-0.5379f,0.3376f,0.1005f,-0.9359f,0.2514f,0f,0f,0f,1f],start_interpolation: 0,interpolation_duration: 1}
$data merge entity $(bone_right_arm) {transformation: [-0.8335f,-0.064f,0.5489f,-0.25f,-0.547f,-0.046f,-0.8359f,-0.6035f,0.0787f,-0.9969f,0.0034f,-0.1234f,0f,0f,0f,1f],start_interpolation: 0,interpolation_duration: 1}
$data merge entity $(bone_forearm) {transformation: [-0.7134f,0.0283f,0.7002f,-0.064f,-0.6472f,0.3565f,-0.6738f,-0.703f,-0.2687f,-0.9339f,-0.236f,0.0608f,0f,0f,0f,1f],start_interpolation: 0,interpolation_duration: 1}
$data merge entity $(bone_magazine1) {transformation: [-0.6816f,-0.0837f,-0.727f,0.2197f,-0.6889f,0.4084f,0.5988f,-0.8452f,0.2468f,0.9089f,-0.336f,0.6155f,0f,0f,0f,1f],start_interpolation: 0,interpolation_duration: 1}
$data merge entity $(bone_chamber1) {transformation: [-0.6478f,0.0827f,-0.7573f,0.5519f,-0.75f,0.1054f,0.653f,-1.4389f,0.1338f,0.991f,-0.0063f,0.3435f,0f,0f,0f,1f],start_interpolation: 0,interpolation_duration: 1}
$data merge entity $(bone_akm3) {transformation: [-0.6478f,0.0827f,-0.7573f,0.5519f,-0.75f,0.1054f,0.653f,-1.4389f,0.1338f,0.991f,-0.0063f,0.3435f,0f,0f,0f,1f],start_interpolation: 0,interpolation_duration: 1}
data modify entity @s data merge value {"cameras":{},"locators":{"akm":{"px":-0.23754763826800743,"py":-0.44584299178784004,"pz":0.945376871208751,"ry":356.32896450326615,"rx":-2.637277175957669},"akm2":{"px":0.9179218903116253,"py":-1.7477656407078253,"pz":0.38423401279082786,"ry":270.47745139573306,"rx":40.766719022303434}}}