# This file was generated by Animated Java via MC-Build. It is not recommended to edit this file directly.
$data merge entity $(bone_magazine) {transformation: [0f,0f,0f,-0.2378f,0f,0f,0f,-0.541f,0f,0f,0f,0.1873f,0f,0f,0f,1f],start_interpolation: 0,interpolation_duration: 2}
$data merge entity $(bone_chamber) {transformation: [-0.8335f,-0.5489f,-0.064f,-0.2473f,-0.547f,0.8359f,-0.046f,-0.4997f,0.0787f,-0.0034f,-0.9969f,0.3741f,0f,0f,0f,1f],start_interpolation: 0,interpolation_duration: 2}
$data merge entity $(bone_akm1) {transformation: [-0.8335f,-0.5489f,-0.064f,-0.2473f,-0.547f,0.8359f,-0.046f,-0.4997f,0.0787f,-0.0034f,-0.9969f,0.3741f,0f,0f,0f,1f],start_interpolation: 0,interpolation_duration: 2}
$data merge entity $(bone_magazine2) {transformation: [-0.772f,-0.5393f,-0.3364f,-0.1883f,-0.5385f,0.8361f,-0.1045f,-0.5292f,0.3376f,0.1005f,-0.9359f,0.1475f,0f,0f,0f,1f],start_interpolation: 0,interpolation_duration: 2}
$data merge entity $(bone_right_arm) {transformation: [-0.8335f,-0.064f,0.5489f,-0.25f,-0.547f,-0.046f,-0.8359f,-0.6035f,0.0787f,-0.9969f,0.0034f,-0.2172f,0f,0f,0f,1f],start_interpolation: 0,interpolation_duration: 2}
$data merge entity $(bone_forearm) {transformation: [-0.7134f,0.0283f,0.7002f,-0.0602f,-0.6472f,0.3565f,-0.6738f,-0.7623f,-0.2687f,-0.9339f,-0.236f,-0.0297f,0f,0f,0f,1f],start_interpolation: 0,interpolation_duration: 2}
$data merge entity $(bone_magazine1) {transformation: [0f,0f,0f,0.5519f,0f,0f,0f,-1.4389f,0f,0f,0f,0.2497f,0f,0f,0f,1f],start_interpolation: 0,interpolation_duration: 2}
$data merge entity $(bone_chamber1) {transformation: [0f,0f,0f,0.5519f,0f,0f,0f,-1.4389f,0f,0f,0f,0.2497f,0f,0f,0f,1f],start_interpolation: 0,interpolation_duration: 2}
$data merge entity $(bone_akm3) {transformation: [0f,0f,0f,0.5519f,0f,0f,0f,-1.4389f,0f,0f,0f,0.2497f,0f,0f,0f,1f],start_interpolation: 0,interpolation_duration: 2}
data modify entity @s data merge value {"cameras":{},"locators":{"akm":{"px":-0.23754763826800743,"py":-0.44584299178784004,"pz":0.851626871208751,"ry":356.32896450326615,"rx":-2.637277175957669},"akm2":{"px":0.5518603355886724,"py":-1.438880226202354,"pz":0.24971666796154027,"ry":270.47745139573306,"rx":40.76671902230343}}}