# This file was generated by Animated Java via MC-Build. It is not recommended to edit this file directly.
$data merge entity $(bone_magazine) {transformation: [0f,0f,0f,-0.1634f,0f,0f,0f,-0.3944f,0f,0f,0f,0.656f,0f,0f,0f,1f],start_interpolation: 0,interpolation_duration: 2}
$data merge entity $(bone_chamber) {transformation: [-0.8335f,-0.5489f,-0.064f,-0.1729f,-0.547f,0.8359f,-0.046f,-0.3531f,0.0787f,-0.0034f,-0.9969f,0.8428f,0f,0f,0f,1f],start_interpolation: 0,interpolation_duration: 2}
$data merge entity $(bone_akm1) {transformation: [-0.8335f,-0.5489f,-0.064f,-0.1729f,-0.547f,0.8359f,-0.046f,-0.3531f,0.0787f,-0.0034f,-0.9969f,0.8428f,0f,0f,0f,1f],start_interpolation: 0,interpolation_duration: 2}
$data merge entity $(bone_right_arm) {transformation: [-0.8335f,-0.064f,0.5489f,-0.1756f,-0.547f,-0.046f,-0.8359f,-0.457f,0.0787f,-0.9969f,0.0034f,0.2516f,0f,0f,0f,1f],start_interpolation: 0,interpolation_duration: 2}
$data merge entity $(bone_magazine2) {transformation: [-0.718f,-0.6247f,-0.307f,0.0846f,-0.6871f,0.7068f,0.1686f,-0.6581f,0.1116f,0.3319f,-0.9367f,0.7899f,0f,0f,0f,1f],start_interpolation: 0,interpolation_duration: 2}
$data merge entity $(bone_forearm) {transformation: [-0.718f,-0.24f,0.6534f,-0.0016f,-0.6871f,0.0938f,-0.7205f,-0.6673f,0.1116f,-0.9662f,-0.2322f,0.4589f,0f,0f,0f,1f],start_interpolation: 0,interpolation_duration: 2}
$data merge entity $(bone_bicep) {transformation: [-0.7049f,-0.5826f,0.4047f,-0.2339f,-0.7088f,0.5558f,-0.4344f,-0.437f,0.0282f,-0.593f,-0.8047f,0.2178f,0f,0f,0f,1f],start_interpolation: 0,interpolation_duration: 2}
data modify entity @s data merge value {"cameras":{},"locators":{"akm":{"px":-0.16311582008618933,"py":-0.2992520826969309,"pz":1.320376871208751,"ry":356.32896450326615,"rx":-2.637277175957669}}}