# This file was generated by Animated Java via MC-Build. It is not recommended to edit this file directly.
$data merge entity $(bone_magazine) {transformation: [0f,0f,0f,-0.1623f,0f,0f,0f,-0.3941f,0f,0f,0f,0.5311f,0f,0f,0f,1f],start_interpolation: 0,interpolation_duration: 2}
$data merge entity $(bone_chamber) {transformation: [-0.8335f,-0.5489f,-0.064f,-0.1717f,-0.547f,0.8359f,-0.0452f,-0.353f,0.0783f,-0.0027f,-0.9969f,0.7179f,0f,0f,0f,1f],start_interpolation: 0,interpolation_duration: 2}
$data merge entity $(bone_akm1) {transformation: [-0.8335f,-0.5489f,-0.064f,-0.1717f,-0.547f,0.8359f,-0.0452f,-0.353f,0.0783f,-0.0027f,-0.9969f,0.7179f,0f,0f,0f,1f],start_interpolation: 0,interpolation_duration: 2}
$data merge entity $(bone_right_arm) {transformation: [-0.8335f,-0.064f,0.5489f,-0.1744f,-0.547f,-0.0452f,-0.8359f,-0.4564f,0.0783f,-0.9969f,0.0027f,0.1266f,0f,0f,0f,1f],start_interpolation: 0,interpolation_duration: 2}
$data merge entity $(bone_magazine2) {transformation: [-0.7288f,-0.6563f,-0.1953f,0.0133f,-0.6764f,0.7344f,0.0562f,-0.5744f,0.1065f,0.1731f,-0.9791f,0.6543f,0f,0f,0f,1f],start_interpolation: 0,interpolation_duration: 2}
$data merge entity $(bone_forearm) {transformation: [-0.7288f,-0.1256f,0.6731f,-0.0339f,-0.6764f,-0.0209f,-0.7362f,-0.6226f,0.1065f,-0.9919f,-0.0698f,0.3189f,0f,0f,0f,1f],start_interpolation: 0,interpolation_duration: 2}
$data merge entity $(bone_bicep) {transformation: [-0.7111f,-0.5433f,0.4462f,-0.2502f,-0.7026f,0.5264f,-0.4788f,-0.4043f,0.0252f,-0.654f,-0.7561f,0.053f,0f,0f,0f,1f],start_interpolation: 0,interpolation_duration: 2}
data modify entity @s data merge value {"cameras":{},"locators":{"akm":{"px":-0.16197198605931548,"py":-0.2995077223208703,"pz":1.1954937088136808,"ry":356.32870398034856,"rx":-2.5919441721715866}}}
execute on vehicle unless entity @s[tag=aj.transforms_only] at @s run function animated_java:akm/animations/reload/zzz/frames/39_root_function