# This file was generated by Animated Java via MC-Build. It is not recommended to edit this file directly.
$data merge entity $(bone_magazine) {transformation: [0f,0f,0f,-0.2378f,0f,0f,0f,-0.5413f,0f,0f,0f,0.1873f,0f,0f,0f,1f],start_interpolation: 0,interpolation_duration: 2}
$data merge entity $(bone_chamber) {transformation: [-0.8335f,-0.5489f,-0.064f,-0.2473f,-0.547f,0.8359f,-0.0452f,-0.5002f,0.0783f,-0.0027f,-0.9969f,0.3741f,0f,0f,0f,1f],start_interpolation: 0,interpolation_duration: 2}
$data merge entity $(bone_akm1) {transformation: [-0.8335f,-0.5489f,-0.064f,-0.2473f,-0.547f,0.8359f,-0.0452f,-0.5002f,0.0783f,-0.0027f,-0.9969f,0.3741f,0f,0f,0f,1f],start_interpolation: 0,interpolation_duration: 2}
$data merge entity $(bone_magazine2) {transformation: [-0.7669f,-0.5392f,-0.3479f,-0.1887f,-0.5372f,0.836f,-0.1116f,-0.5297f,0.3511f,0.1013f,-0.9309f,0.1476f,0f,0f,0f,1f],start_interpolation: 0,interpolation_duration: 2}
$data merge entity $(bone_right_arm) {transformation: [-0.8335f,-0.064f,0.5489f,-0.25f,-0.547f,-0.0452f,-0.8359f,-0.6035f,0.0783f,-0.9969f,0.0027f,-0.2172f,0f,0f,0f,1f],start_interpolation: 0,interpolation_duration: 2}
$data merge entity $(bone_forearm) {transformation: [-0.6906f,0.1813f,0.7001f,-0.0941f,-0.6485f,0.273f,-0.7105f,-0.7213f,-0.32f,-0.9448f,-0.071f,-0.0465f,0f,0f,0f,1f],start_interpolation: 0,interpolation_duration: 2}
$data merge entity $(bone_magazine1) {transformation: [0f,0f,0f,0.5519f,0f,0f,0f,-1.4392f,0f,0f,0f,0.249f,0f,0f,0f,1f],start_interpolation: 0,interpolation_duration: 2}
$data merge entity $(bone_chamber1) {transformation: [0f,0f,0f,0.5519f,0f,0f,0f,-1.4392f,0f,0f,0f,0.249f,0f,0f,0f,1f],start_interpolation: 0,interpolation_duration: 2}
$data merge entity $(bone_akm3) {transformation: [0f,0f,0f,0.5519f,0f,0f,0f,-1.4392f,0f,0f,0f,0.249f,0f,0f,0f,1f],start_interpolation: 0,interpolation_duration: 2}
data modify entity @s data merge value {"cameras":{},"locators":{"akm":{"px":-0.2375401678774972,"py":-0.4466668132299612,"pz":0.8517437088136808,"ry":356.32870398034856,"rx":-2.5919441721715866},"akm2":{"px":0.5518603355886724,"py":-1.439226817959614,"pz":0.2490460620336864,"ry":270.4382631337062,"rx":40.76708225105847}}}
execute on vehicle unless entity @s[tag=aj.transforms_only] at @s run function animated_java:akm/animations/reload/zzz/frames/39_root_function