# This file was generated by Animated Java via MC-Build. It is not recommended to edit this file directly.
$data merge entity $(bone_magazine) {transformation: [-0.8606f,-0.4984f,-0.1044f,-0.183f,-0.5033f,0.8637f,0.0256f,-0.2242f,0.0774f,0.0746f,-0.9942f,0.6274f,0f,0f,0f,1f],start_interpolation: 0,interpolation_duration: 2}
$data merge entity $(bone_chamber) {transformation: [-0.8606f,-0.4984f,-0.1044f,-0.1829f,-0.5033f,0.8637f,0.0256f,-0.1953f,0.0774f,0.0746f,-0.9942f,0.8167f,0f,0f,0f,1f],start_interpolation: 0,interpolation_duration: 2}
$data merge entity $(bone_akm1) {transformation: [-0.8606f,-0.4984f,-0.1044f,-0.1829f,-0.5033f,0.8637f,0.0256f,-0.1953f,0.0774f,0.0746f,-0.9942f,0.8167f,0f,0f,0f,1f],start_interpolation: 0,interpolation_duration: 2}
$data merge entity $(bone_right_arm) {transformation: [-0.8606f,-0.1044f,0.4984f,-0.2142f,-0.5033f,0.0256f,-0.8637f,-0.2583f,0.0774f,-0.9942f,-0.0746f,0.2206f,0f,0f,0f,1f],start_interpolation: 0,interpolation_duration: 2}
$data merge entity $(bone_magazine2) {transformation: [0f,0f,0f,0.1047f,0f,0f,0f,-0.3597f,0f,0f,0f,0.9683f,0f,0f,0f,1f],start_interpolation: 0,interpolation_duration: 2}
$data merge entity $(bone_forearm) {transformation: [-0.9795f,-0.0999f,0.1752f,0.091f,-0.1556f,-0.1786f,-0.9715f,-0.4623f,0.1283f,-0.9788f,0.1594f,0.6585f,0f,0f,0f,1f],start_interpolation: 0,interpolation_duration: 2}
data modify entity @s data merge value {"cameras":{},"locators":{"akm":{"px":-0.15186994121499664,"py":-0.17465207756840906,"pz":1.29599632094872,"ry":354.00513513810574,"rx":1.4662912965767363}}}