# This file was generated by Animated Java via MC-Build. It is not recommended to edit this file directly.
$data merge entity $(bone_magazine) {transformation: [0f,0f,0f,-0.2378f,0f,0f,0f,-0.5416f,0f,0f,0f,0.2811f,0f,0f,0f,1f],start_interpolation: 0,interpolation_duration: 2}
$data merge entity $(bone_chamber) {transformation: [-0.8335f,-0.5489f,-0.064f,-0.2473f,-0.5471f,0.8359f,-0.0444f,-0.5006f,0.0779f,-0.002f,-0.997f,0.4679f,0f,0f,0f,1f],start_interpolation: 0,interpolation_duration: 2}
$data merge entity $(bone_akm1) {transformation: [-0.8335f,-0.5489f,-0.064f,-0.2473f,-0.5471f,0.8359f,-0.0444f,-0.5006f,0.0779f,-0.002f,-0.997f,0.4679f,0f,0f,0f,1f],start_interpolation: 0,interpolation_duration: 2}
$data merge entity $(bone_magazine2) {transformation: [-0.7617f,-0.5392f,-0.3594f,-0.189f,-0.5358f,0.836f,-0.1186f,-0.5302f,0.3644f,0.1022f,-0.9256f,0.2414f,0f,0f,0f,1f],start_interpolation: 0,interpolation_duration: 2}
$data merge entity $(bone_right_arm) {transformation: [-0.8335f,-0.064f,0.5489f,-0.25f,-0.5471f,-0.0444f,-0.8359f,-0.6035f,0.0779f,-0.997f,0.002f,-0.1234f,0f,0f,0f,1f],start_interpolation: 0,interpolation_duration: 2}
$data merge entity $(bone_forearm) {transformation: [-0.6609f,0.3317f,0.6732f,-0.1291f,-0.6542f,0.185f,-0.7333f,-0.6789f,-0.3678f,-0.9251f,0.0947f,0.0291f,0f,0f,0f,1f],start_interpolation: 0,interpolation_duration: 2}
$data merge entity $(bone_magazine1) {transformation: [0f,0f,0f,0.5519f,0f,0f,0f,-1.4396f,0f,0f,0f,0.3421f,0f,0f,0f,1f],start_interpolation: 0,interpolation_duration: 2}
$data merge entity $(bone_chamber1) {transformation: [0f,0f,0f,0.5519f,0f,0f,0f,-1.4396f,0f,0f,0f,0.3421f,0f,0f,0f,1f],start_interpolation: 0,interpolation_duration: 2}
$data merge entity $(bone_akm3) {transformation: [0f,0f,0f,0.5519f,0f,0f,0f,-1.4396f,0f,0f,0f,0.3421f,0f,0f,0f,1f],start_interpolation: 0,interpolation_duration: 2}
data modify entity @s data merge value {"cameras":{},"locators":{"akm":{"px":-0.23753269748718495,"py":-0.447490726982262,"pz":0.9456098932420605,"ry":356.3284411746821,"rx":-2.5466112007704353},"akm2":{"px":0.5518603355886724,"py":-1.4395728775950707,"pz":0.3421251813547406,"ry":270.39907418579816,"rx":40.76741439116627}}}