# This file was generated by Animated Java via MC-Build. It is not recommended to edit this file directly.
$data merge entity $(bone_magazine) {transformation: [-0.8335f,-0.5489f,-0.064f,-0.16f,-0.5471f,0.8359f,-0.0436f,-0.1749f,0.0774f,-0.0014f,-0.997f,0.6249f,0f,0f,0f,1f],start_interpolation: -1,interpolation_duration: 0}
$data merge entity $(bone_chamber) {transformation: [-0.8335f,-0.5489f,-0.064f,-0.1694f,-0.5471f,0.8359f,-0.0436f,-0.134f,0.0774f,-0.0014f,-0.997f,0.8118f,0f,0f,0f,1f],start_interpolation: 0,interpolation_duration: 2}
$data merge entity $(bone_akm1) {transformation: [-0.8335f,-0.5489f,-0.064f,-0.1694f,-0.5471f,0.8359f,-0.0436f,-0.134f,0.0774f,-0.0014f,-0.997f,0.8118f,0f,0f,0f,1f],start_interpolation: 0,interpolation_duration: 2}
$data merge entity $(bone_right_arm) {transformation: [-0.8335f,-0.064f,0.5489f,-0.1722f,-0.5471f,-0.0436f,-0.8359f,-0.2364f,0.0774f,-0.997f,0.0014f,0.2203f,0f,0f,0f,1f],start_interpolation: 0,interpolation_duration: 2}
$data merge entity $(bone_magazine2) {transformation: [0f,0f,0f,-0.0576f,0f,0f,0f,-0.2699f,0f,0f,0f,0.7267f,0f,0f,0f,1f],start_interpolation: 0,interpolation_duration: 2}
$data merge entity $(bone_forearm) {transformation: [-0.7393f,-0.011f,0.6732f,-0.0662f,-0.6658f,-0.1372f,-0.7334f,-0.3571f,0.1004f,-0.9905f,0.0941f,0.3959f,0f,0f,0f,1f],start_interpolation: 0,interpolation_duration: 2}
data modify entity @s data merge value {"cameras":{},"locators":{"akm":{"px":-0.1596917883962759,"py":-0.08126987529673145,"pz":1.2894755982416866,"ry":356.32856947749184,"rx":-2.5012499461990845}}}