# This file was generated by Animated Java via MC-Build. It is not recommended to edit this file directly.
$data merge entity $(bone_magazine) {transformation: [-0.8335f,-0.5489f,-0.064f,-0.2378f,-0.5472f,0.8359f,-0.0429f,-0.5422f,0.077f,-0.0007f,-0.997f,0.2812f,0f,0f,0f,1f],start_interpolation: -1,interpolation_duration: 0}
$data merge entity $(bone_chamber) {transformation: [-0.8335f,-0.5489f,-0.064f,-0.2473f,-0.5472f,0.8359f,-0.0429f,-0.5015f,0.077f,-0.0007f,-0.997f,0.4681f,0f,0f,0f,1f],start_interpolation: 0,interpolation_duration: 1}
$data merge entity $(bone_akm1) {transformation: [-0.8335f,-0.5489f,-0.064f,-0.2473f,-0.5472f,0.8359f,-0.0429f,-0.5015f,0.077f,-0.0007f,-0.997f,0.4681f,0f,0f,0f,1f],start_interpolation: 0,interpolation_duration: 1}
$data merge entity $(bone_magazine2) {transformation: [0f,0f,0f,-0.189f,0f,0f,0f,-0.5307f,0f,0f,0f,0.2415f,0f,0f,0f,1f],start_interpolation: -1,interpolation_duration: 0}
$data merge entity $(bone_right_arm) {transformation: [-0.8335f,-0.064f,0.5489f,-0.25f,-0.5472f,-0.0429f,-0.8359f,-0.6035f,0.077f,-0.997f,0.0007f,-0.1235f,0f,0f,0f,1f],start_interpolation: 0,interpolation_duration: 1}
$data merge entity $(bone_forearm) {transformation: [-0.7019f,0.2311f,0.6738f,-0.1349f,-0.6706f,0.1046f,-0.7344f,-0.6383f,-0.2402f,-0.9673f,0.0816f,0.0216f,0f,0f,0f,1f],start_interpolation: 0,interpolation_duration: 1}
$data merge entity $(bone_magazine1) {transformation: [-0.6816f,-0.0837f,-0.727f,0.2197f,-0.6897f,0.4055f,0.5999f,-0.8474f,0.2446f,0.9102f,-0.3341f,0.6147f,0f,0f,0f,1f],start_interpolation: 0,interpolation_duration: 1}
$data merge entity $(bone_chamber1) {transformation: [-0.6478f,0.0827f,-0.7573f,0.5519f,-0.7504f,0.1023f,0.653f,-1.4403f,0.1315f,0.9913f,-0.0042f,0.3408f,0f,0f,0f,1f],start_interpolation: 0,interpolation_duration: 1}
$data merge entity $(bone_akm3) {transformation: [-0.6478f,0.0827f,-0.7573f,0.5519f,-0.7504f,0.1023f,0.653f,-1.4403f,0.1315f,0.9913f,-0.0042f,0.3408f,0f,0f,0f,1f],start_interpolation: 0,interpolation_duration: 1}
data modify entity @s data merge value {"cameras":{},"locators":{"akm":{"px":-0.23753269748718495,"py":-0.4491400242350264,"pz":0.9458406490215648,"ry":356.32869546712067,"rx":-2.4558886851686177},"akm2":{"px":0.9179218903116253,"py":-1.7492766267534412,"pz":0.3805695445538041,"ry":270.3206944776141,"rx":40.767985402802616}}}