# This file was generated by Animated Java via MC-Build. It is not recommended to edit this file directly.
$data merge entity $(bone_magazine) {transformation: [-0.8335f,-0.5489f,-0.064f,-0.1577f,-0.5473f,0.8359f,-0.0421f,-0.2397f,0.0766f,0f,-0.9971f,0.2295f,0f,0f,0f,1f],start_interpolation: 0,interpolation_duration: 2}
$data merge entity $(bone_chamber) {transformation: [-0.8335f,-0.5489f,-0.064f,-0.1672f,-0.5473f,0.8359f,-0.0421f,-0.1991f,0.0766f,0f,-0.9971f,0.4165f,0f,0f,0f,1f],start_interpolation: 0,interpolation_duration: 2}
$data merge entity $(bone_akm1) {transformation: [-0.8335f,-0.5489f,-0.064f,-0.1672f,-0.5473f,0.8359f,-0.0421f,-0.1991f,0.0766f,0f,-0.9971f,0.4165f,0f,0f,0f,1f],start_interpolation: 0,interpolation_duration: 2}
$data merge entity $(bone_right_arm) {transformation: [-0.8335f,-0.064f,0.5489f,-0.1699f,-0.5473f,-0.0421f,-0.8359f,-0.3006f,0.0766f,-0.9971f,0f,-0.1752f,0f,0f,0f,1f],start_interpolation: 0,interpolation_duration: 2}
$data merge entity $(bone_magazine2) {transformation: [0f,0f,0f,-0.0338f,0f,0f,0f,-0.2854f,0f,0f,0f,0.3094f,0f,0f,0f,1f],start_interpolation: 0,interpolation_duration: 2}
$data merge entity $(bone_forearm) {transformation: [-0.7167f,0.181f,0.6735f,0.0325f,-0.6754f,0.0609f,-0.735f,-0.2973f,-0.174f,-0.9816f,0.0786f,-0.0251f,0f,0f,0f,1f],start_interpolation: 0,interpolation_duration: 2}
data modify entity @s data merge value {"cameras":{},"locators":{"akm":{"px":-0.15741906112354861,"py":-0.14712390055083252,"pz":0.8942505000547393,"ry":356.328819143964,"rx":-2.4105274177967453}}}