# This file was generated by Animated Java via MC-Build. It is not recommended to edit this file directly.
$data merge entity $(magazine) {transformation: [-0.8335f,-0.5489f,-0.064f,-0.1577f,-0.5473f,0.8359f,-0.0421f,-0.1743f,0.0766f,0f,-0.9971f,0.625f,0f,0f,0f,1f],start_interpolation: 0,interpolation_duration: 2}
$data merge entity $(chamber) {transformation: [-0.8335f,-0.5489f,-0.064f,-0.1672f,-0.5473f,0.8359f,-0.0421f,-0.1338f,0.0766f,0f,-0.9971f,0.8119f,0f,0f,0f,1f],start_interpolation: 0,interpolation_duration: 2}
$data merge entity $(akm1) {transformation: [-0.8335f,-0.5489f,-0.064f,-0.1672f,-0.5473f,0.8359f,-0.0421f,-0.1338f,0.0766f,0f,-0.9971f,0.8119f,0f,0f,0f,1f],start_interpolation: 0,interpolation_duration: 2}
$data merge entity $(right_arm) {transformation: [-0.8335f,-0.064f,0.5489f,-0.1699f,-0.5473f,-0.0421f,-0.8359f,-0.2352f,0.0766f,-0.9971f,0f,0.2203f,0f,0f,0f,1f],start_interpolation: 0,interpolation_duration: 2}
$data merge entity $(magazine2) {transformation: [0f,0f,0f,-0.0553f,0f,0f,0f,-0.2695f,0f,0f,0f,0.7266f,0f,0f,0f,1f],start_interpolation: 0,interpolation_duration: 2}
$data merge entity $(forearm) {transformation: [-0.7393f,-0.011f,0.6732f,-0.0639f,-0.666f,-0.1356f,-0.7336f,-0.3562f,0.0993f,-0.9907f,0.0929f,0.3957f,0f,0f,0f,1f],start_interpolation: 0,interpolation_duration: 2}
data modify entity @s data merge value {"cameras":{},"locators":{"akm":{"px":-0.15741906112354861,"py":-0.08178299145992354,"pz":1.2897050455092847,"ry":356.328819143964,"rx":-2.4105274177967453}}}