# This file was generated by Animated Java via MC-Build. It is not recommended to edit this file directly.
$data merge entity $(bone_magazine) {transformation: [-0.8335f,-0.5489f,-0.064f,-0.2378f,-0.5473f,0.8359f,-0.0421f,-0.48f,0.0766f,0f,-0.9971f,0.0937f,0f,0f,0f,1f],start_interpolation: 0,interpolation_duration: 2}
$data merge entity $(bone_chamber) {transformation: [-0.8335f,-0.5489f,-0.064f,-0.2473f,-0.5473f,0.8359f,-0.0421f,-0.4395f,0.0766f,0f,-0.9971f,0.2807f,0f,0f,0f,1f],start_interpolation: 0,interpolation_duration: 2}
$data merge entity $(bone_akm1) {transformation: [-0.8335f,-0.5489f,-0.064f,-0.2473f,-0.5473f,0.8359f,-0.0421f,-0.4395f,0.0766f,0f,-0.9971f,0.2807f,0f,0f,0f,1f],start_interpolation: 0,interpolation_duration: 2}
$data merge entity $(bone_magazine2) {transformation: [0f,0f,0f,-0.189f,0f,0f,0f,-0.4685f,0f,0f,0f,0.0541f,0f,0f,0f,1f],start_interpolation: 0,interpolation_duration: 2}
$data merge entity $(bone_right_arm) {transformation: [-0.8335f,-0.064f,0.5489f,-0.25f,-0.5473f,-0.0421f,-0.8359f,-0.5409f,0.0766f,-0.9971f,0f,-0.311f,0f,0f,0f,1f],start_interpolation: 0,interpolation_duration: 2}
$data merge entity $(bone_forearm) {transformation: [-0.7167f,0.181f,0.6735f,-0.1353f,-0.6754f,0.0609f,-0.735f,-0.6227f,-0.174f,-0.9816f,0.0786f,-0.1584f,0f,0f,0f,1f],start_interpolation: 0,interpolation_duration: 2}
$data merge entity $(bone_magazine1) {transformation: [-0.6478f,0.0827f,-0.7573f,0.4066f,-0.7505f,0.1015f,0.653f,-1.2596f,0.1309f,0.9914f,-0.0037f,0.1132f,0f,0f,0f,1f],start_interpolation: 0,interpolation_duration: 2}
$data merge entity $(bone_chamber1) {transformation: [-0.6478f,0.0827f,-0.7573f,0.5519f,-0.7505f,0.1015f,0.653f,-1.3781f,0.1309f,0.9914f,-0.0037f,0.1526f,0f,0f,0f,1f],start_interpolation: 0,interpolation_duration: 2}
$data merge entity $(bone_akm3) {transformation: [-0.6478f,0.0827f,-0.7573f,0.5519f,-0.7505f,0.1015f,0.653f,-1.3781f,0.1309f,0.9914f,-0.0037f,0.1526f,0f,0f,0f,1f],start_interpolation: 0,interpolation_duration: 2}
data modify entity @s data merge value {"cameras":{},"locators":{"akm":{"px":-0.23753269748718495,"py":-0.3874648096417417,"pz":0.7584550455092847,"ry":356.328819143964,"rx":-2.4105274177967453},"akm2":{"px":0.9179218903116253,"py":-1.6871525557097091,"pz":0.19215267974070122,"ry":270.281503839987,"rx":40.76822427317036}}}