# This file was generated by Animated Java via MC-Build. It is not recommended to edit this file directly.
$data merge entity $(bone_magazine) {transformation: [-0.8335f,-0.5489f,-0.064f,-0.2378f,-0.5473f,0.8359f,-0.0413f,-0.5428f,0.0761f,0.0006f,-0.9971f,0.1875f,0f,0f,0f,1f],start_interpolation: 0,interpolation_duration: 2}
$data merge entity $(bone_chamber) {transformation: [-0.8335f,-0.5489f,-0.064f,-0.2473f,-0.5473f,0.8359f,-0.0413f,-0.5024f,0.0761f,0.0006f,-0.9971f,0.3745f,0f,0f,0f,1f],start_interpolation: 0,interpolation_duration: 2}
$data merge entity $(bone_akm1) {transformation: [-0.8335f,-0.5489f,-0.064f,-0.2473f,-0.5473f,0.8359f,-0.0413f,-0.5024f,0.0761f,0.0006f,-0.9971f,0.3745f,0f,0f,0f,1f],start_interpolation: 0,interpolation_duration: 2}
$data merge entity $(bone_magazine2) {transformation: [0f,0f,0f,-0.189f,0f,0f,0f,-0.5313f,0f,0f,0f,0.1479f,0f,0f,0f,1f],start_interpolation: 0,interpolation_duration: 2}
$data merge entity $(bone_right_arm) {transformation: [-0.8335f,-0.064f,0.5489f,-0.25f,-0.5473f,-0.0413f,-0.8359f,-0.6034f,0.0761f,-0.9971f,-0.0006f,-0.2172f,0f,0f,0f,1f],start_interpolation: 0,interpolation_duration: 2}
$data merge entity $(bone_forearm) {transformation: [-0.7277f,0.1314f,0.6732f,-0.1373f,-0.6775f,0.015f,-0.7354f,-0.6872f,-0.1067f,-0.9912f,0.0781f,-0.0647f,0f,0f,0f,1f],start_interpolation: 0,interpolation_duration: 2}
$data merge entity $(bone_magazine1) {transformation: [0f,0f,0f,0.5519f,0f,0f,0f,-1.4409f,0f,0f,0f,0.2457f,0f,0f,0f,1f],start_interpolation: 0,interpolation_duration: 2}
$data merge entity $(bone_chamber1) {transformation: [0f,0f,0f,0.5519f,0f,0f,0f,-1.4409f,0f,0f,0f,0.2457f,0f,0f,0f,1f],start_interpolation: 0,interpolation_duration: 2}
$data merge entity $(bone_akm3) {transformation: [0f,0f,0f,0.5519f,0f,0f,0f,-1.4409f,0f,0f,0f,0.2457f,0f,0f,0f,1f],start_interpolation: 0,interpolation_duration: 2}
data modify entity @s data merge value {"cameras":{},"locators":{"akm":{"px":-0.23753269748718495,"py":-0.4507896855432324,"pz":0.8523187876328482,"ry":356.3289405084099,"rx":-2.3651661442011602},"akm2":{"px":0.5518603355886724,"py":-1.440951790567855,"pz":0.24568891957534425,"ry":270.24231276177545,"rx":40.76843205256928}}}