# This file was generated by Animated Java via MC-Build. It is not recommended to edit this file directly.
$data merge entity $(bone_magazine) {transformation: [-0.8335f,-0.5489f,-0.064f,-0.1566f,-0.5473f,0.8359f,-0.0413f,-0.174f,0.0761f,0.0006f,-0.9971f,0.625f,0f,0f,0f,1f],start_interpolation: 0,interpolation_duration: 2}
$data merge entity $(bone_chamber) {transformation: [-0.8335f,-0.5489f,-0.064f,-0.166f,-0.5473f,0.8359f,-0.0413f,-0.1337f,0.0761f,0.0006f,-0.9971f,0.812f,0f,0f,0f,1f],start_interpolation: 0,interpolation_duration: 2}
$data merge entity $(bone_akm1) {transformation: [-0.8335f,-0.5489f,-0.064f,-0.166f,-0.5473f,0.8359f,-0.0413f,-0.1337f,0.0761f,0.0006f,-0.9971f,0.812f,0f,0f,0f,1f],start_interpolation: 0,interpolation_duration: 2}
$data merge entity $(bone_right_arm) {transformation: [-0.8335f,-0.064f,0.5489f,-0.1688f,-0.5473f,-0.0413f,-0.8359f,-0.2347f,0.0761f,-0.9971f,-0.0006f,0.2203f,0f,0f,0f,1f],start_interpolation: 0,interpolation_duration: 2}
$data merge entity $(bone_magazine2) {transformation: [0f,0f,0f,-0.0542f,0f,0f,0f,-0.2693f,0f,0f,0f,0.7266f,0f,0f,0f,1f],start_interpolation: 0,interpolation_duration: 2}
$data merge entity $(bone_forearm) {transformation: [-0.7393f,-0.011f,0.6732f,-0.0628f,-0.666f,-0.1348f,-0.7336f,-0.3557f,0.0988f,-0.9908f,0.0924f,0.3956f,0f,0f,0f,1f],start_interpolation: 0,interpolation_duration: 2}
data modify entity @s data merge value {"cameras":{},"locators":{"akm":{"px":-0.15628269748718498,"py":-0.08203968554323243,"pz":1.2898187876328482,"ry":356.3289405084099,"rx":-2.3651661442011602}}}