# This file was generated by Animated Java via MC-Build. It is not recommended to edit this file directly.
$data merge entity $(bone_magazine) {transformation: [-0.8335f,-0.5489f,-0.064f,-0.2378f,-0.5474f,0.8359f,-0.0405f,-0.4806f,0.0757f,0.0013f,-0.9971f,0.0938f,0f,0f,0f,1f],start_interpolation: 0,interpolation_duration: 2}
$data merge entity $(bone_chamber) {transformation: [-0.8335f,-0.5489f,-0.064f,-0.2473f,-0.5474f,0.8359f,-0.0405f,-0.4403f,0.0757f,0.0013f,-0.9971f,0.2808f,0f,0f,0f,1f],start_interpolation: 0,interpolation_duration: 2}
$data merge entity $(bone_akm1) {transformation: [-0.8335f,-0.5489f,-0.064f,-0.2473f,-0.5474f,0.8359f,-0.0405f,-0.4403f,0.0757f,0.0013f,-0.9971f,0.2808f,0f,0f,0f,1f],start_interpolation: 0,interpolation_duration: 2}
$data merge entity $(bone_magazine2) {transformation: [0f,0f,0f,-0.189f,0f,0f,0f,-0.469f,0f,0f,0f,0.0542f,0f,0f,0f,1f],start_interpolation: 0,interpolation_duration: 2}
$data merge entity $(bone_right_arm) {transformation: [-0.8335f,-0.064f,0.5489f,-0.25f,-0.5474f,-0.0405f,-0.8359f,-0.5409f,0.0757f,-0.9971f,-0.0013f,-0.311f,0f,0f,0f,1f],start_interpolation: 0,interpolation_duration: 2}
$data merge entity $(bone_forearm) {transformation: [-0.7351f,0.0827f,0.6729f,-0.1393f,-0.6768f,-0.0326f,-0.7354f,-0.6268f,-0.0388f,-0.996f,0.0799f,-0.1584f,0f,0f,0f,1f],start_interpolation: 0,interpolation_duration: 2}
$data merge entity $(bone_magazine1) {transformation: [-0.6478f,0.0827f,-0.7573f,0.4066f,-0.7507f,0.0999f,0.653f,-1.2603f,0.1297f,0.9916f,-0.0027f,0.112f,0f,0f,0f,1f],start_interpolation: 0,interpolation_duration: 2}
$data merge entity $(bone_chamber1) {transformation: [-0.6478f,0.0827f,-0.7573f,0.5519f,-0.7507f,0.0999f,0.653f,-1.3788f,0.1297f,0.9916f,-0.0027f,0.1513f,0f,0f,0f,1f],start_interpolation: 0,interpolation_duration: 2}
$data merge entity $(bone_akm3) {transformation: [-0.6478f,0.0827f,-0.7573f,0.5519f,-0.7507f,0.0999f,0.653f,-1.3788f,0.1297f,0.9916f,-0.0027f,0.1513f,0f,0f,0f,1f],start_interpolation: 0,interpolation_duration: 2}
data modify entity @s data merge value {"cameras":{},"locators":{"akm":{"px":-0.23753269748718495,"py":-0.3891146514203426,"pz":0.758681875320669,"ry":356.32905956083937,"rx":-2.3198048644995155},"akm2":{"px":0.9179218903116253,"py":-1.6879022308982794,"pz":0.19031805684858272,"ry":270.20312130431296,"rx":40.76860874057696}}}