# This file was generated by Animated Java via MC-Build. It is not recommended to edit this file directly.
$data merge entity $(bone_magazine) {transformation: [-0.8335f,-0.5489f,-0.064f,-0.1532f,-0.5475f,0.8359f,-0.0389f,-0.2982f,0.0748f,0.0026f,-0.9972f,0.2814f,0f,0f,0f,1f],start_interpolation: 0,interpolation_duration: 2}
$data merge entity $(bone_chamber) {transformation: [-0.8335f,-0.5489f,-0.064f,-0.1626f,-0.5475f,0.8359f,-0.0389f,-0.2583f,0.0748f,0.0026f,-0.9972f,0.4685f,0f,0f,0f,1f],start_interpolation: 0,interpolation_duration: 2}
$data merge entity $(bone_akm1) {transformation: [-0.8335f,-0.5489f,-0.064f,-0.1626f,-0.5475f,0.8359f,-0.0389f,-0.2583f,0.0748f,0.0026f,-0.9972f,0.4685f,0f,0f,0f,1f],start_interpolation: 0,interpolation_duration: 2}
$data merge entity $(bone_right_arm) {transformation: [-0.8335f,-0.064f,0.5489f,-0.1653f,-0.5475f,-0.0389f,-0.8359f,-0.3579f,0.0748f,-0.9972f,-0.0026f,-0.1235f,0f,0f,0f,1f],start_interpolation: 0,interpolation_duration: 2}
$data merge entity $(bone_magazine2) {transformation: [0f,0f,0f,-0.0508f,0f,0f,0f,-0.3937f,0f,0f,0f,0.3827f,0f,0f,0f,1f],start_interpolation: 0,interpolation_duration: 2}
$data merge entity $(bone_forearm) {transformation: [-0.7393f,-0.011f,0.6732f,-0.0594f,-0.6663f,-0.1324f,-0.7338f,-0.4794f,0.0972f,-0.9911f,0.0906f,0.0516f,0f,0f,0f,1f],start_interpolation: 0,interpolation_duration: 2}
$data merge entity $(bone_bicep) {transformation: [-0.7174f,-0.501f,0.4841f,-0.2585f,-0.6965f,0.4974f,-0.5173f,-0.273f,0.0184f,-0.7082f,-0.7058f,-0.2363f,0f,0f,0f,1f],start_interpolation: 0,interpolation_duration: 2}
data modify entity @s data merge value {"cameras":{},"locators":{"akm":{"px":-0.1528736065780941,"py":-0.2078103055699693,"pz":0.9464060871047961,"ry":356.3292907311354,"rx":-2.229082287248483}}}