# This file was generated by Animated Java via MC-Build. It is not recommended to edit this file directly.
$data merge entity $(magazine) {transformation: [-0.9467f,-0.3217f,0.0142f,-0.1724f,-0.322f,0.9454f,-0.05f,-0.1661f,0.0026f,-0.0519f,-0.9986f,0.6242f,0f,0f,0f,1f],start_interpolation: -1,interpolation_duration: 0}
$data merge entity $(chamber) {transformation: [-0.9467f,-0.3217f,0.0142f,-0.1876f,-0.322f,0.9454f,-0.05f,-0.1198f,0.0026f,-0.0519f,-0.9986f,0.8094f,0f,0f,0f,1f],start_interpolation: 0,interpolation_duration: 2}
$data merge entity $(akm1) {transformation: [-0.9467f,-0.3217f,0.0142f,-0.1876f,-0.322f,0.9454f,-0.05f,-0.1198f,0.0026f,-0.0519f,-0.9986f,0.8094f,0f,0f,0f,1f],start_interpolation: 0,interpolation_duration: 2}
$data merge entity $(right_arm) {transformation: [-0.9467f,0.0142f,0.3217f,-0.1642f,-0.322f,-0.05f,-0.9454f,-0.2323f,0.0026f,-0.9986f,0.0519f,0.2202f,0f,0f,0f,1f],start_interpolation: 0,interpolation_duration: 2}
$data merge entity $(magazine2) {transformation: [0f,0f,0f,0.0315f,0f,0f,0f,-0.2677f,0f,0f,0f,0.6528f,0f,0f,0f,1f],start_interpolation: 0,interpolation_duration: 2}
$data merge entity $(forearm) {transformation: [-0.7874f,0.0382f,0.6153f,0.0365f,-0.6146f,-0.126f,-0.7787f,-0.3507f,0.0478f,-0.9913f,0.1227f,0.3209f,0f,0f,0f,1f],start_interpolation: 0,interpolation_duration: 2}
data modify entity @s data merge value {"cameras":{},"locators":{"akm":{"px":-0.20671604659594242,"py":-0.059795987591867404,"pz":1.28598837026898,"ry":0.8170520722745493,"rx":-2.867414628181488}}}