# This file was generated by Animated Java via MC-Build. It is not recommended to edit this file directly.
$data merge entity $(bone_magazine) {transformation: [-0.995f,-0.0674f,0.0735f,-0.2773f,-0.0737f,0.9935f,-0.0867f,-0.3391f,-0.0672f,-0.0917f,-0.9935f,0.2775f,0f,0f,0f,1f],start_interpolation: 0,interpolation_duration: 2}
$data merge entity $(bone_chamber) {transformation: [-0.995f,-0.0674f,0.0735f,-0.2937f,-0.0737f,0.9935f,-0.0867f,-0.284f,-0.0672f,-0.0917f,-0.9935f,0.4602f,0f,0f,0f,1f],start_interpolation: 0,interpolation_duration: 2}
$data merge entity $(bone_akm1) {transformation: [-0.995f,-0.0674f,0.0735f,-0.2937f,-0.0737f,0.9935f,-0.0867f,-0.284f,-0.0672f,-0.0917f,-0.9935f,0.4602f,0f,0f,0f,1f],start_interpolation: 0,interpolation_duration: 2}
$data merge entity $(bone_right_arm) {transformation: [-0.995f,0.0735f,0.0674f,-0.2568f,-0.0737f,-0.0867f,-0.9935f,-0.4192f,-0.0672f,-0.9935f,0.0917f,-0.1235f,0f,0f,0f,1f],start_interpolation: 0,interpolation_duration: 2}
$data merge entity $(bone_magazine2) {transformation: [0f,0f,0f,0.0054f,0f,0f,0f,-0.4578f,0f,0f,0f,0.2714f,0f,0f,0f,1f],start_interpolation: -1,interpolation_duration: 0}
$data merge entity $(bone_forearm) {transformation: [-0.8304f,0.0791f,0.5516f,0.0212f,-0.5571f,-0.1328f,-0.8197f,-0.5425f,0.0084f,-0.988f,0.1543f,-0.0597f,0f,0f,0f,1f],start_interpolation: 0,interpolation_duration: 2}
$data merge entity $(bone_bicep) {transformation: [-0.8049f,-0.2546f,0.5361f,-0.0772f,-0.5921f,0.4064f,-0.6959f,-0.3737f,-0.0407f,-0.8775f,-0.4778f,-0.4159f,0f,0f,0f,1f],start_interpolation: 0,interpolation_duration: 2}
data modify entity @s data merge value {"cameras":{},"locators":{"akm":{"px":-0.3314390131709719,"py":-0.20462023172214233,"pz":0.9327820390068844,"ry":4.229812860240202,"rx":-4.97256732290262}}}