# This file was generated by Animated Java via MC-Build. It is not recommended to edit this file directly.
$data merge entity $(bone_magazine) {transformation: [-0.9748f,0.1956f,0.107f,-0.1846f,0.18f,0.9737f,-0.1399f,-0.2726f,-0.1316f,-0.1171f,-0.9844f,0.6086f,0f,0f,0f,1f],start_interpolation: 0,interpolation_duration: 2}
$data merge entity $(bone_chamber) {transformation: [-0.9748f,0.1956f,0.107f,-0.1971f,0.18f,0.9737f,-0.1399f,-0.2083f,-0.1316f,-0.1171f,-0.9844f,0.7886f,0f,0f,0f,1f],start_interpolation: 0,interpolation_duration: 2}
$data merge entity $(bone_akm1) {transformation: [-0.9748f,0.1956f,0.107f,-0.1971f,0.18f,0.9737f,-0.1399f,-0.2083f,-0.1316f,-0.1171f,-0.9844f,0.7886f,0f,0f,0f,1f],start_interpolation: 0,interpolation_duration: 2}
$data merge entity $(bone_right_arm) {transformation: [-0.9748f,0.107f,-0.1956f,-0.1619f,0.18f,-0.1399f,-0.9737f,-0.3703f,-0.1316f,-0.9844f,0.1171f,0.2117f,0f,0f,0f,1f],start_interpolation: 0,interpolation_duration: 2}
$data merge entity $(bone_magazine2) {transformation: [0f,0f,0f,0.2619f,0f,0f,0f,-0.3214f,0f,0f,0f,0.5781f,0f,0f,0f,1f],start_interpolation: 0,interpolation_duration: 2}
$data merge entity $(bone_forearm) {transformation: [-0.87f,0.1102f,0.4806f,0.296f,-0.4926f,-0.1501f,-0.8572f,-0.4048f,-0.0223f,-0.9825f,0.1849f,0.2489f,0f,0f,0f,1f],start_interpolation: 0,interpolation_duration: 2}
data modify entity @s data merge value {"cameras":{},"locators":{"akm":{"px":-0.24090107736320085,"py":-0.10417236916518353,"pz":1.255883527524239,"ry":6.205445034778734,"rx":-8.042395292191626}}}