# This file was generated by Animated Java via MC-Build. It is not recommended to edit this file directly.
$data merge entity $(magazine) {transformation: [-0.9748f,0.1956f,0.107f,-0.1846f,0.18f,0.9737f,-0.1399f,-0.1334f,-0.1316f,-0.1171f,-0.9844f,0.6172f,0f,0f,0f,1f],start_interpolation: 0,interpolation_duration: 2}
$data merge entity $(chamber) {transformation: [-0.9748f,0.1956f,0.107f,-0.1971f,0.18f,0.9737f,-0.1399f,-0.0691f,-0.1316f,-0.1171f,-0.9844f,0.7972f,0f,0f,0f,1f],start_interpolation: 0,interpolation_duration: 2}
$data merge entity $(akm1) {transformation: [-0.9748f,0.1956f,0.107f,-0.1971f,0.18f,0.9737f,-0.1399f,-0.0691f,-0.1316f,-0.1171f,-0.9844f,0.7972f,0f,0f,0f,1f],start_interpolation: 0,interpolation_duration: 2}
$data merge entity $(right_arm) {transformation: [-0.9748f,0.107f,-0.1956f,-0.1619f,0.18f,-0.1399f,-0.9737f,-0.2311f,-0.1316f,-0.9844f,0.1171f,0.2202f,0f,0f,0f,1f],start_interpolation: 0,interpolation_duration: 2}
$data merge entity $(magazine2) {transformation: [0f,0f,0f,0.1446f,0f,0f,0f,-0.2686f,0f,0f,0f,0.6071f,0f,0f,0f,1f],start_interpolation: 0,interpolation_duration: 2}
$data merge entity $(forearm) {transformation: [-0.87f,0.1102f,0.4806f,0.1679f,-0.4926f,-0.1501f,-0.8572f,-0.3582f,-0.0223f,-0.9825f,0.1849f,0.2777f,0f,0f,0f,1f],start_interpolation: 0,interpolation_duration: 2}
data modify entity @s data merge value {"cameras":{},"locators":{"akm":{"px":-0.24090107736320085,"py":0.03503217628936196,"pz":1.2644062547969663,"ry":6.205445034778734,"rx":-8.042395292191626}}}