# This file was generated by Animated Java via MC-Build. It is not recommended to edit this file directly.
$data merge entity $(bone_magazine) {transformation: [-0.8874f,0.4473f,0.1118f,-0.1754f,0.421f,0.8849f,-0.1992f,-0.5843f,-0.1881f,-0.1297f,-0.9736f,0.6442f,0f,0f,0f,1f],start_interpolation: 0,interpolation_duration: 2}
$data merge entity $(bone_chamber) {transformation: [-0.8874f,0.4473f,0.1118f,-0.1789f,0.421f,0.8849f,-0.1992f,-0.5124f,-0.1881f,-0.1297f,-0.9736f,0.8216f,0f,0f,0f,1f],start_interpolation: 0,interpolation_duration: 2}
$data merge entity $(bone_akm1) {transformation: [-0.8874f,0.4473f,0.1118f,-0.1789f,0.421f,0.8849f,-0.1992f,-0.5124f,-0.1881f,-0.1297f,-0.9736f,0.8216f,0f,0f,0f,1f],start_interpolation: 0,interpolation_duration: 2}
$data merge entity $(bone_right_arm) {transformation: [-0.8874f,0.1118f,-0.4473f,-0.1608f,0.421f,-0.1992f,-0.8849f,-0.6993f,-0.1881f,-0.9736f,0.1297f,0.2515f,0f,0f,0f,1f],start_interpolation: 0,interpolation_duration: 2}
$data merge entity $(bone_magazine2) {transformation: [0f,0f,0f,0.1653f,0f,0f,0f,-0.7228f,0f,0f,0f,0.6508f,0f,0f,0f,1f],start_interpolation: 0,interpolation_duration: 2}
$data merge entity $(bone_forearm) {transformation: [-0.9065f,0.131f,0.4013f,0.1923f,-0.4196f,-0.175f,-0.8907f,-0.8194f,-0.0465f,-0.9758f,0.2136f,0.3237f,0f,0f,0f,1f],start_interpolation: 0,interpolation_duration: 2}
$data merge entity $(bone_bicep) {transformation: [-0.8892f,-0.0373f,0.4559f,0.1827f,-0.4521f,0.2241f,-0.8634f,-0.7255f,-0.07f,-0.9739f,-0.2161f,-0.0715f,0f,0f,0f,1f],start_interpolation: 0,interpolation_duration: 2}
data modify entity @s data merge value {"cameras":{},"locators":{"akm":{"px":-0.21547485382966333,"py":-0.3832825300257746,"pz":1.2832356912722385,"ry":6.553471830754916,"rx":-11.488566021650753}}}