# This file was generated by Animated Java via MC-Build. It is not recommended to edit this file directly.
$data merge entity $(bone_magazine) {transformation: [-0.7386f,0.6683f,0.0888f,-0.2473f,0.632f,0.7323f,-0.2537f,-0.413f,-0.2345f,-0.1313f,-0.9632f,0.078f,0f,0f,0f,1f],start_interpolation: 0,interpolation_duration: 2}
$data merge entity $(bone_chamber) {transformation: [-0.7386f,0.6683f,0.0888f,-0.2379f,0.632f,0.7323f,-0.2537f,-0.3368f,-0.2345f,-0.1313f,-0.9632f,0.2534f,0f,0f,0f,1f],start_interpolation: 0,interpolation_duration: 2}
$data merge entity $(bone_akm1) {transformation: [-0.7386f,0.6683f,0.0888f,-0.2379f,0.632f,0.7323f,-0.2537f,-0.3368f,-0.2345f,-0.1313f,-0.9632f,0.2534f,0f,0f,0f,1f],start_interpolation: 0,interpolation_duration: 2}
$data merge entity $(bone_magazine2) {transformation: [0f,0f,0f,-0.2187f,0f,0f,0f,-0.4663f,0f,0f,0f,0.0573f,0f,0f,0f,1f],start_interpolation: 0,interpolation_duration: 2}
$data merge entity $(bone_right_arm) {transformation: [-0.7386f,0.0888f,-0.6683f,-0.25f,0.632f,-0.2537f,-0.7323f,-0.5407f,-0.2345f,-0.9632f,0.1313f,-0.311f,0f,0f,0f,1f],start_interpolation: 0,interpolation_duration: 2}
$data merge entity $(bone_forearm) {transformation: [-0.939f,0.1421f,0.3132f,0.1095f,-0.3374f,-0.2045f,-0.9189f,-0.6286f,-0.0666f,-0.9685f,0.24f,-0.2433f,0f,0f,0f,1f],start_interpolation: 0,interpolation_duration: 2}
$data merge entity $(bone_magazine1) {transformation: [-0.9393f,-0.3296f,-0.095f,0.0672f,-0.3413f,0.8705f,0.3546f,-0.7424f,-0.0342f,0.3655f,-0.9302f,0.2981f,0f,0f,0f,1f],start_interpolation: 0,interpolation_duration: 2}
$data merge entity $(bone_chamber1) {transformation: [-0.9393f,-0.3296f,-0.095f,0.0721f,-0.3413f,0.8705f,0.3546f,-0.7749f,-0.0342f,0.3655f,-0.9302f,0.4868f,0f,0f,0f,1f],start_interpolation: 0,interpolation_duration: 2}
$data merge entity $(bone_akm3) {transformation: [-0.9393f,-0.3296f,-0.095f,0.0721f,-0.3413f,0.8705f,0.3546f,-0.7749f,-0.0342f,0.3655f,-0.9302f,0.4868f,0f,0f,0f,1f],start_interpolation: 0,interpolation_duration: 2}
data modify entity @s data merge value {"cameras":{},"locators":{"akm":{"px":-0.25495483230181804,"py":-0.18739891193261704,"pz":0.7099990743946054,"ry":5.266189447404798,"rx":-14.695107149410966},"akm2":{"px":0.1050881872991464,"py":-0.9116384340017342,"pz":0.9464478058206814,"ry":354.17096207494666,"rx":20.76599173104543}}}