# This file was generated by Animated Java via MC-Build. It is not recommended to edit this file directly.
$data merge entity $(bone_magazine) {transformation: [-0.7386f,0.6683f,0.0888f,-0.157f,0.632f,0.7323f,-0.2537f,-0.321f,-0.2345f,-0.1313f,-0.9632f,0.6405f,0f,0f,0f,1f],start_interpolation: 0,interpolation_duration: 2}
$data merge entity $(bone_chamber) {transformation: [-0.7386f,0.6683f,0.0888f,-0.1475f,0.632f,0.7323f,-0.2537f,-0.2448f,-0.2345f,-0.1313f,-0.9632f,0.8159f,0f,0f,0f,1f],start_interpolation: 0,interpolation_duration: 2}
$data merge entity $(bone_akm1) {transformation: [-0.7386f,0.6683f,0.0888f,-0.1475f,0.632f,0.7323f,-0.2537f,-0.2448f,-0.2345f,-0.1313f,-0.9632f,0.8159f,0f,0f,0f,1f],start_interpolation: 0,interpolation_duration: 2}
$data merge entity $(bone_right_arm) {transformation: [-0.7386f,0.0888f,-0.6683f,-0.1597f,0.632f,-0.2537f,-0.7323f,-0.4487f,-0.2345f,-0.9632f,0.1313f,0.2515f,0f,0f,0f,1f],start_interpolation: 0,interpolation_duration: 2}
$data merge entity $(bone_magazine2) {transformation: [0f,0f,0f,0.1631f,0f,0f,0f,-0.4381f,0f,0f,0f,0.6741f,0f,0f,0f,1f],start_interpolation: 0,interpolation_duration: 2}
$data merge entity $(bone_forearm) {transformation: [-0.939f,0.1421f,0.3132f,0.1905f,-0.3374f,-0.2045f,-0.9189f,-0.5429f,-0.0666f,-0.9685f,0.24f,0.3495f,0f,0f,0f,1f],start_interpolation: 0,interpolation_duration: 2}
$data merge entity $(bone_bicep) {transformation: [-0.9276f,0.0445f,0.3709f,0.2144f,-0.3649f,0.1054f,-0.9251f,-0.4978f,-0.0803f,-0.9934f,-0.0815f,-0.0535f,0f,0f,0f,1f],start_interpolation: 0,interpolation_duration: 2}
data modify entity @s data merge value {"cameras":{},"locators":{"akm":{"px":-0.16461392321090892,"py":-0.09535345738716236,"pz":1.2724990743946054,"ry":5.266189447404798,"rx":-14.695107149410966}}}