# This file was generated by Animated Java via MC-Build. It is not recommended to edit this file directly.
$data merge entity $(bone_magazine) {transformation: [-0.7386f,0.6683f,0.0888f,-0.157f,0.632f,0.7323f,-0.2537f,-0.2357f,-0.2345f,-0.1313f,-0.9632f,0.6041f,0f,0f,0f,1f],start_interpolation: 0,interpolation_duration: 2}
$data merge entity $(bone_chamber) {transformation: [-0.7386f,0.6683f,0.0888f,-0.1475f,0.632f,0.7323f,-0.2537f,-0.1596f,-0.2345f,-0.1313f,-0.9632f,0.7796f,0f,0f,0f,1f],start_interpolation: 0,interpolation_duration: 2}
$data merge entity $(bone_akm1) {transformation: [-0.7386f,0.6683f,0.0888f,-0.1475f,0.632f,0.7323f,-0.2537f,-0.1596f,-0.2345f,-0.1313f,-0.9632f,0.7796f,0f,0f,0f,1f],start_interpolation: 0,interpolation_duration: 2}
$data merge entity $(bone_right_arm) {transformation: [-0.7386f,0.0888f,-0.6683f,-0.1597f,0.632f,-0.2537f,-0.7323f,-0.3634f,-0.2345f,-0.9632f,0.1313f,0.2151f,0f,0f,0f,1f],start_interpolation: 0,interpolation_duration: 2}
$data merge entity $(bone_magazine2) {transformation: [0f,0f,0f,0.2977f,0f,0f,0f,-0.2967f,0f,0f,0f,0.6184f,0f,0f,0f,1f],start_interpolation: 0,interpolation_duration: 2}
$data merge entity $(bone_forearm) {transformation: [-0.939f,0.1421f,0.3132f,0.3369f,-0.3374f,-0.2045f,-0.9189f,-0.3974f,-0.0666f,-0.9685f,0.24f,0.2947f,0f,0f,0f,1f],start_interpolation: 0,interpolation_duration: 2}
data modify entity @s data merge value {"cameras":{},"locators":{"akm":{"px":-0.164613923210909,"py":-0.010126184659889792,"pz":1.236135438030969,"ry":5.266189447404798,"rx":-14.695107149410966}}}