# This file was generated by Animated Java via MC-Build. It is not recommended to edit this file directly.
$data merge entity $(bone_magazine) {transformation: [-0.5388f,0.8414f,0.0424f,-0.2233f,0.7982f,0.5259f,-0.2937f,-0.4079f,-0.2694f,-0.1243f,-0.955f,0.0753f,0f,0f,0f,1f],start_interpolation: 0,interpolation_duration: 2}
$data merge entity $(bone_chamber) {transformation: [-0.5388f,0.8414f,0.0424f,-0.1984f,0.7982f,0.5259f,-0.2937f,-0.3323f,-0.2694f,-0.1243f,-0.955f,0.2495f,0f,0f,0f,1f],start_interpolation: 0,interpolation_duration: 2}
$data merge entity $(bone_akm1) {transformation: [-0.5388f,0.8414f,0.0424f,-0.1984f,0.7982f,0.5259f,-0.2937f,-0.3323f,-0.2694f,-0.1243f,-0.955f,0.2495f,0f,0f,0f,1f],start_interpolation: 0,interpolation_duration: 2}
$data merge entity $(bone_magazine2) {transformation: [0f,0f,0f,-0.2093f,0f,0f,0f,-0.4674f,0f,0f,0f,0.0566f,0f,0f,0f,1f],start_interpolation: 0,interpolation_duration: 2}
$data merge entity $(bone_right_arm) {transformation: [-0.5388f,0.0424f,-0.8414f,-0.25f,0.7982f,-0.2937f,-0.5259f,-0.5407f,-0.2694f,-0.955f,0.1243f,-0.311f,0f,0f,0f,1f],start_interpolation: 0,interpolation_duration: 2}
$data merge entity $(bone_forearm) {transformation: [-0.9656f,0.1446f,0.2161f,0.0861f,-0.2458f,-0.236f,-0.9401f,-0.584f,-0.085f,-0.9609f,0.2635f,-0.2167f,0f,0f,0f,1f],start_interpolation: 0,interpolation_duration: 2}
$data merge entity $(bone_magazine1) {transformation: [0f,0f,0f,-0.0045f,0f,0f,0f,-0.5764f,0f,0f,0f,0.4701f,0f,0f,0f,1f],start_interpolation: 0,interpolation_duration: 2}
$data merge entity $(bone_chamber1) {transformation: [0f,0f,0f,-0.0045f,0f,0f,0f,-0.5764f,0f,0f,0f,0.4701f,0f,0f,0f,1f],start_interpolation: 0,interpolation_duration: 2}
$data merge entity $(bone_akm3) {transformation: [0f,0f,0f,-0.0045f,0f,0f,0f,-0.5764f,0f,0f,0f,0.4701f,0f,0f,0f,1f],start_interpolation: 0,interpolation_duration: 2}
data modify entity @s data merge value {"cameras":{},"locators":{"akm":{"px":-0.18668060445968943,"py":-0.17157093198134812,"pz":0.7024208641989675,"ry":2.5442056548967003,"rx":-17.07738803467181},"akm2":{"px":-0.00447488606523666,"py":-0.5763603204759646,"pz":0.4701212988522215,"ry":1.614381517200826,"rx":8.925977203513687}}}