# This file was generated by Animated Java via MC-Build. It is not recommended to edit this file directly.
$data merge entity $(bone_magazine) {transformation: [-0.5388f,0.8414f,0.0424f,-0.2256f,0.7982f,0.5259f,-0.2937f,-0.2841f,-0.2694f,-0.1243f,-0.955f,0.2628f,0f,0f,0f,1f],start_interpolation: 0,interpolation_duration: 2}
$data merge entity $(bone_chamber) {transformation: [-0.5388f,0.8414f,0.0424f,-0.2007f,0.7982f,0.5259f,-0.2937f,-0.2085f,-0.2694f,-0.1243f,-0.955f,0.437f,0f,0f,0f,1f],start_interpolation: 0,interpolation_duration: 2}
$data merge entity $(bone_akm1) {transformation: [-0.5388f,0.8414f,0.0424f,-0.2007f,0.7982f,0.5259f,-0.2937f,-0.2085f,-0.2694f,-0.1243f,-0.955f,0.437f,0f,0f,0f,1f],start_interpolation: 0,interpolation_duration: 2}
$data merge entity $(bone_right_arm) {transformation: [-0.5388f,0.0424f,-0.8414f,-0.2523f,0.7982f,-0.2937f,-0.5259f,-0.4168f,-0.2694f,-0.955f,0.1243f,-0.1235f,0f,0f,0f,1f],start_interpolation: 0,interpolation_duration: 2}
$data merge entity $(bone_magazine2) {transformation: [0f,0f,0f,0.0504f,0f,0f,0f,-0.3475f,0f,0f,0f,0.3232f,0f,0f,0f,1f],start_interpolation: 0,interpolation_duration: 2}
$data merge entity $(bone_forearm) {transformation: [-0.9656f,0.1446f,0.2161f,0.0752f,-0.2458f,-0.236f,-0.9401f,-0.4608f,-0.085f,-0.9609f,0.2635f,0.0013f,0f,0f,0f,1f],start_interpolation: 0,interpolation_duration: 2}
$data merge entity $(bone_bicep) {transformation: [-0.9597f,0.1017f,0.262f,0.1225f,-0.2658f,-0.0253f,-0.9637f,-0.4694f,-0.0914f,-0.9945f,0.0513f,-0.4021f,0f,0f,0f,1f],start_interpolation: 0,interpolation_duration: 2}
data modify entity @s data merge value {"cameras":{},"locators":{"akm":{"px":-0.1889533317324166,"py":-0.0477072956177117,"pz":0.8899208641989675,"ry":2.5442056548967003,"rx":-17.07738803467181}}}