# This file was generated by Animated Java via MC-Build. It is not recommended to edit this file directly.
$data merge entity $(bone_magazine) {transformation: [-0.5388f,0.8414f,0.0424f,-0.1318f,0.7982f,0.5259f,-0.2937f,-0.0966f,-0.2694f,-0.1243f,-0.955f,0.6066f,0f,0f,0f,1f],start_interpolation: 0,interpolation_duration: 2}
$data merge entity $(bone_chamber) {transformation: [-0.5388f,0.8414f,0.0424f,-0.1069f,0.7982f,0.5259f,-0.2937f,-0.021f,-0.2694f,-0.1243f,-0.955f,0.7808f,0f,0f,0f,1f],start_interpolation: 0,interpolation_duration: 2}
$data merge entity $(bone_akm1) {transformation: [-0.5388f,0.8414f,0.0424f,-0.1069f,0.7982f,0.5259f,-0.2937f,-0.021f,-0.2694f,-0.1243f,-0.955f,0.7808f,0f,0f,0f,1f],start_interpolation: 0,interpolation_duration: 2}
$data merge entity $(bone_right_arm) {transformation: [-0.5388f,0.0424f,-0.8414f,-0.1585f,0.7982f,-0.2937f,-0.5259f,-0.2293f,-0.2694f,-0.955f,0.1243f,0.2202f,0f,0f,0f,1f],start_interpolation: 0,interpolation_duration: 2}
$data merge entity $(bone_magazine2) {transformation: [0f,0f,0f,0.1441f,0f,0f,0f,-0.16f,0f,0f,0f,0.667f,0f,0f,0f,1f],start_interpolation: 0,interpolation_duration: 2}
$data merge entity $(bone_forearm) {transformation: [-0.9656f,0.1446f,0.2161f,0.1689f,-0.2458f,-0.236f,-0.9401f,-0.2733f,-0.085f,-0.9609f,0.2635f,0.3451f,0f,0f,0f,1f],start_interpolation: 0,interpolation_duration: 2}
data modify entity @s data merge value {"cameras":{},"locators":{"akm":{"px":-0.09520333173241674,"py":0.13979270438228825,"pz":1.2336708641989675,"ry":2.5442056548967003,"rx":-17.07738803467181}}}