# This file was generated by Animated Java via MC-Build. It is not recommended to edit this file directly.
$data merge entity $(bone_magazine) {transformation: [-0.3016f,0.9532f,-0.0195f,-0.1035f,0.9077f,0.2809f,-0.3116f,-0.1634f,-0.2916f,-0.1117f,-0.95f,0.2617f,0f,0f,0f,1f],start_interpolation: 0,interpolation_duration: 2}
$data merge entity $(bone_chamber) {transformation: [-0.3016f,0.9532f,-0.0195f,-0.0626f,0.9077f,0.2809f,-0.3116f,-0.094f,-0.2916f,-0.1117f,-0.95f,0.4354f,0f,0f,0f,1f],start_interpolation: 0,interpolation_duration: 2}
$data merge entity $(bone_akm1) {transformation: [-0.3016f,0.9532f,-0.0195f,-0.0626f,0.9077f,0.2809f,-0.3116f,-0.094f,-0.2916f,-0.1117f,-0.95f,0.4354f,0f,0f,0f,1f],start_interpolation: 0,interpolation_duration: 2}
$data merge entity $(bone_right_arm) {transformation: [-0.3016f,-0.0195f,-0.9532f,-0.1574f,0.9077f,-0.3116f,-0.2809f,-0.2912f,-0.2916f,-0.95f,0.1117f,-0.1235f,0f,0f,0f,1f],start_interpolation: 0,interpolation_duration: 2}
$data merge entity $(bone_magazine2) {transformation: [0f,0f,0f,0.1165f,0f,0f,0f,-0.1378f,0f,0f,0f,0.3396f,0f,0f,0f,1f],start_interpolation: 0,interpolation_duration: 2}
$data merge entity $(bone_forearm) {transformation: [-0.9839f,0.1401f,0.1112f,0.1363f,-0.1457f,-0.2676f,-0.9524f,-0.259f,-0.1037f,-0.9533f,0.2838f,0.0202f,0f,0f,0f,1f],start_interpolation: 0,interpolation_duration: 2}
$data merge entity $(bone_bicep) {transformation: [-0.982f,0.1309f,0.1358f,0.1956f,-0.1563f,-0.1619f,-0.9743f,-0.3238f,-0.1056f,-0.9781f,0.1795f,-0.3765f,0f,0f,0f,1f],start_interpolation: 0,interpolation_duration: 2}
data modify entity @s data merge value {"cameras":{},"locators":{"akm":{"px":-0.01698741975110802,"py":0.06604406352258593,"pz":0.8864036941111724,"ry":358.82521127534005,"rx":-18.156901466494144}}}