# This file was generated by Animated Java via MC-Build. It is not recommended to edit this file directly.
$data merge entity $(bone_magazine) {transformation: [-0.3016f,0.9532f,-0.0195f,-0.1035f,0.9077f,0.2809f,-0.3116f,-0.135f,-0.2916f,-0.1117f,-0.95f,0.4162f,0f,0f,0f,1f],start_interpolation: 0,interpolation_duration: 2}
$data merge entity $(bone_chamber) {transformation: [-0.3016f,0.9532f,-0.0195f,-0.0626f,0.9077f,0.2809f,-0.3116f,-0.0656f,-0.2916f,-0.1117f,-0.95f,0.59f,0f,0f,0f,1f],start_interpolation: 0,interpolation_duration: 2}
$data merge entity $(bone_akm1) {transformation: [-0.3016f,0.9532f,-0.0195f,-0.0626f,0.9077f,0.2809f,-0.3116f,-0.0656f,-0.2916f,-0.1117f,-0.95f,0.59f,0f,0f,0f,1f],start_interpolation: 0,interpolation_duration: 2}
$data merge entity $(bone_right_arm) {transformation: [-0.3016f,-0.0195f,-0.9532f,-0.1574f,0.9077f,-0.3116f,-0.2809f,-0.2628f,-0.2916f,-0.95f,0.1117f,0.031f,0f,0f,0f,1f],start_interpolation: 0,interpolation_duration: 2}
$data merge entity $(bone_magazine2) {transformation: [0f,0f,0f,0.2617f,0f,0f,0f,-0.0918f,0f,0f,0f,0.4787f,0f,0f,0f,1f],start_interpolation: 0,interpolation_duration: 2}
$data merge entity $(bone_forearm) {transformation: [-0.9839f,0.1401f,0.1112f,0.2939f,-0.1457f,-0.2676f,-0.9524f,-0.2112f,-0.1037f,-0.9533f,0.2838f,0.1607f,0f,0f,0f,1f],start_interpolation: 0,interpolation_duration: 2}
data modify entity @s data merge value {"cameras":{},"locators":{"akm":{"px":-0.016987419751108047,"py":0.09445315443167682,"pz":1.040949148656627,"ry":358.82521127534005,"rx":-18.156901466494144}}}