# This file was generated by Animated Java via MC-Build. It is not recommended to edit this file directly.
$data merge entity $(bone_magazine) {transformation: [-0.3016f,0.9532f,-0.0195f,-0.1035f,0.9077f,0.2809f,-0.3116f,-0.1009f,-0.2916f,-0.1117f,-0.95f,0.6054f,0f,0f,0f,1f],start_interpolation: 0,interpolation_duration: 2}
$data merge entity $(bone_chamber) {transformation: [-0.3016f,0.9532f,-0.0195f,-0.0626f,0.9077f,0.2809f,-0.3116f,-0.0315f,-0.2916f,-0.1117f,-0.95f,0.7792f,0f,0f,0f,1f],start_interpolation: 0,interpolation_duration: 2}
$data merge entity $(bone_akm1) {transformation: [-0.3016f,0.9532f,-0.0195f,-0.0626f,0.9077f,0.2809f,-0.3116f,-0.0315f,-0.2916f,-0.1117f,-0.95f,0.7792f,0f,0f,0f,1f],start_interpolation: 0,interpolation_duration: 2}
$data merge entity $(bone_right_arm) {transformation: [-0.3016f,-0.0195f,-0.9532f,-0.1574f,0.9077f,-0.3116f,-0.2809f,-0.2287f,-0.2916f,-0.95f,0.1117f,0.2202f,0f,0f,0f,1f],start_interpolation: 0,interpolation_duration: 2}
$data merge entity $(bone_magazine2) {transformation: [0f,0f,0f,0.1165f,0f,0f,0f,-0.0753f,0f,0f,0f,0.6833f,0f,0f,0f,1f],start_interpolation: 0,interpolation_duration: 2}
$data merge entity $(bone_forearm) {transformation: [-0.9839f,0.1401f,0.1112f,0.1363f,-0.1457f,-0.2676f,-0.9524f,-0.1965f,-0.1037f,-0.9533f,0.2838f,0.364f,0f,0f,0f,1f],start_interpolation: 0,interpolation_duration: 2}
data modify entity @s data merge value {"cameras":{},"locators":{"akm":{"px":-0.016987419751108047,"py":0.12854406352258593,"pz":1.2301536941111721,"ry":358.82521127534005,"rx":-18.156901466494144}}}