# This file was generated by Animated Java via MC-Build. It is not recommended to edit this file directly.
$data merge entity $(bone_magazine) {transformation: [-0.0436f,0.9952f,-0.0871f,-0.0762f,0.9528f,0.0152f,-0.3032f,-0.3348f,-0.3004f,-0.0962f,-0.9489f,0.637f,0f,0f,0f,1f],start_interpolation: 0,interpolation_duration: 2}
$data merge entity $(bone_chamber) {transformation: [-0.0436f,0.9952f,-0.0871f,-0.021f,0.9528f,0.0152f,-0.3032f,-0.2773f,-0.3004f,-0.0962f,-0.9489f,0.8112f,0f,0f,0f,1f],start_interpolation: 0,interpolation_duration: 2}
$data merge entity $(bone_akm1) {transformation: [-0.0436f,0.9952f,-0.0871f,-0.021f,0.9528f,0.0152f,-0.3032f,-0.2773f,-0.3004f,-0.0962f,-0.9489f,0.8112f,0f,0f,0f,1f],start_interpolation: 0,interpolation_duration: 2}
$data merge entity $(bone_right_arm) {transformation: [-0.0436f,-0.0871f,-0.9952f,-0.1563f,0.9528f,-0.3032f,-0.0152f,-0.4469f,-0.3004f,-0.9489f,0.0962f,0.2514f,0f,0f,0f,1f],start_interpolation: 0,interpolation_duration: 2}
$data merge entity $(bone_magazine2) {transformation: [0f,0f,0f,0.0888f,0f,0f,0f,-0.1868f,0f,0f,0f,0.7161f,0f,0f,0f,1f],start_interpolation: 0,interpolation_duration: 2}
$data merge entity $(bone_forearm) {transformation: [-0.9914f,0.1305f,0f,0.1022f,-0.0392f,-0.2981f,-0.9537f,-0.3151f,-0.1245f,-0.9456f,0.3007f,0.3992f,0f,0f,0f,1f],start_interpolation: 0,interpolation_duration: 2}
$data merge entity $(bone_bicep) {transformation: [-0.9914f,0.1305f,0f,0.1614f,-0.0392f,-0.2981f,-0.9537f,-0.436f,-0.1245f,-0.9456f,0.3007f,0.0159f,0f,0f,0f,1f],start_interpolation: 0,interpolation_duration: 2}
data modify entity @s data merge value {"cameras":{},"locators":{"akm":{"px":0.05858606899555249,"py":-0.13147688969404162,"pz":1.2622466795693035,"ry":354.7573625413199,"rx":-17.649137710349752}}}
execute on vehicle unless entity @s[tag=aj.transforms_only] at @s run function animated_java:akm/animations/reload/zzz/frames/55_root_function