# This file was generated by Animated Java via MC-Build. It is not recommended to edit this file directly.
$data merge entity $(bone_magazine) {transformation: [-0.0436f,0.9952f,-0.0871f,-0.17f,0.9528f,0.0152f,-0.3032f,-0.491f,-0.3004f,-0.0962f,-0.9489f,0.262f,0f,0f,0f,1f],start_interpolation: 0,interpolation_duration: 0}
$data merge entity $(bone_chamber) {transformation: [-0.0436f,0.9952f,-0.0871f,-0.1148f,0.9528f,0.0152f,-0.3032f,-0.4336f,-0.3004f,-0.0962f,-0.9489f,0.4362f,0f,0f,0f,1f],start_interpolation: 0,interpolation_duration: 0}
$data merge entity $(bone_akm1) {transformation: [-0.0436f,0.9952f,-0.0871f,-0.1148f,0.9528f,0.0152f,-0.3032f,-0.4336f,-0.3004f,-0.0962f,-0.9489f,0.4362f,0f,0f,0f,1f],start_interpolation: 0,interpolation_duration: 0}
$data merge entity $(bone_magazine2) {transformation: [0f,0f,0f,-0.1881f,0f,0f,0f,-0.5498f,0f,0f,0f,0.2446f,0f,0f,0f,1f],start_interpolation: 0,interpolation_duration: 0}
$data merge entity $(bone_right_arm) {transformation: [-0.0436f,-0.0871f,-0.9952f,-0.25f,0.9528f,-0.3032f,-0.0152f,-0.6031f,-0.3004f,-0.9489f,0.0962f,-0.1236f,0f,0f,0f,1f],start_interpolation: 0,interpolation_duration: 0}
$data merge entity $(bone_forearm) {transformation: [-0.9914f,0.1305f,0f,0.0125f,-0.0392f,-0.2981f,-0.9537f,-0.4807f,-0.1245f,-0.9456f,0.3007f,-0.0053f,0f,0f,0f,1f],start_interpolation: 0,interpolation_duration: 0}
$data merge entity $(bone_magazine1) {transformation: [-0.9743f,0.1717f,0.1462f,0.2103f,0.052f,0.802f,-0.5951f,-0.1159f,-0.2194f,-0.5722f,-0.7902f,-0.1387f,0f,0f,0f,1f],start_interpolation: 0,interpolation_duration: 0}
$data merge entity $(bone_chamber1) {transformation: [-0.9914f,0f,0.1305f,-0.065f,-0.0392f,0.9537f,-0.2981f,-0.224f,-0.1245f,-0.3007f,-0.9456f,0.5316f,0f,0f,0f,1f],start_interpolation: 0,interpolation_duration: 0}
$data merge entity $(bone_akm3) {transformation: [-0.9914f,0f,0.1305f,-0.065f,-0.0392f,0.9537f,-0.2981f,-0.224f,-0.1245f,-0.3007f,-0.9456f,0.5316f,0f,0f,0f,1f],start_interpolation: 0,interpolation_duration: 0}
data modify entity @s data merge value {"cameras":{},"locators":{"akm":{"px":-0.03516393100444756,"py":-0.2877268896940416,"pz":0.8872466795693035,"ry":354.7573625413199,"rx":-17.649137710349752},"akm2":{"px":-0.12759721148352549,"py":-0.04484492729854578,"pz":0.9732649119704799,"ry":7.859523021790693,"rx":-17.345514420216713}}}
execute on vehicle unless entity @s[tag=aj.transforms_only] at @s run function animated_java:akm/animations/reload/zzz/frames/55_root_function