# This file was generated by Animated Java via MC-Build. It is not recommended to edit this file directly.
$data merge entity $(bone_magazine) {transformation: [-0.0436f,0.9952f,-0.0871f,-0.1748f,0.9518f,0.0149f,-0.3064f,-0.3047f,-0.3036f,-0.0962f,-0.9479f,0.2617f,0f,0f,0f,1f],start_interpolation: 0,interpolation_duration: 2}
$data merge entity $(bone_chamber) {transformation: [-0.0436f,0.9952f,-0.0871f,-0.1214f,0.9518f,0.0149f,-0.3064f,-0.2529f,-0.3036f,-0.0962f,-0.9479f,0.4164f,0f,0f,0f,1f],start_interpolation: 0,interpolation_duration: 2}
$data merge entity $(bone_akm1) {transformation: [-0.0436f,0.9952f,-0.0871f,-0.1196f,0.9518f,0.0149f,-0.3064f,-0.2467f,-0.3036f,-0.0962f,-0.9479f,0.4356f,0f,0f,0f,1f],start_interpolation: 0,interpolation_duration: 2}
$data merge entity $(bone_right_arm) {transformation: [-0.0436f,-0.0871f,-0.9952f,-0.2548f,0.9518f,-0.3064f,-0.0149f,-0.4182f,-0.3036f,-0.9479f,0.0962f,-0.1235f,0f,0f,0f,1f],start_interpolation: 0,interpolation_duration: 2}
$data merge entity $(bone_magazine2) {transformation: [0f,0f,0f,-0.0163f,0f,0f,0f,-0.1586f,0f,0f,0f,0.3288f,0f,0f,0f,1f],start_interpolation: 0,interpolation_duration: 2}
$data merge entity $(bone_forearm) {transformation: [-0.9739f,0.2271f,0f,0.0304f,-0.069f,-0.296f,-0.9527f,-0.287f,-0.2163f,-0.9278f,0.3039f,0.0151f,0f,0f,0f,1f],start_interpolation: 0,interpolation_duration: 2}
$data merge entity $(bone_bicep) {transformation: [-0.9739f,0.2271f,0f,0.1287f,-0.069f,-0.296f,-0.9527f,-0.4068f,-0.2163f,-0.9278f,0.3039f,-0.3605f,0f,0f,0f,1f],start_interpolation: 0,interpolation_duration: 2}
data modify entity @s data merge value {"cameras":{},"locators":{"akm":{"px":-0.03997162331213974,"py":-0.09933984615321886,"pz":0.8862140191205714,"ry":354.75173645960695,"rx":-17.84064005631552}}}