# This file was generated by Animated Java via MC-Build. It is not recommended to edit this file directly.
$data merge entity $(bone_magazine) {transformation: [-0.0436f,0.9952f,-0.0871f,-0.0811f,0.9518f,0.0149f,-0.3064f,-0.1605f,-0.3036f,-0.0962f,-0.9479f,0.4107f,0f,0f,0f,1f],start_interpolation: 0,interpolation_duration: 2}
$data merge entity $(bone_chamber) {transformation: [-0.0436f,0.9952f,-0.0871f,-0.0276f,0.9518f,0.0149f,-0.3064f,-0.1087f,-0.3036f,-0.0962f,-0.9479f,0.5654f,0f,0f,0f,1f],start_interpolation: 0,interpolation_duration: 2}
$data merge entity $(bone_akm1) {transformation: [-0.0436f,0.9952f,-0.0871f,-0.0259f,0.9518f,0.0149f,-0.3064f,-0.1025f,-0.3036f,-0.0962f,-0.9479f,0.5847f,0f,0f,0f,1f],start_interpolation: 0,interpolation_duration: 2}
$data merge entity $(bone_right_arm) {transformation: [-0.0436f,-0.0871f,-0.9952f,-0.1611f,0.9518f,-0.3064f,-0.0149f,-0.2739f,-0.3036f,-0.9479f,0.0962f,0.0255f,0f,0f,0f,1f],start_interpolation: 0,interpolation_duration: 2}
$data merge entity $(bone_magazine2) {transformation: [0f,0f,0f,0.2088f,0f,0f,0f,-0.0146f,0f,0f,0f,0.4769f,0f,0f,0f,1f],start_interpolation: 0,interpolation_duration: 2}
$data merge entity $(bone_forearm) {transformation: [-0.9621f,0.2726f,0f,0.2834f,-0.0828f,-0.2924f,-0.9527f,-0.1412f,-0.2597f,-0.9166f,0.3039f,0.1689f,0f,0f,0f,1f],start_interpolation: 0,interpolation_duration: 2}
data modify entity @s data merge value {"cameras":{},"locators":{"akm":{"px":0.05377837668786026,"py":0.04489092307755041,"pz":1.0352524806590329,"ry":354.75173645960695,"rx":-17.84064005631552}}}