# This file was generated by Animated Java via MC-Build. It is not recommended to edit this file directly.
$data merge entity $(bone_magazine) {transformation: [-0.0436f,0.9952f,-0.0871f,-0.0907f,0.9497f,0.0143f,-0.3127f,-0.187f,-0.31f,-0.0963f,-0.9458f,0.2081f,0f,0f,0f,1f],start_interpolation: 0,interpolation_duration: 2}
$data merge entity $(bone_chamber) {transformation: [-0.0436f,0.9952f,-0.0871f,-0.0408f,0.9497f,0.0143f,-0.3127f,-0.1468f,-0.31f,-0.0963f,-0.9458f,0.324f,0f,0f,0f,1f],start_interpolation: 0,interpolation_duration: 2}
$data merge entity $(bone_akm1) {transformation: [-0.0436f,0.9952f,-0.0871f,-0.0355f,0.9497f,0.0143f,-0.3127f,-0.1278f,-0.31f,-0.0963f,-0.9458f,0.3817f,0f,0f,0f,1f],start_interpolation: 0,interpolation_duration: 2}
$data merge entity $(bone_right_arm) {transformation: [-0.0436f,-0.0871f,-0.9952f,-0.1707f,0.9497f,-0.3127f,-0.0143f,-0.303f,-0.31f,-0.9458f,0.0963f,-0.1763f,0f,0f,0f,1f],start_interpolation: 0,interpolation_duration: 2}
$data merge entity $(bone_magazine2) {transformation: [0f,0f,0f,0.1571f,0f,0f,0f,-0.0446f,0f,0f,0f,0.251f,0f,0f,0f,1f],start_interpolation: 0,interpolation_duration: 2}
$data merge entity $(bone_forearm) {transformation: [-0.8438f,0.5366f,0f,0.3235f,-0.1665f,-0.2618f,-0.9506f,-0.1624f,-0.5101f,-0.8022f,0.3103f,-0.0226f,0f,0f,0f,1f],start_interpolation: 0,interpolation_duration: 2}
data modify entity @s data merge value {"cameras":{},"locators":{"akm":{"px":0.04416299207247562,"py":0.022616057924272515,"pz":0.8312309754581924,"ry":354.740271014585,"rx":-18.223639509947247}}}