# This file was generated by Animated Java via MC-Build. It is not recommended to edit this file directly.
$data merge entity $(bone_magazine) {transformation: [-0.2482f,0.9649f,-0.0855f,-0.1694f,0.9215f,0.2079f,-0.328f,-0.4724f,-0.2987f,-0.1602f,-0.9408f,0.1622f,0f,0f,0f,1f],start_interpolation: 0,interpolation_duration: 2}
$data merge entity $(bone_chamber) {transformation: [-0.2482f,0.9649f,-0.0855f,-0.1226f,0.9215f,0.2079f,-0.328f,-0.4294f,-0.2987f,-0.1602f,-0.9408f,0.2559f,0f,0f,0f,1f],start_interpolation: 0,interpolation_duration: 2}
$data merge entity $(bone_akm1) {transformation: [-0.2482f,0.9649f,-0.0855f,-0.1157f,0.9215f,0.2079f,-0.328f,-0.4028f,-0.2987f,-0.1602f,-0.9408f,0.3324f,0f,0f,0f,1f],start_interpolation: 0,interpolation_duration: 2}
$data merge entity $(bone_magazine2) {transformation: [0f,0f,0f,-0.1767f,0f,0f,0f,-0.5339f,0f,0f,0f,0.1461f,0f,0f,0f,1f],start_interpolation: 0,interpolation_duration: 2}
$data merge entity $(bone_right_arm) {transformation: [-0.2482f,-0.0855f,-0.9649f,-0.25f,0.9215f,-0.328f,-0.2079f,-0.6035f,-0.2987f,-0.9408f,0.1602f,-0.2172f,0f,0f,0f,1f],start_interpolation: 0,interpolation_duration: 2}
$data merge entity $(bone_forearm) {transformation: [-0.7573f,0.653f,0f,0.1733f,-0.2047f,-0.2374f,-0.9496f,-0.4762f,-0.6201f,-0.7192f,0.3135f,-0.1105f,0f,0f,0f,1f],start_interpolation: 0,interpolation_duration: 2}
$data merge entity $(bone_magazine1) {transformation: [0f,0f,0f,-0.1655f,0f,0f,0f,-0.2433f,0f,0f,0f,0.3293f,0f,0f,0f,1f],start_interpolation: 0,interpolation_duration: 2}
$data merge entity $(bone_chamber1) {transformation: [0f,0f,0f,-0.1655f,0f,0f,0f,-0.2433f,0f,0f,0f,0.3293f,0f,0f,0f,1f],start_interpolation: 0,interpolation_duration: 2}
$data merge entity $(bone_akm3) {transformation: [0f,0f,0f,-0.1655f,0f,0f,0f,-0.2433f,0f,0f,0f,0.3293f,0f,0f,0f,1f],start_interpolation: 0,interpolation_duration: 2}
data modify entity @s data merge value {"cameras":{},"locators":{"akm":{"px":-0.03798433678465163,"py":-0.23770378940558212,"pz":0.7770939290806835,"ry":354.80775412345645,"rx":-19.147443502140444},"akm2":{"px":-0.16550216285870134,"py":-0.2432595786973946,"pz":0.3293312688585147,"ry":31.29947534825891,"rx":-15.752583577062211}}}