# This file was generated by Animated Java via MC-Build. It is not recommended to edit this file directly.
$data merge entity $(bone_magazine) {transformation: [-0.2482f,0.9649f,-0.0855f,-0.0949f,0.9215f,0.2079f,-0.328f,-0.4508f,-0.2987f,-0.1602f,-0.9408f,0.6935f,0f,0f,0f,1f],start_interpolation: 0,interpolation_duration: 2}
$data merge entity $(bone_chamber) {transformation: [-0.2482f,0.9649f,-0.0855f,-0.0481f,0.9215f,0.2079f,-0.328f,-0.4078f,-0.2987f,-0.1602f,-0.9408f,0.7872f,0f,0f,0f,1f],start_interpolation: 0,interpolation_duration: 2}
$data merge entity $(bone_akm1) {transformation: [-0.2482f,0.9649f,-0.0855f,-0.0412f,0.9215f,0.2079f,-0.328f,-0.3812f,-0.2987f,-0.1602f,-0.9408f,0.8636f,0f,0f,0f,1f],start_interpolation: 0,interpolation_duration: 2}
$data merge entity $(bone_right_arm) {transformation: [-0.2482f,-0.0855f,-0.9649f,-0.1755f,0.9215f,-0.328f,-0.2079f,-0.5819f,-0.2987f,-0.9408f,0.1602f,0.3141f,0f,0f,0f,1f],start_interpolation: 0,interpolation_duration: 2}
$data merge entity $(bone_magazine2) {transformation: [0f,0f,0f,0.0478f,0f,0f,0f,-0.3308f,0f,0f,0f,0.7093f,0f,0f,0f,1f],start_interpolation: 0,interpolation_duration: 2}
$data merge entity $(bone_forearm) {transformation: [-0.866f,0.5f,0f,0.1906f,-0.1567f,-0.2715f,-0.9496f,-0.4536f,-0.4748f,-0.8224f,0.3135f,0.4236f,0f,0f,0f,1f],start_interpolation: 0,interpolation_duration: 2}
$data merge entity $(bone_bicep) {transformation: [-0.866f,0.5f,0f,0.3991f,-0.1567f,-0.2715f,-0.9496f,-0.5629f,-0.4748f,-0.8224f,0.3135f,0.0925f,0f,0f,0f,1f],start_interpolation: 0,interpolation_duration: 2}
data modify entity @s data merge value {"cameras":{},"locators":{"akm":{"px":0.03653489398457917,"py":-0.21606917402096668,"pz":1.3083439290806835,"ry":354.80775412345645,"rx":-19.147443502140444}}}