# This file was generated by Animated Java via MC-Build. It is not recommended to edit this file directly.
$data merge entity $(bone_magazine) {transformation: [-0.7268f,-0.6777f,-0.1115f,-0.2255f,-0.6821f,0.7312f,0.0018f,-0.5641f,0.0803f,0.0774f,-0.9938f,0.1898f,0f,0f,0f,1f],start_interpolation: 0,interpolation_duration: 2}
$data merge entity $(bone_chamber) {transformation: [-0.7268f,-0.6777f,-0.1115f,-0.2311f,-0.6821f,0.7312f,0.0018f,-0.5359f,0.0803f,0.0774f,-0.9938f,0.3792f,0f,0f,0f,1f],start_interpolation: 0,interpolation_duration: 2}
$data merge entity $(bone_akm1) {transformation: [-0.7268f,-0.6777f,-0.1115f,-0.2311f,-0.6821f,0.7312f,0.0018f,-0.5359f,0.0803f,0.0774f,-0.9938f,0.3792f,0f,0f,0f,1f],start_interpolation: 0,interpolation_duration: 2}
$data merge entity $(bone_magazine2) {transformation: [0f,0f,0f,-0.2072f,0f,0f,0f,-0.5439f,0f,0f,0f,0.139f,0f,0f,0f,1f],start_interpolation: 0,interpolation_duration: 2}
$data merge entity $(bone_right_arm) {transformation: [-0.7268f,-0.1115f,0.6777f,-0.25f,-0.6821f,0.0018f,-0.7312f,-0.6043f,0.0803f,-0.9938f,-0.0774f,-0.2169f,0f,0f,0f,1f],start_interpolation: 0,interpolation_duration: 2}
$data merge entity $(bone_forearm) {transformation: [-0.6658f,0.5357f,0.5194f,0.0904f,-0.7451f,-0.4401f,-0.5012f,-0.9115f,-0.0399f,-0.7207f,0.6921f,0.2079f,0f,0f,0f,1f],start_interpolation: 0,interpolation_duration: 2}
$data merge entity $(bone_magazine1) {transformation: [0f,0f,0f,0.0071f,0f,0f,0f,-0.9069f,0f,0f,0f,0.7871f,0f,0f,0f,1f],start_interpolation: 0,interpolation_duration: 2}
$data merge entity $(bone_chamber1) {transformation: [0f,0f,0f,0.0071f,0f,0f,0f,-0.9069f,0f,0f,0f,0.7871f,0f,0f,0f,1f],start_interpolation: 0,interpolation_duration: 2}
$data merge entity $(bone_akm3) {transformation: [0f,0f,0f,0.0071f,0f,0f,0f,-0.9069f,0f,0f,0f,0.7871f,0f,0f,0f,1f],start_interpolation: 0,interpolation_duration: 2}
data modify entity @s data merge value {"cameras":{},"locators":{"akm":{"px":-0.2034869874708813,"py":-0.5089315265844027,"pz":0.8583065820729565,"ry":353.59819254638177,"rx":0.10279585878720261},"akm2":{"px":0.007084634760084808,"py":-0.9069162042840068,"pz":0.7871310119290763,"ry":353.325919517341,"rx":-5.853146799197779}}}