# This file was generated by Animated Java via MC-Build. It is not recommended to edit this file directly.
$data merge entity $(bone_magazine) {transformation: [-0.7268f,-0.6777f,-0.1115f,-0.1875f,-0.6821f,0.7312f,0.0018f,-0.217f,0.0803f,0.0774f,-0.9938f,0.6273f,0f,0f,0f,1f],start_interpolation: 0,interpolation_duration: 2}
$data merge entity $(bone_chamber) {transformation: [-0.7268f,-0.6777f,-0.1115f,-0.193f,-0.6821f,0.7312f,0.0018f,-0.1888f,0.0803f,0.0774f,-0.9938f,0.8167f,0f,0f,0f,1f],start_interpolation: 0,interpolation_duration: 2}
$data merge entity $(bone_akm1) {transformation: [-0.7268f,-0.6777f,-0.1115f,-0.193f,-0.6821f,0.7312f,0.0018f,-0.1888f,0.0803f,0.0774f,-0.9938f,0.8167f,0f,0f,0f,1f],start_interpolation: 0,interpolation_duration: 2}
$data merge entity $(bone_right_arm) {transformation: [-0.7268f,-0.1115f,0.6777f,-0.2119f,-0.6821f,0.0018f,-0.7312f,-0.2571f,0.0803f,-0.9938f,-0.0774f,0.2206f,0f,0f,0f,1f],start_interpolation: 0,interpolation_duration: 2}
$data merge entity $(bone_magazine2) {transformation: [0f,0f,0f,-0.0309f,0f,0f,0f,-0.3518f,0f,0f,0f,0.8221f,0f,0f,0f,1f],start_interpolation: 0,interpolation_duration: 2}
$data merge entity $(bone_forearm) {transformation: [-0.6527f,0.4434f,0.6143f,0.1404f,-0.7378f,-0.5563f,-0.3824f,-0.5501f,0.1722f,-0.7028f,0.6902f,0.6216f,0f,0f,0f,1f],start_interpolation: 0,interpolation_duration: 2}
data modify entity @s data merge value {"cameras":{},"locators":{"akm":{"px":-0.1654188056526995,"py":-0.16177243567531177,"pz":1.2958065820729565,"ry":353.59819254638177,"rx":0.10279585878720261}}}