# This file was generated by Animated Java via MC-Build. It is not recommended to edit this file directly.
$data merge entity $(bone_magazine) {transformation: [-0.4418f,0.8932f,-0.0832f,-0.1951f,0.8566f,0.3925f,-0.3348f,-0.2853f,-0.2664f,-0.2193f,-0.9386f,0.2521f,0f,0f,0f,1f],start_interpolation: 0,interpolation_duration: 2}
$data merge entity $(bone_chamber) {transformation: [-0.4418f,0.8932f,-0.0832f,-0.1497f,0.8566f,0.3925f,-0.3348f,-0.2276f,-0.2664f,-0.2193f,-0.9386f,0.3623f,0f,0f,0f,1f],start_interpolation: 0,interpolation_duration: 2}
$data merge entity $(bone_akm1) {transformation: [-0.4418f,0.8932f,-0.0832f,-0.1446f,0.8566f,0.3925f,-0.3348f,-0.2072f,-0.2664f,-0.2193f,-0.9386f,0.4195f,0f,0f,0f,1f],start_interpolation: 0,interpolation_duration: 2}
$data merge entity $(bone_right_arm) {transformation: [-0.4418f,-0.0832f,-0.8932f,-0.274f,0.8566f,-0.3348f,-0.3925f,-0.4282f,-0.2664f,-0.9386f,0.2193f,-0.1234f,0f,0f,0f,1f],start_interpolation: 0,interpolation_duration: 2}
$data merge entity $(bone_magazine2) {transformation: [0f,0f,0f,-0.0333f,0f,0f,0f,-0.2279f,0f,0f,0f,0.3463f,0f,0f,0f,1f],start_interpolation: 0,interpolation_duration: 2}
$data merge entity $(bone_forearm) {transformation: [-0.9103f,0.4073f,-0.0744f,0.0746f,0.0027f,-0.1739f,-0.9848f,-0.3135f,-0.414f,-0.8966f,0.1572f,0.0331f,0f,0f,0f,1f],start_interpolation: 0,interpolation_duration: 2}
$data merge entity $(bone_bicep) {transformation: [-0.9103f,0.4073f,-0.0744f,0.2458f,0.0027f,-0.1739f,-0.9848f,-0.3842f,-0.414f,-0.8966f,0.1572f,-0.3286f,0f,0f,0f,1f],start_interpolation: 0,interpolation_duration: 2}
data modify entity @s data merge value {"cameras":{},"locators":{"akm":{"px":-0.07071372334695128,"py":-0.031764095121649405,"pz":0.8609288260039293,"ry":354.931361594529,"rx":-19.56276018424953}}}