# This file was generated by Animated Java via MC-Build. It is not recommended to edit this file directly.
$data merge entity $(bone_magazine) {transformation: [-0.6161f,0.7833f,-0.083f,-0.109f,0.7578f,0.5607f,-0.3336f,-0.0921f,-0.2148f,-0.2684f,-0.939f,0.5932f,0f,0f,0f,1f],start_interpolation: 0,interpolation_duration: 2}
$data merge entity $(bone_chamber) {transformation: [-0.6161f,0.7833f,-0.083f,-0.0662f,0.7578f,0.5607f,-0.3336f,-0.0212f,-0.2148f,-0.2684f,-0.939f,0.7207f,0f,0f,0f,1f],start_interpolation: 0,interpolation_duration: 2}
$data merge entity $(bone_akm1) {transformation: [-0.6161f,0.7833f,-0.083f,-0.0628f,0.7578f,0.5607f,-0.3336f,-0.0076f,-0.2148f,-0.2684f,-0.939f,0.7588f,0f,0f,0f,1f],start_interpolation: 0,interpolation_duration: 2}
$data merge entity $(bone_right_arm) {transformation: [-0.6161f,-0.083f,-0.7833f,-0.1851f,0.7578f,-0.3336f,-0.5607f,-0.2432f,-0.2148f,-0.939f,0.2684f,0.2204f,0f,0f,0f,1f],start_interpolation: 0,interpolation_duration: 2}
$data merge entity $(bone_magazine2) {transformation: [0f,0f,0f,0.0645f,0f,0f,0f,-0.0953f,0f,0f,0f,0.752f,0f,0f,0f,1f],start_interpolation: 0,interpolation_duration: 2}
$data merge entity $(bone_forearm) {transformation: [-0.9241f,0.3378f,-0.1785f,0.1456f,0.163f,-0.0741f,-0.9838f,-0.142f,-0.3455f,-0.9383f,0.0134f,0.4228f,0f,0f,0f,1f],start_interpolation: 0,interpolation_duration: 2}
data modify entity @s data merge value {"cameras":{},"locators":{"akm":{"px":0.006778133803064287,"py":0.17359597551393202,"pz":1.1985804843199865,"ry":354.949887333275,"rx":-19.489979210451953}}}