# This file was generated by Animated Java via MC-Build. It is not recommended to edit this file directly.
$data merge entity $(bone_magazine) {transformation: [-0.6161f,0.7833f,-0.083f,-0.109f,0.7578f,0.5607f,-0.3336f,-0.4358f,-0.2148f,-0.2684f,-0.939f,0.687f,0f,0f,0f,1f],start_interpolation: 0,interpolation_duration: 2}
$data merge entity $(bone_chamber) {transformation: [-0.6161f,0.7833f,-0.083f,-0.0662f,0.7578f,0.5607f,-0.3336f,-0.3649f,-0.2148f,-0.2684f,-0.939f,0.8144f,0f,0f,0f,1f],start_interpolation: 0,interpolation_duration: 2}
$data merge entity $(bone_akm1) {transformation: [-0.6161f,0.7833f,-0.083f,-0.0628f,0.7578f,0.5607f,-0.3336f,-0.3514f,-0.2148f,-0.2684f,-0.939f,0.8526f,0f,0f,0f,1f],start_interpolation: 0,interpolation_duration: 2}
$data merge entity $(bone_right_arm) {transformation: [-0.6161f,-0.083f,-0.7833f,-0.1851f,0.7578f,-0.3336f,-0.5607f,-0.5869f,-0.2148f,-0.939f,0.2684f,0.3141f,0f,0f,0f,1f],start_interpolation: 0,interpolation_duration: 2}
$data merge entity $(bone_magazine2) {transformation: [0f,0f,0f,0.0645f,0f,0f,0f,-0.439f,0f,0f,0f,0.8457f,0f,0f,0f,1f],start_interpolation: 0,interpolation_duration: 2}
$data merge entity $(bone_forearm) {transformation: [-0.9241f,0.3378f,-0.1785f,0.1456f,0.163f,-0.0741f,-0.9838f,-0.4857f,-0.3455f,-0.9383f,0.0134f,0.5166f,0f,0f,0f,1f],start_interpolation: 0,interpolation_duration: 2}
$data merge entity $(bone_bicep) {transformation: [-0.9241f,0.3378f,-0.1785f,0.2886f,0.163f,-0.0741f,-0.9838f,-0.5168f,-0.3455f,-0.9383f,0.0134f,0.1376f,0f,0f,0f,1f],start_interpolation: 0,interpolation_duration: 2}
data modify entity @s data merge value {"cameras":{},"locators":{"akm":{"px":0.006778133803064232,"py":-0.17015402448606792,"pz":1.2923304843199865,"ry":354.949887333275,"rx":-19.489979210451953}}}