# This file was generated by Animated Java via MC-Build. It is not recommended to edit this file directly.
$data merge entity $(bone_magazine) {transformation: [-0.6161f,0.7833f,-0.083f,-0.109f,0.7578f,0.5607f,-0.3336f,-0.1955f,-0.2148f,-0.2684f,-0.939f,0.175f,0f,0f,0f,1f],start_interpolation: 0,interpolation_duration: 2}
$data merge entity $(bone_chamber) {transformation: [-0.6161f,0.7833f,-0.083f,-0.0662f,0.7578f,0.5607f,-0.3336f,-0.1246f,-0.2148f,-0.2684f,-0.939f,0.3024f,0f,0f,0f,1f],start_interpolation: 0,interpolation_duration: 2}
$data merge entity $(bone_akm1) {transformation: [-0.6161f,0.7833f,-0.083f,-0.0628f,0.7578f,0.5607f,-0.3336f,-0.111f,-0.2148f,-0.2684f,-0.939f,0.3406f,0f,0f,0f,1f],start_interpolation: 0,interpolation_duration: 2}
$data merge entity $(bone_right_arm) {transformation: [-0.6161f,-0.083f,-0.7833f,-0.1851f,0.7578f,-0.3336f,-0.5607f,-0.3465f,-0.2148f,-0.939f,0.2684f,-0.1979f,0f,0f,0f,1f],start_interpolation: 0,interpolation_duration: 2}
$data merge entity $(bone_magazine2) {transformation: [0f,0f,0f,0.1227f,0f,0f,0f,-0.2095f,0f,0f,0f,0.3135f,0f,0f,0f,1f],start_interpolation: 0,interpolation_duration: 2}
$data merge entity $(bone_forearm) {transformation: [-0.7937f,0.5816f,-0.1785f,0.3005f,0.1359f,-0.1165f,-0.9838f,-0.2731f,-0.593f,-0.8051f,0.0134f,0.0292f,0f,0f,0f,1f],start_interpolation: 0,interpolation_duration: 2}
data modify entity @s data merge value {"cameras":{},"locators":{"akm":{"px":0.006778133803064315,"py":0.07023059089854744,"pz":0.7803112535507558,"ry":354.949887333275,"rx":-19.489979210451953}}}