# This file was generated by Animated Java via MC-Build. It is not recommended to edit this file directly.
$data merge entity $(bone_magazine) {transformation: [-0.7632f,0.6402f,-0.0871f,-0.1166f,0.6292f,0.7058f,-0.3254f,-0.2991f,-0.1469f,-0.3031f,-0.9416f,0.5414f,0f,0f,0f,1f],start_interpolation: 0,interpolation_duration: 2}
$data merge entity $(bone_chamber) {transformation: [-0.7632f,0.6402f,-0.0871f,-0.077f,0.6292f,0.7058f,-0.3254f,-0.2171f,-0.1469f,-0.3031f,-0.9416f,0.687f,0f,0f,0f,1f],start_interpolation: 0,interpolation_duration: 2}
$data merge entity $(bone_akm1) {transformation: [-0.7632f,0.6402f,-0.0871f,-0.0753f,0.6292f,0.7058f,-0.3254f,-0.2105f,-0.1469f,-0.3031f,-0.9416f,0.7061f,0f,0f,0f,1f],start_interpolation: 0,interpolation_duration: 2}
$data merge entity $(bone_right_arm) {transformation: [-0.7632f,-0.0871f,-0.6402f,-0.1899f,0.6292f,-0.3254f,-0.7058f,-0.4548f,-0.1469f,-0.9416f,0.3031f,0.1699f,0f,0f,0f,1f],start_interpolation: 0,interpolation_duration: 2}
$data merge entity $(bone_magazine2) {transformation: [0f,0f,0f,0.1004f,0f,0f,0f,-0.3666f,0f,0f,0f,0.7213f,0f,0f,0f,1f],start_interpolation: 0,interpolation_duration: 2}
$data merge entity $(bone_forearm) {transformation: [-0.7621f,0.5737f,-0.3002f,0.2729f,0.3081f,-0.0865f,-0.9474f,-0.4159f,-0.5695f,-0.8145f,-0.1108f,0.4309f,0f,0f,0f,1f],start_interpolation: 0,interpolation_duration: 2}
data modify entity @s data merge value {"cameras":{},"locators":{"akm":{"px":-0.009170152800692291,"py":-0.027662668060783546,"pz":1.1457752332123952,"ry":354.7164767956628,"rx":-18.989616792621074}}}