# This file was generated by Animated Java via MC-Build. It is not recommended to edit this file directly.
$data merge entity $(bone_magazine) {transformation: [-0.7632f,0.6402f,-0.0871f,-0.1767f,0.6292f,0.7058f,-0.3254f,-0.4481f,-0.1469f,-0.3031f,-0.9416f,0.1544f,0f,0f,0f,1f],start_interpolation: 0,interpolation_duration: 2}
$data merge entity $(bone_chamber) {transformation: [-0.7632f,0.6402f,-0.0871f,-0.1371f,0.6292f,0.7058f,-0.3254f,-0.3661f,-0.1469f,-0.3031f,-0.9416f,0.3f,0f,0f,0f,1f],start_interpolation: 0,interpolation_duration: 2}
$data merge entity $(bone_akm1) {transformation: [-0.7632f,0.6402f,-0.0871f,-0.1354f,0.6292f,0.7058f,-0.3254f,-0.3595f,-0.1469f,-0.3031f,-0.9416f,0.3191f,0f,0f,0f,1f],start_interpolation: 0,interpolation_duration: 2}
$data merge entity $(bone_magazine2) {transformation: [0f,0f,0f,-0.1527f,0f,0f,0f,-0.5034f,0f,0f,0f,0.1331f,0f,0f,0f,1f],start_interpolation: 0,interpolation_duration: 2}
$data merge entity $(bone_right_arm) {transformation: [-0.7632f,-0.0871f,-0.6402f,-0.25f,0.6292f,-0.3254f,-0.7058f,-0.6038f,-0.1469f,-0.9416f,0.3031f,-0.2171f,0f,0f,0f,1f],start_interpolation: 0,interpolation_duration: 2}
$data merge entity $(bone_forearm) {transformation: [-0.7621f,0.5737f,-0.3002f,0.1474f,0.3081f,-0.0865f,-0.9474f,-0.5419f,-0.5695f,-0.8145f,-0.1108f,0.024f,0f,0f,0f,1f],start_interpolation: 0,interpolation_duration: 2}
$data merge entity $(bone_magazine1) {transformation: [0f,0f,0f,-0.0803f,0f,0f,0f,-0.4465f,0f,0f,0f,0.5775f,0f,0f,0f,1f],start_interpolation: 0,interpolation_duration: 2}
$data merge entity $(bone_chamber1) {transformation: [0f,0f,0f,-0.0803f,0f,0f,0f,-0.4465f,0f,0f,0f,0.5775f,0f,0f,0f,1f],start_interpolation: 0,interpolation_duration: 2}
$data merge entity $(bone_akm3) {transformation: [0f,0f,0f,-0.0803f,0f,0f,0f,-0.4465f,0f,0f,0f,0.5775f,0f,0f,0f,1f],start_interpolation: 0,interpolation_duration: 2}
data modify entity @s data merge value {"cameras":{},"locators":{"akm":{"px":-0.06926630664684609,"py":-0.1767011295992451,"pz":0.7587560024431643,"ry":354.7164767956628,"rx":-18.989616792621074},"akm2":{"px":-0.08025807850865062,"py":-0.446525970337535,"pz":0.5775189614948425,"ry":17.267214110412823,"rx":1.010544439386135}}}