# This file was generated by Animated Java via MC-Build. It is not recommended to edit this file directly.
$data merge entity $(magazine) {transformation: [-0.8403f,0.5393f,-0.0558f,-0.1377f,0.5313f,0.7986f,-0.2828f,-0.1044f,-0.108f,-0.2673f,-0.9576f,0.5996f,0f,0f,0f,1f],start_interpolation: 0,interpolation_duration: 2}
$data merge entity $(chamber) {transformation: [-0.8403f,0.5393f,-0.0558f,-0.1061f,0.5313f,0.7986f,-0.2828f,-0.0202f,-0.108f,-0.2673f,-0.9576f,0.7687f,0f,0f,0f,1f],start_interpolation: 0,interpolation_duration: 2}
$data merge entity $(akm1) {transformation: [-0.8403f,0.5393f,-0.0558f,-0.1061f,0.5313f,0.7986f,-0.2828f,-0.0202f,-0.108f,-0.2673f,-0.9576f,0.7687f,0f,0f,0f,1f],start_interpolation: 0,interpolation_duration: 2}
$data merge entity $(right_arm) {transformation: [-0.8403f,-0.0558f,-0.5393f,-0.1947f,0.5313f,-0.2828f,-0.7986f,-0.2482f,-0.108f,-0.9576f,0.2673f,0.2205f,0f,0f,0f,1f],start_interpolation: 0,interpolation_duration: 2}
$data merge entity $(magazine2) {transformation: [0f,0f,0f,0.039f,0f,0f,0f,-0.194f,0f,0f,0f,0.8494f,0f,0f,0f,1f],start_interpolation: 0,interpolation_duration: 2}
$data merge entity $(forearm) {transformation: [-0.8583f,0.2853f,-0.4266f,0.0975f,0.4675f,0.0919f,-0.8792f,-0.1719f,-0.2116f,-0.954f,-0.2123f,0.513f,0f,0f,0f,1f],start_interpolation: 0,interpolation_duration: 2}
data modify entity @s data merge value {"cameras":{},"locators":{"akm":{"px":-0.058871800733952054,"py":0.14573455807970462,"pz":1.2173269093819385,"ry":356.6665581962702,"rx":-16.428019637317803}}}