# This file was generated by Animated Java via MC-Build. It is not recommended to edit this file directly.
$data merge entity $(bone_magazine) {transformation: [-0.8403f,0.5393f,-0.0558f,-0.1377f,0.5313f,0.7986f,-0.2828f,-0.4482f,-0.108f,-0.2673f,-0.9576f,0.2558f,0f,0f,0f,1f],start_interpolation: 0,interpolation_duration: 2}
$data merge entity $(bone_chamber) {transformation: [-0.8403f,0.5393f,-0.0558f,-0.1061f,0.5313f,0.7986f,-0.2828f,-0.364f,-0.108f,-0.2673f,-0.9576f,0.4249f,0f,0f,0f,1f],start_interpolation: 0,interpolation_duration: 2}
$data merge entity $(bone_akm1) {transformation: [-0.8403f,0.5393f,-0.0558f,-0.1061f,0.5313f,0.7986f,-0.2828f,-0.364f,-0.108f,-0.2673f,-0.9576f,0.4249f,0f,0f,0f,1f],start_interpolation: 0,interpolation_duration: 2}
$data merge entity $(bone_right_arm) {transformation: [-0.8403f,-0.0558f,-0.5393f,-0.1947f,0.5313f,-0.2828f,-0.7986f,-0.5919f,-0.108f,-0.9576f,0.2673f,-0.1233f,0f,0f,0f,1f],start_interpolation: 0,interpolation_duration: 2}
$data merge entity $(bone_magazine2) {transformation: [0f,0f,0f,0.039f,0f,0f,0f,-0.5377f,0f,0f,0f,0.5056f,0f,0f,0f,1f],start_interpolation: 0,interpolation_duration: 2}
$data merge entity $(bone_forearm) {transformation: [-0.8583f,0.2853f,-0.4266f,0.0975f,0.4675f,0.0919f,-0.8792f,-0.5157f,-0.2116f,-0.954f,-0.2123f,0.1692f,0f,0f,0f,1f],start_interpolation: 0,interpolation_duration: 2}
$data merge entity $(bone_bicep) {transformation: [-0.8583f,0.2853f,-0.4266f,0.2188f,0.4675f,0.0919f,-0.8792f,-0.4813f,-0.2116f,-0.954f,-0.2123f,-0.217f,0f,0f,0f,1f],start_interpolation: 0,interpolation_duration: 2}
data modify entity @s data merge value {"cameras":{},"locators":{"akm":{"px":-0.05887180073395196,"py":-0.19801544192029522,"pz":0.8735769093819387,"ry":356.6665581962702,"rx":-16.428019637317803}}}