# This file was generated by Animated Java via MC-Build. It is not recommended to edit this file directly.
$data merge entity $(bone_magazine) {transformation: [-0.903f,0.4281f,-0.0375f,-0.2045f,0.4246f,0.8752f,-0.232f,-0.4762f,-0.0665f,-0.2254f,-0.972f,0.263f,0f,0f,0f,1f],start_interpolation: 0,interpolation_duration: 0}
$data merge entity $(bone_chamber) {transformation: [-0.903f,0.4281f,-0.0375f,-0.1807f,0.4246f,0.8752f,-0.232f,-0.3985f,-0.0665f,-0.2254f,-0.972f,0.4365f,0f,0f,0f,1f],start_interpolation: 0,interpolation_duration: 0}
$data merge entity $(bone_akm1) {transformation: [-0.903f,0.4281f,-0.0375f,-0.1807f,0.4246f,0.8752f,-0.232f,-0.3985f,-0.0665f,-0.2254f,-0.972f,0.4365f,0f,0f,0f,1f],start_interpolation: 0,interpolation_duration: 0}
$data merge entity $(bone_magazine2) {transformation: [0f,0f,0f,-0.1681f,0f,0f,0f,-0.5208f,0f,0f,0f,0.2353f,0f,0f,0f,1f],start_interpolation: 0,interpolation_duration: 0}
$data merge entity $(bone_right_arm) {transformation: [-0.903f,-0.0375f,-0.4281f,-0.25f,0.4246f,-0.232f,-0.8752f,-0.604f,-0.0665f,-0.972f,0.2254f,-0.1233f,0f,0f,0f,1f],start_interpolation: 0,interpolation_duration: 0}
$data merge entity $(bone_forearm) {transformation: [-0.5899f,0.5948f,-0.5461f,0.1158f,0.6072f,-0.1189f,-0.7856f,-0.5996f,-0.5322f,-0.795f,-0.291f,0.2015f,0f,0f,0f,1f],start_interpolation: 0,interpolation_duration: 0}
$data merge entity $(bone_magazine1) {transformation: [-0.6926f,0.711f,0.1214f,0.4076f,0.6971f,0.7031f,-0.1403f,-0.3403f,-0.1851f,-0.0126f,-0.9826f,0.2873f,0f,0f,0f,1f],start_interpolation: 0,interpolation_duration: 0}
$data merge entity $(bone_chamber1) {transformation: [-0.7821f,0.5461f,0.3003f,-0.1017f,0.6025f,0.7856f,0.1408f,-0.5526f,-0.159f,0.291f,-0.9434f,0.7693f,0f,0f,0f,1f],start_interpolation: 0,interpolation_duration: 0}
$data merge entity $(bone_akm3) {transformation: [-0.7821f,0.5461f,0.3003f,-0.1017f,0.6025f,0.7856f,0.1408f,-0.5526f,-0.159f,0.291f,-0.9434f,0.7693f,0f,0f,0f,1f],start_interpolation: 0,interpolation_duration: 0}
data modify entity @s data merge value {"cameras":{},"locators":{"akm":{"px":-0.14645977954501674,"py":-0.2540331874537481,"pz":0.893667719957905,"ry":357.7890124615825,"rx":-13.415883289688514},"akm2":{"px":-0.2248477381468038,"py":-0.5901494107721587,"pz":1.2324190968152584,"ry":17.656493813360356,"rx":8.09146845804755}}}