# This file was generated by Animated Java via MC-Build. It is not recommended to edit this file directly.
$data merge entity $(bone_magazine) {transformation: [-0.903f,0.4281f,-0.0375f,-0.154f,0.4246f,0.8752f,-0.232f,-0.2479f,-0.0665f,-0.2254f,-0.972f,0.263f,0f,0f,0f,1f],start_interpolation: 0,interpolation_duration: 2}
$data merge entity $(bone_chamber) {transformation: [-0.903f,0.4281f,-0.0375f,-0.1303f,0.4246f,0.8752f,-0.232f,-0.1702f,-0.0665f,-0.2254f,-0.972f,0.4365f,0f,0f,0f,1f],start_interpolation: 0,interpolation_duration: 2}
$data merge entity $(bone_akm1) {transformation: [-0.903f,0.4281f,-0.0375f,-0.1303f,0.4246f,0.8752f,-0.232f,-0.1702f,-0.0665f,-0.2254f,-0.972f,0.4365f,0f,0f,0f,1f],start_interpolation: 0,interpolation_duration: 2}
$data merge entity $(bone_right_arm) {transformation: [-0.903f,-0.0375f,-0.4281f,-0.1995f,0.4246f,-0.232f,-0.8752f,-0.3757f,-0.0665f,-0.972f,0.2254f,-0.1233f,0f,0f,0f,1f],start_interpolation: 0,interpolation_duration: 2}
$data merge entity $(bone_magazine2) {transformation: [0f,0f,0f,0.0096f,0f,0f,0f,-0.3558f,0f,0f,0f,0.5471f,0f,0f,0f,1f],start_interpolation: 0,interpolation_duration: 2}
$data merge entity $(bone_forearm) {transformation: [-0.7821f,0.3003f,-0.546f,0.0723f,0.6025f,0.1408f,-0.7856f,-0.3104f,-0.159f,-0.9434f,-0.291f,0.2138f,0f,0f,0f,1f],start_interpolation: 0,interpolation_duration: 2}
$data merge entity $(bone_bicep) {transformation: [-0.7821f,0.3003f,-0.546f,0.1992f,0.6025f,0.1408f,-0.7856f,-0.257f,-0.159f,-0.9434f,-0.291f,-0.1685f,0f,0f,0f,1f],start_interpolation: 0,interpolation_duration: 2}
data modify entity @s data merge value {"cameras":{},"locators":{"akm":{"px":-0.095955758936792,"py":-0.02567578362023315,"pz":0.8936680991371184,"ry":357.7877375671559,"rx":-13.415452636154237}}}