# This file was generated by Animated Java via MC-Build. It is not recommended to edit this file directly.
$data merge entity $(bone_magazine) {transformation: [-0.903f,0.4281f,-0.0375f,-0.2045f,0.4246f,0.8752f,-0.232f,-0.4762f,-0.0665f,-0.2254f,-0.972f,0.1693f,0f,0f,0f,1f],start_interpolation: 0,interpolation_duration: 2}
$data merge entity $(bone_chamber) {transformation: [-0.903f,0.4281f,-0.0375f,-0.1807f,0.4246f,0.8752f,-0.232f,-0.3985f,-0.0665f,-0.2254f,-0.972f,0.3427f,0f,0f,0f,1f],start_interpolation: 0,interpolation_duration: 2}
$data merge entity $(bone_akm1) {transformation: [-0.903f,0.4281f,-0.0375f,-0.1807f,0.4246f,0.8752f,-0.232f,-0.3985f,-0.0665f,-0.2254f,-0.972f,0.3427f,0f,0f,0f,1f],start_interpolation: 0,interpolation_duration: 2}
$data merge entity $(bone_magazine2) {transformation: [0f,0f,0f,-0.1681f,0f,0f,0f,-0.5208f,0f,0f,0f,0.1416f,0f,0f,0f,1f],start_interpolation: 0,interpolation_duration: 2}
$data merge entity $(bone_right_arm) {transformation: [-0.903f,-0.0375f,-0.4281f,-0.25f,0.4246f,-0.232f,-0.8752f,-0.604f,-0.0665f,-0.972f,0.2254f,-0.217f,0f,0f,0f,1f],start_interpolation: 0,interpolation_duration: 2}
$data merge entity $(bone_forearm) {transformation: [-0.5899f,0.5948f,-0.5461f,0.1158f,0.6072f,-0.1189f,-0.7856f,-0.5996f,-0.5322f,-0.795f,-0.291f,0.1078f,0f,0f,0f,1f],start_interpolation: 0,interpolation_duration: 2}
$data merge entity $(bone_magazine1) {transformation: [0f,0f,0f,-0.1017f,0f,0f,0f,-0.5526f,0f,0f,0f,0.6755f,0f,0f,0f,1f],start_interpolation: 0,interpolation_duration: 2}
$data merge entity $(bone_chamber1) {transformation: [0f,0f,0f,-0.1017f,0f,0f,0f,-0.5526f,0f,0f,0f,0.6755f,0f,0f,0f,1f],start_interpolation: 0,interpolation_duration: 2}
$data merge entity $(bone_akm3) {transformation: [0f,0f,0f,-0.1017f,0f,0f,0f,-0.5526f,0f,0f,0f,0.6755f,0f,0f,0f,1f],start_interpolation: 0,interpolation_duration: 2}
data modify entity @s data merge value {"cameras":{},"locators":{"akm":{"px":-0.14645977954501674,"py":-0.2540331874537481,"pz":0.799917719957905,"ry":357.7890124615825,"rx":-13.415883289688514},"akm2":{"px":-0.10174903681783701,"py":-0.552621683369872,"pz":0.6755151084356117,"ry":17.656493813360356,"rx":8.09146845804755}}}