# This file was generated by Animated Java via MC-Build. It is not recommended to edit this file directly.
$data merge entity $(bone_magazine) {transformation: [-0.903f,0.4281f,-0.0375f,-0.154f,0.4246f,0.8752f,-0.232f,-0.356f,-0.0665f,-0.2254f,-0.972f,0.5419f,0f,0f,0f,1f],start_interpolation: 0,interpolation_duration: 2}
$data merge entity $(bone_chamber) {transformation: [-0.903f,0.4281f,-0.0375f,-0.1303f,0.4246f,0.8752f,-0.232f,-0.2784f,-0.0665f,-0.2254f,-0.972f,0.7153f,0f,0f,0f,1f],start_interpolation: 0,interpolation_duration: 2}
$data merge entity $(bone_akm1) {transformation: [-0.903f,0.4281f,-0.0375f,-0.1303f,0.4246f,0.8752f,-0.232f,-0.2784f,-0.0665f,-0.2254f,-0.972f,0.7153f,0f,0f,0f,1f],start_interpolation: 0,interpolation_duration: 2}
$data merge entity $(bone_right_arm) {transformation: [-0.903f,-0.0375f,-0.4281f,-0.1995f,0.4246f,-0.232f,-0.8752f,-0.4839f,-0.0665f,-0.972f,0.2254f,0.1556f,0f,0f,0f,1f],start_interpolation: 0,interpolation_duration: 2}
$data merge entity $(bone_magazine2) {transformation: [0f,0f,0f,0.0277f,0f,0f,0f,-0.4581f,0f,0f,0f,0.7759f,0f,0f,0f,1f],start_interpolation: 0,interpolation_duration: 2}
$data merge entity $(bone_forearm) {transformation: [-0.5899f,0.5948f,-0.5461f,0.2039f,0.6072f,-0.1189f,-0.7856f,-0.5084f,-0.5322f,-0.795f,-0.291f,0.488f,0f,0f,0f,1f],start_interpolation: 0,interpolation_duration: 2}
data modify entity @s data merge value {"cameras":{},"locators":{"akm":{"px":-0.09597901031424758,"py":-0.1338408797614405,"pz":1.1725138738040588,"ry":357.7890124615825,"rx":-13.415883289688514}}}