# This file was generated by Animated Java via MC-Build. It is not recommended to edit this file directly.
$data merge entity $(bone_magazine) {transformation: [-0.9811f,0.1882f,-0.0447f,-0.2112f,0.1922f,0.9744f,-0.1168f,-0.516f,0.0216f,-0.1232f,-0.9922f,0.2747f,0f,0f,0f,1f],start_interpolation: 0,interpolation_duration: 2}
$data merge entity $(bone_chamber) {transformation: [-0.9811f,0.1882f,-0.0447f,-0.1955f,0.1922f,0.9744f,-0.1168f,-0.4561f,0.0216f,-0.1232f,-0.9922f,0.456f,0f,0f,0f,1f],start_interpolation: 0,interpolation_duration: 2}
$data merge entity $(bone_akm1) {transformation: [-0.9811f,0.1882f,-0.0447f,-0.1955f,0.1922f,0.9744f,-0.1168f,-0.4561f,0.0216f,-0.1232f,-0.9922f,0.456f,0f,0f,0f,1f],start_interpolation: 0,interpolation_duration: 2}
$data merge entity $(bone_magazine2) {transformation: [0f,0f,0f,-0.167f,0f,0f,0f,-0.5466f,0f,0f,0f,0.2401f,0f,0f,0f,1f],start_interpolation: 0,interpolation_duration: 2}
$data merge entity $(bone_right_arm) {transformation: [-0.9811f,-0.0447f,-0.1882f,-0.25f,0.1922f,-0.1168f,-0.9744f,-0.6042f,0.0216f,-0.9922f,0.1232f,-0.1232f,0f,0f,0f,1f],start_interpolation: 0,interpolation_duration: 2}
$data merge entity $(bone_forearm) {transformation: [-0.3027f,0.6114f,-0.7311f,0.0664f,0.7815f,-0.2799f,-0.5576f,-0.661f,-0.5456f,-0.7401f,-0.3931f,0.2885f,0f,0f,0f,1f],start_interpolation: 0,interpolation_duration: 2}
$data merge entity $(bone_magazine1) {transformation: [0f,0f,0f,-0.1745f,0f,0f,0f,-0.5913f,0f,0f,0f,0.8495f,0f,0f,0f,1f],start_interpolation: 0,interpolation_duration: 2}
$data merge entity $(bone_chamber1) {transformation: [0f,0f,0f,-0.1745f,0f,0f,0f,-0.5913f,0f,0f,0f,0.8496f,0f,0f,0f,1f],start_interpolation: 0,interpolation_duration: 2}
$data merge entity $(bone_akm3) {transformation: [0f,0f,0f,-0.1745f,0f,0f,0f,-0.5913f,0f,0f,0f,0.8496f,0f,0f,0f,1f],start_interpolation: 0,interpolation_duration: 2}
data modify entity @s data merge value {"cameras":{},"locators":{"akm":{"px":-0.1668835048982797,"py":-0.3629929564687371,"pz":0.9266958359511456,"ry":357.4192361735129,"rx":-6.706375551347641},"akm2":{"px":-0.17447353627293513,"py":-0.5912945091202866,"pz":0.8495547651548554,"ry":22.700944114799256,"rx":8.211744145946598}}}