# This file was generated by Animated Java via MC-Build. It is not recommended to edit this file directly.
$data merge entity $(bone_magazine) {transformation: [-0.9811f,0.1882f,-0.0448f,-0.1703f,0.1922f,0.9744f,-0.1168f,-0.3862f,0.0216f,-0.1232f,-0.9922f,0.5247f,0f,0f,0f,1f],start_interpolation: 0,interpolation_duration: 2}
$data merge entity $(bone_chamber) {transformation: [-0.9811f,0.1882f,-0.0448f,-0.1546f,0.1922f,0.9744f,-0.1168f,-0.3263f,0.0216f,-0.1232f,-0.9922f,0.706f,0f,0f,0f,1f],start_interpolation: 0,interpolation_duration: 2}
$data merge entity $(bone_akm1) {transformation: [-0.9811f,0.1882f,-0.0448f,-0.1546f,0.1922f,0.9744f,-0.1168f,-0.3263f,0.0216f,-0.1232f,-0.9922f,0.706f,0f,0f,0f,1f],start_interpolation: 0,interpolation_duration: 2}
$data merge entity $(bone_right_arm) {transformation: [-0.9811f,-0.0448f,-0.1882f,-0.2091f,0.1922f,-0.1168f,-0.9744f,-0.4744f,0.0216f,-0.9922f,0.1232f,0.1268f,0f,0f,0f,1f],start_interpolation: 0,interpolation_duration: 2}
$data merge entity $(bone_magazine2) {transformation: [0f,0f,0f,-0.0717f,0f,0f,0f,-0.4865f,0f,0f,0f,0.8768f,0f,0f,0f,1f],start_interpolation: 0,interpolation_duration: 2}
$data merge entity $(bone_forearm) {transformation: [-0.5653f,0.3819f,-0.7311f,0.0206f,0.8177f,0.1429f,-0.5576f,-0.4275f,-0.1085f,-0.9131f,-0.3931f,0.5527f,0f,0f,0f,1f],start_interpolation: 0,interpolation_duration: 2}
$data merge entity $(bone_bicep) {transformation: [-0.5653f,0.3819f,-0.7311f,0.1793f,0.8177f,0.1429f,-0.5576f,-0.3746f,-0.1085f,-0.9131f,-0.3931f,0.1824f,0f,0f,0f,1f],start_interpolation: 0,interpolation_duration: 2}
data modify entity @s data merge value {"cameras":{},"locators":{"akm":{"px":-0.1259671851070638,"py":-0.23320293607268877,"pz":1.176695862909726,"ry":357.41653868870543,"rx":-6.705435585567161}}}