# This file was generated by Animated Java via MC-Build. It is not recommended to edit this file directly.
$data merge entity $(bone_magazine) {transformation: [-0.9953f,0.0664f,-0.0709f,-0.2058f,0.0706f,0.9958f,-0.0582f,-0.5375f,0.0667f,-0.0629f,-0.9958f,0.2784f,0f,0f,0f,1f],start_interpolation: 0,interpolation_duration: 1}
$data merge entity $(bone_chamber) {transformation: [-0.9953f,0.0664f,-0.0709f,-0.1899f,0.0706f,0.9958f,-0.0582f,-0.4877f,0.0667f,-0.0629f,-0.9958f,0.4626f,0f,0f,0f,1f],start_interpolation: 0,interpolation_duration: 1}
$data merge entity $(bone_akm1) {transformation: [-0.9953f,0.0664f,-0.0709f,-0.1899f,0.0706f,0.9958f,-0.0582f,-0.4877f,0.0667f,-0.0629f,-0.9958f,0.4626f,0f,0f,0f,1f],start_interpolation: 0,interpolation_duration: 1}
$data merge entity $(bone_magazine2) {transformation: [0f,0f,0f,-0.1597f,0f,0f,0f,-0.5602f,0f,0f,0f,0.2403f,0f,0f,0f,1f],start_interpolation: 0,interpolation_duration: 1}
$data merge entity $(bone_right_arm) {transformation: [-0.9953f,-0.0709f,-0.0664f,-0.25f,0.0706f,-0.0582f,-0.9958f,-0.6043f,0.0667f,-0.9958f,0.0629f,-0.1232f,0f,0f,0f,1f],start_interpolation: 0,interpolation_duration: 1}
$data merge entity $(bone_forearm) {transformation: [-0.1393f,0.5985f,-0.7889f,0.035f,0.8035f,-0.3972f,-0.4433f,-0.6903f,-0.5787f,-0.6957f,-0.4256f,0.336f,0f,0f,0f,1f],start_interpolation: 0,interpolation_duration: 1}
$data merge entity $(bone_magazine1) {transformation: [-0.3147f,0.9361f,0.157f,0.3814f,0.9409f,0.3295f,-0.0785f,-0.5584f,-0.1252f,0.123f,-0.9845f,0.4682f,0f,0f,0f,1f],start_interpolation: 0,interpolation_duration: 1}
$data merge entity $(bone_chamber1) {transformation: [-0.4377f,0.7889f,0.4314f,-0.2188f,0.8915f,0.4433f,0.0937f,-0.5805f,-0.1173f,0.4256f,-0.8973f,0.8878f,0f,0f,0f,1f],start_interpolation: 0,interpolation_duration: 1}
$data merge entity $(bone_akm3) {transformation: [-0.4377f,0.7889f,0.4314f,-0.2188f,0.8915f,0.4433f,0.0937f,-0.5805f,-0.1173f,0.4256f,-0.8973f,0.8878f,0f,0f,0f,1f],start_interpolation: 0,interpolation_duration: 1}
data modify entity @s data merge value {"cameras":{},"locators":{"akm":{"px":-0.1534205266026323,"py":-0.42184956827741804,"pz":0.9373825183903517,"ry":355.929232024828,"rx":-3.336984252958919},"akm2":{"px":-0.39547350054740593,"py":-0.6085215849067557,"pz":1.333949648671553,"ry":25.678351821457795,"rx":5.377279211533503}}}