# This file was generated by Animated Java via MC-Build. It is not recommended to edit this file directly.
$data merge entity $(bone_magazine) {transformation: [-0.9953f,0.0664f,-0.0709f,-0.1697f,0.0706f,0.9958f,-0.0582f,-0.6601f,0.0668f,-0.0629f,-0.9958f,0.6534f,0f,0f,0f,1f],start_interpolation: 0,interpolation_duration: 2}
$data merge entity $(bone_chamber) {transformation: [-0.9953f,0.0664f,-0.0709f,-0.1538f,0.0706f,0.9958f,-0.0582f,-0.6103f,0.0668f,-0.0629f,-0.9958f,0.8376f,0f,0f,0f,1f],start_interpolation: 0,interpolation_duration: 2}
$data merge entity $(bone_akm1) {transformation: [-0.9953f,0.0664f,-0.0709f,-0.1538f,0.0706f,0.9958f,-0.0582f,-0.6103f,0.0668f,-0.0629f,-0.9958f,0.8376f,0f,0f,0f,1f],start_interpolation: 0,interpolation_duration: 2}
$data merge entity $(bone_right_arm) {transformation: [-0.9953f,-0.0709f,-0.0664f,-0.2139f,0.0706f,-0.0582f,-0.9958f,-0.7269f,0.0668f,-0.9958f,0.0629f,0.2518f,0f,0f,0f,1f],start_interpolation: 0,interpolation_duration: 2}
$data merge entity $(bone_magazine2) {transformation: [0f,0f,0f,-0.117f,0f,0f,0f,-0.735f,0f,0f,0f,1.042f,0f,0f,0f,1f],start_interpolation: 0,interpolation_duration: 2}
$data merge entity $(bone_forearm) {transformation: [-0.4377f,0.4314f,-0.7889f,-0.0055f,0.8914f,0.0937f,-0.4433f,-0.6873f,-0.1173f,-0.8973f,-0.4256f,0.7221f,0f,0f,0f,1f],start_interpolation: 0,interpolation_duration: 2}
$data merge entity $(bone_bicep) {transformation: [-0.4377f,0.4314f,-0.7889f,0.1725f,0.8914f,0.0937f,-0.4433f,-0.6547f,-0.1173f,-0.8973f,-0.4256f,0.3583f,0f,0f,0f,1f],start_interpolation: 0,interpolation_duration: 2}
data modify entity @s data merge value {"cameras":{},"locators":{"akm":{"px":-0.11729675929984933,"py":-0.5444686304050044,"pz":1.3123804407524446,"ry":355.92577232111387,"rx":-3.335768087626207}}}