# This file was generated by Animated Java via MC-Build. It is not recommended to edit this file directly.
$data merge entity $(bone_magazine) {transformation: [-0.9924f,-0.052f,-0.1116f,-0.1633f,-0.052f,0.9986f,-0.0029f,-0.4334f,0.1116f,0.0029f,-0.9938f,0.6549f,0f,0f,0f,1f],start_interpolation: 0,interpolation_duration: 2}
$data merge entity $(bone_chamber) {transformation: [-0.9924f,-0.052f,-0.1116f,-0.1444f,-0.052f,0.9986f,-0.0029f,-0.3939f,0.1116f,0.0029f,-0.9938f,0.8414f,0f,0f,0f,1f],start_interpolation: 0,interpolation_duration: 2}
$data merge entity $(bone_akm1) {transformation: [-0.9924f,-0.052f,-0.1116f,-0.1444f,-0.052f,0.9986f,-0.0029f,-0.3939f,0.1116f,0.0029f,-0.9938f,0.8414f,0f,0f,0f,1f],start_interpolation: 0,interpolation_duration: 2}
$data merge entity $(bone_right_arm) {transformation: [-0.9924f,-0.1116f,0.052f,-0.2188f,-0.052f,-0.0029f,-0.9986f,-0.4794f,0.1116f,-0.9938f,-0.0029f,0.2519f,0f,0f,0f,1f],start_interpolation: 0,interpolation_duration: 2}
$data merge entity $(bone_magazine2) {transformation: [0f,0f,0f,-0.1611f,0f,0f,0f,-0.471f,0f,0f,0f,1.0821f,0f,0f,0f,1f],start_interpolation: 0,interpolation_duration: 2}
$data merge entity $(bone_forearm) {transformation: [-0.3073f,0.4756f,-0.8242f,-0.0314f,0.9397f,0.0147f,-0.3418f,-0.4458f,-0.1504f,-0.8795f,-0.4514f,0.7664f,0f,0f,0f,1f],start_interpolation: 0,interpolation_duration: 2}
$data merge entity $(bone_bicep) {transformation: [-0.3073f,0.4756f,-0.8242f,0.1637f,0.9397f,0.0147f,-0.3418f,-0.4457f,-0.1504f,-0.8795f,-0.4514f,0.41f,0f,0f,0f,1f],start_interpolation: 0,interpolation_duration: 2}
data modify entity @s data merge value {"cameras":{},"locators":{"akm":{"px":-0.09287484241666599,"py":-0.35443670608017014,"pz":1.3176668641478735,"ry":353.5939172543493,"rx":-0.16672688419649567}}}
execute on vehicle unless entity @s[tag=aj.transforms_only] at @s run function animated_java:akm/animations/reload/zzz/frames/68_root_function