# This file was generated by Animated Java via MC-Build. It is not recommended to edit this file directly.
$data merge entity $(bone_magazine) {transformation: [-0.6989f,-0.7063f,-0.1126f,-0.1875f,-0.7104f,0.7038f,-0.0048f,-0.3396f,0.0827f,0.0767f,-0.9936f,0.2834f,0f,0f,0f,1f],start_interpolation: 0,interpolation_duration: 2}
$data merge entity $(bone_chamber) {transformation: [-0.6989f,-0.7063f,-0.1126f,-0.194f,-0.7104f,0.7038f,-0.0048f,-0.3112f,0.0827f,0.0767f,-0.9936f,0.4727f,0f,0f,0f,1f],start_interpolation: 0,interpolation_duration: 2}
$data merge entity $(bone_akm1) {transformation: [-0.6989f,-0.7063f,-0.1126f,-0.194f,-0.7104f,0.7038f,-0.0048f,-0.3112f,0.0827f,0.0767f,-0.9936f,0.4727f,0f,0f,0f,1f],start_interpolation: 0,interpolation_duration: 2}
$data merge entity $(bone_right_arm) {transformation: [-0.6989f,-0.1126f,0.7063f,-0.2108f,-0.7104f,-0.0048f,-0.7038f,-0.3815f,0.0827f,-0.9936f,-0.0767f,-0.1232f,0f,0f,0f,1f],start_interpolation: 0,interpolation_duration: 2}
$data merge entity $(bone_magazine2) {transformation: [0f,0f,0f,-0.0774f,0f,0f,0f,-0.4934f,0f,0f,0f,0.4149f,0f,0f,0f,1f],start_interpolation: 0,interpolation_duration: 2}
$data merge entity $(bone_forearm) {transformation: [-0.5585f,0.6252f,0.5451f,0.1474f,-0.8067f,-0.5624f,-0.1816f,-0.6901f,0.193f,-0.5411f,0.8185f,0.2706f,0f,0f,0f,1f],start_interpolation: 0,interpolation_duration: 2}
$data merge entity $(bone_bicep) {transformation: [-0.5065f,-0.0678f,0.8596f,0.123f,-0.8449f,-0.1599f,-0.5104f,-0.7498f,0.1721f,-0.9848f,0.0238f,-0.1306f,0f,0f,0f,1f],start_interpolation: 0,interpolation_duration: 2}
data modify entity @s data merge value {"cameras":{},"locators":{"akm":{"px":-0.1668833466087924,"py":-0.28206971465636976,"pz":0.9517850556302712,"ry":353.53291461163815,"rx":-0.27569086248528674}}}