# This file was generated by Animated Java via MC-Build. It is not recommended to edit this file directly.
$data merge entity $(bone_magazine) {transformation: [-0.708f,-0.6972f,-0.1123f,-0.2263f,-0.7016f,0.7126f,-0.0008f,-0.5636f,0.0805f,0.0782f,-0.9937f,0.1898f,0f,0f,0f,1f],start_interpolation: 0,interpolation_duration: 2}
$data merge entity $(bone_chamber) {transformation: [-0.708f,-0.6972f,-0.1123f,-0.2325f,-0.7016f,0.7126f,-0.0008f,-0.5356f,0.0805f,0.0782f,-0.9937f,0.3791f,0f,0f,0f,1f],start_interpolation: 0,interpolation_duration: 2}
$data merge entity $(bone_akm1) {transformation: [-0.708f,-0.6972f,-0.1123f,-0.2325f,-0.7016f,0.7126f,-0.0008f,-0.5356f,0.0805f,0.0782f,-0.9937f,0.3791f,0f,0f,0f,1f],start_interpolation: 0,interpolation_duration: 2}
$data merge entity $(bone_magazine2) {transformation: [0f,0f,0f,-0.1913f,0f,0f,0f,-0.5374f,0f,0f,0f,0.1433f,0f,0f,0f,1f],start_interpolation: 0,interpolation_duration: 2}
$data merge entity $(bone_right_arm) {transformation: [-0.708f,-0.1123f,0.6972f,-0.25f,-0.7016f,-0.0008f,-0.7126f,-0.6042f,0.0805f,-0.9937f,-0.0782f,-0.2169f,0f,0f,0f,1f],start_interpolation: 0,interpolation_duration: 2}
$data merge entity $(bone_forearm) {transformation: [-0.5921f,0.7f,0.3992f,0.0753f,-0.7902f,-0.6014f,-0.1176f,-0.9278f,0.1578f,-0.3851f,0.9093f,0.205f,0f,0f,0f,1f],start_interpolation: 0,interpolation_duration: 2}
$data merge entity $(bone_magazine1) {transformation: [0f,0f,0f,-0.014f,0f,0f,0f,-0.9087f,0f,0f,0f,0.7794f,0f,0f,0f,1f],start_interpolation: 0,interpolation_duration: 2}
$data merge entity $(bone_chamber1) {transformation: [0f,0f,0f,-0.014f,0f,0f,0f,-0.9087f,0f,0f,0f,0.7794f,0f,0f,0f,1f],start_interpolation: 0,interpolation_duration: 2}
$data merge entity $(bone_akm3) {transformation: [0f,0f,0f,-0.014f,0f,0f,0f,-0.9087f,0f,0f,0f,0.7794f,0f,0f,0f,1f],start_interpolation: 0,interpolation_duration: 2}
data modify entity @s data merge value {"cameras":{},"locators":{"akm":{"px":-0.20525056153066162,"py":-0.5081380234679128,"pz":0.8582919938299673,"ry":353.55306579152733,"rx":-0.04382010702994011},"akm2":{"px":-0.013984211037315751,"py":-0.908728631856593,"pz":0.7794303083460546,"ry":355.1155672203304,"rx":-8.055984719907253}}}