# This file was generated by Animated Java via MC-Build. It is not recommended to edit this file directly.
$data merge entity $(bone_magazine) {transformation: [-0.708f,-0.6972f,-0.1123f,-0.1848f,-0.7016f,0.7126f,-0.0008f,-0.4335f,0.0805f,0.0782f,-0.9937f,0.6585f,0f,0f,0f,1f],start_interpolation: 0,interpolation_duration: 2}
$data merge entity $(bone_chamber) {transformation: [-0.708f,-0.6972f,-0.1123f,-0.191f,-0.7016f,0.7126f,-0.0008f,-0.4055f,0.0805f,0.0782f,-0.9937f,0.8479f,0f,0f,0f,1f],start_interpolation: 0,interpolation_duration: 2}
$data merge entity $(bone_akm1) {transformation: [-0.708f,-0.6972f,-0.1123f,-0.191f,-0.7016f,0.7126f,-0.0008f,-0.4055f,0.0805f,0.0782f,-0.9937f,0.8479f,0f,0f,0f,1f],start_interpolation: 0,interpolation_duration: 2}
$data merge entity $(bone_right_arm) {transformation: [-0.708f,-0.1123f,0.6972f,-0.2085f,-0.7016f,-0.0008f,-0.7126f,-0.4741f,0.0805f,-0.9937f,-0.0782f,0.2518f,0f,0f,0f,1f],start_interpolation: 0,interpolation_duration: 2}
$data merge entity $(bone_magazine2) {transformation: [0f,0f,0f,-0.0884f,0f,0f,0f,-0.5588f,0f,0f,0f,0.7397f,0f,0f,0f,1f],start_interpolation: 0,interpolation_duration: 2}
$data merge entity $(bone_forearm) {transformation: [-0.5891f,0.6931f,0.4154f,0.1479f,-0.7853f,-0.6123f,-0.0921f,-0.7784f,0.1905f,-0.3804f,0.905f,0.6474f,0f,0f,0f,1f],start_interpolation: 0,interpolation_duration: 2}
$data merge entity $(bone_bicep) {transformation: [-0.5279f,-0.0843f,0.8451f,0.117f,-0.8334f,-0.1401f,-0.5345f,-0.8301f,0.1635f,-0.9865f,0.0037f,0.2456f,0f,0f,0f,1f],start_interpolation: 0,interpolation_duration: 2}
data modify entity @s data merge value {"cameras":{},"locators":{"akm":{"px":-0.16377328880338898,"py":-0.37802438710427627,"pz":1.3270419938299673,"ry":353.55306579152733,"rx":-0.04382010702994011}}}