# This file was generated by Animated Java via MC-Build. It is not recommended to edit this file directly.
$data merge entity $(bone_slide) {transformation: [-0.982f,0.1854f,-0.0358f,-0.2644f,0.1844f,0.9824f,0.0294f,-0.3949f,0.0407f,0.0222f,-0.9989f,0.5063f,0f,0f,0f,1f],start_interpolation: 0,interpolation_duration: 1}
$data merge entity $(bone_barrel) {transformation: [-0.982f,0.1854f,-0.0358f,-0.17f,0.1844f,0.9824f,0.0294f,-0.4962f,0.0407f,0.0222f,-0.9989f,0.5562f,0f,0f,0f,1f],start_interpolation: 0,interpolation_duration: 1}
$data merge entity $(bone_magazine) {transformation: [-0.982f,0.1854f,-0.0358f,-0.2942f,0.1844f,0.9824f,0.0294f,-0.5219f,0.0407f,0.0222f,-0.9989f,0.3628f,0f,0f,0f,1f],start_interpolation: 0,interpolation_duration: 1}
$data merge entity $(bone_grip) {transformation: [-0.982f,0.1854f,-0.0358f,-0.2942f,0.1844f,0.9824f,0.0294f,-0.5219f,0.0407f,0.0222f,-0.9989f,0.3628f,0f,0f,0f,1f],start_interpolation: 0,interpolation_duration: 1}
$data merge entity $(bone_trigger) {transformation: [-0.982f,0.1854f,-0.0358f,-0.2923f,0.1844f,0.9824f,0.0294f,-0.5185f,0.0407f,0.0222f,-0.9989f,0.3934f,0f,0f,0f,1f],start_interpolation: 0,interpolation_duration: 1}
$data merge entity $(bone_trigger_gaurd) {transformation: [-0.982f,0.1854f,-0.0358f,-0.2858f,0.1844f,0.9824f,0.0294f,-0.4911f,0.0407f,0.0222f,-0.9989f,0.4265f,0f,0f,0f,1f],start_interpolation: 0,interpolation_duration: 1}
$data merge entity $(bone_right_arm) {transformation: [-0.982f,-0.0358f,-0.1854f,-0.3436f,0.1844f,0.0294f,-0.9824f,-0.5268f,0.0407f,-0.9989f,-0.0222f,0.036f,0f,0f,0f,1f],start_interpolation: 0,interpolation_duration: 1}
$data merge entity $(bone_magazine1) {transformation: [0f,0f,0f,-0.2708f,0f,0f,0f,-0.5573f,0f,0f,0f,0.4428f,0f,0f,0f,1f],start_interpolation: 0,interpolation_duration: 1}
$data merge entity $(bone_left_arm) {transformation: [-0.8832f,0.2455f,0.3997f,-0.1301f,-0.3131f,0.3259f,-0.892f,-0.5349f,-0.3492f,-0.913f,-0.2109f,0.0669f,0f,0f,0f,1f],start_interpolation: 0,interpolation_duration: 1}
data modify entity @s data merge value {"cameras":{},"locators":{"barrel1":{"px":-0.2881641778556018,"py":-0.4510121702266123,"pz":0.7244683628054978,"ry":357.94500711745684,"rx":1.6831607562987565}}}