# This file was generated by Animated Java via MC-Build. It is not recommended to edit this file directly.
$data merge entity $(bone_slide) {transformation: [-0.982f,0.1854f,-0.0358f,-0.1394f,0.1844f,0.9824f,0.0294f,-0.4824f,0.0407f,0.0222f,-0.9989f,0.7063f,0f,0f,0f,1f],start_interpolation: 0,interpolation_duration: 1}
$data merge entity $(bone_barrel) {transformation: [-0.982f,0.1854f,-0.0358f,-0.045f,0.1844f,0.9824f,0.0294f,-0.5837f,0.0407f,0.0222f,-0.9989f,0.7562f,0f,0f,0f,1f],start_interpolation: 0,interpolation_duration: 1}
$data merge entity $(bone_magazine) {transformation: [-0.982f,0.1854f,-0.0358f,-0.1692f,0.1844f,0.9824f,0.0294f,-0.6094f,0.0407f,0.0222f,-0.9989f,0.5628f,0f,0f,0f,1f],start_interpolation: 0,interpolation_duration: 1}
$data merge entity $(bone_grip) {transformation: [-0.982f,0.1854f,-0.0358f,-0.1692f,0.1844f,0.9824f,0.0294f,-0.6094f,0.0407f,0.0222f,-0.9989f,0.5628f,0f,0f,0f,1f],start_interpolation: 0,interpolation_duration: 1}
$data merge entity $(bone_trigger) {transformation: [-0.982f,0.1854f,-0.0358f,-0.1673f,0.1844f,0.9824f,0.0294f,-0.606f,0.0407f,0.0222f,-0.9989f,0.5934f,0f,0f,0f,1f],start_interpolation: 0,interpolation_duration: 1}
$data merge entity $(bone_trigger_gaurd) {transformation: [-0.982f,0.1854f,-0.0358f,-0.1608f,0.1844f,0.9824f,0.0294f,-0.5786f,0.0407f,0.0222f,-0.9989f,0.6265f,0f,0f,0f,1f],start_interpolation: 0,interpolation_duration: 1}
$data merge entity $(bone_right_arm) {transformation: [-0.982f,-0.0358f,-0.1854f,-0.2186f,0.1844f,0.0294f,-0.9824f,-0.6143f,0.0407f,-0.9989f,-0.0222f,0.236f,0f,0f,0f,1f],start_interpolation: 0,interpolation_duration: 1}
$data merge entity $(bone_magazine1) {transformation: [0f,0f,0f,-0.1458f,0f,0f,0f,-0.6448f,0f,0f,0f,0.6428f,0f,0f,0f,1f],start_interpolation: 0,interpolation_duration: 1}
$data merge entity $(bone_left_arm) {transformation: [-0.8832f,0.2455f,0.3997f,-0.0051f,-0.3131f,0.3259f,-0.892f,-0.6224f,-0.3492f,-0.913f,-0.2109f,0.2669f,0f,0f,0f,1f],start_interpolation: 0,interpolation_duration: 1}
data modify entity @s data merge value {"cameras":{},"locators":{"barrel1":{"px":-0.1631641778556018,"py":-0.5385121702266122,"pz":0.9244683628054977,"ry":357.94500711745684,"rx":1.6831607562987565},"ammo_display":{"px":-0.062202634691643735,"py":-0.5830360339313742,"pz":0.644240745746165,"ry":357.94500711745684,"rx":1.6831607562987565}}}