# This file was generated by Animated Java via MC-Build. It is not recommended to edit this file directly.
$data merge entity $(bone_slide) {transformation: [-0.9426f,0.3176f,-0.1028f,-0.2138f,0.3222f,0.9462f,-0.0313f,-0.377f,0.0873f,-0.0627f,-0.9942f,0.4681f,0f,0f,0f,1f],start_interpolation: 0,interpolation_duration: 1}
$data merge entity $(bone_barrel) {transformation: [-0.9426f,0.3176f,-0.1028f,-0.1306f,0.3222f,0.9462f,-0.0313f,-0.487f,0.0873f,-0.0627f,-0.9942f,0.5195f,0f,0f,0f,1f],start_interpolation: 0,interpolation_duration: 1}
$data merge entity $(bone_magazine) {transformation: [-0.9426f,0.3176f,-0.1028f,-0.2706f,0.3222f,0.9462f,-0.0313f,-0.5077f,0.0873f,-0.0627f,-0.9942f,0.3365f,0f,0f,0f,1f],start_interpolation: 0,interpolation_duration: 1}
$data merge entity $(bone_grip) {transformation: [-0.9426f,0.3176f,-0.1028f,-0.2706f,0.3222f,0.9462f,-0.0313f,-0.5077f,0.0873f,-0.0627f,-0.9942f,0.3365f,0f,0f,0f,1f],start_interpolation: 0,interpolation_duration: 1}
$data merge entity $(bone_trigger) {transformation: [-0.9426f,0.3176f,-0.1028f,-0.2661f,0.3222f,0.9462f,-0.0313f,-0.5026f,0.0873f,-0.0627f,-0.9942f,0.3667f,0f,0f,0f,1f],start_interpolation: 0,interpolation_duration: 1}
$data merge entity $(bone_trigger_gaurd) {transformation: [-0.9426f,0.3176f,-0.1028f,-0.2536f,0.3222f,0.9462f,-0.0313f,-0.4742f,0.0873f,-0.0627f,-0.9942f,0.3972f,0f,0f,0f,1f],start_interpolation: 0,interpolation_duration: 1}
$data merge entity $(bone_right_arm) {transformation: [-0.9426f,-0.1028f,-0.3176f,-0.3435f,0.3222f,-0.0313f,-0.9462f,-0.5269f,0.0873f,-0.9942f,0.0627f,0.0147f,0f,0f,0f,1f],start_interpolation: 0,interpolation_duration: 1}
$data merge entity $(bone_magazine1) {transformation: [0f,0f,0f,-0.178f,0f,0f,0f,-0.6485f,0f,0f,0f,0.4415f,0f,0f,0f,1f],start_interpolation: 0,interpolation_duration: 1}
$data merge entity $(bone_left_arm) {transformation: [-0.9244f,0.1067f,0.3662f,-0.0946f,-0.2574f,0.5341f,-0.8053f,-0.5359f,-0.2815f,-0.8386f,-0.4663f,0.0647f,0f,0f,0f,1f],start_interpolation: 0,interpolation_duration: 1}
data modify entity @s data merge value {"cameras":{},"locators":{"barrel1":{"px":-0.22925782477576767,"py":-0.4148027996314664,"pz":0.6908884670171112,"ry":354.0958553664814,"rx":-1.7959318107067404}}}