# This file was generated by Animated Java via MC-Build. It is not recommended to edit this file directly.
$data merge entity $(bone_slide) {transformation: [-0.5909f,0.6651f,-0.4566f,-0.0056f,0.7671f,0.6384f,-0.063f,-0.4261f,0.2496f,-0.3875f,-0.8874f,0.3015f,0f,0f,0f,1f],start_interpolation: 0,interpolation_duration: 1}
$data merge entity $(bone_barrel) {transformation: [-0.5909f,0.6651f,-0.4566f,0.0309f,0.7671f,0.6384f,-0.063f,-0.5582f,0.2496f,-0.3875f,-0.8874f,0.3555f,0f,0f,0f,1f],start_interpolation: 0,interpolation_duration: 1}
$data merge entity $(bone_magazine) {transformation: [-0.5909f,0.6651f,-0.4566f,-0.1586f,0.7671f,0.6384f,-0.063f,-0.5202f,0.2496f,-0.3875f,-0.8874f,0.2284f,0f,0f,0f,1f],start_interpolation: 0,interpolation_duration: 1}
$data merge entity $(bone_grip) {transformation: [-0.5909f,0.6651f,-0.4566f,-0.1586f,0.7671f,0.6384f,-0.063f,-0.5202f,0.2496f,-0.3875f,-0.8874f,0.2284f,0f,0f,0f,1f],start_interpolation: 0,interpolation_duration: 1}
$data merge entity $(bone_trigger) {transformation: [-0.5909f,0.6651f,-0.4566f,-0.1417f,0.7671f,0.6384f,-0.063f,-0.5155f,0.2496f,-0.3875f,-0.8874f,0.2538f,0f,0f,0f,1f],start_interpolation: 0,interpolation_duration: 1}
$data merge entity $(bone_trigger_gaurd) {transformation: [-0.5909f,0.6651f,-0.4566f,-0.1077f,0.7671f,0.6384f,-0.063f,-0.495f,0.2496f,-0.3875f,-0.8874f,0.2715f,0f,0f,0f,1f],start_interpolation: 0,interpolation_duration: 1}
$data merge entity $(bone_right_arm) {transformation: [-0.5909f,-0.4566f,-0.6651f,-0.3428f,0.7671f,-0.063f,-0.6384f,-0.528f,0.2496f,-0.8874f,0.3875f,-0.0459f,0f,0f,0f,1f],start_interpolation: 0,interpolation_duration: 1}
$data merge entity $(bone_magazine1) {transformation: [0f,0f,0f,0.0411f,0f,0f,0f,-0.9304f,0f,0f,0f,0.1765f,0f,0f,0f,1f],start_interpolation: 0,interpolation_duration: 1}
$data merge entity $(bone_left_arm) {transformation: [-0.9999f,0.0128f,0.0075f,0.0468f,0.0132f,0.9985f,0.0529f,-0.5398f,-0.0068f,0.053f,-0.9986f,0.0815f,0f,0f,0f,1f],start_interpolation: 0,interpolation_duration: 1}
data modify entity @s data merge value {"cameras":{},"locators":{"barrel1":{"px":0.044997390884040034,"py":-0.4304859750161512,"pz":0.5222926343146914,"ry":332.77283616105257,"rx":-3.610328180627267}}}