# This file was generated by Animated Java via MC-Build. It is not recommended to edit this file directly.
$data merge entity $(bone_slide) {transformation: [-0.5583f,0.6792f,-0.4764f,0.1299f,0.7907f,0.6095f,-0.0576f,-0.5218f,0.2512f,-0.4088f,-0.8773f,0.4922f,0f,0f,0f,1f],start_interpolation: 0,interpolation_duration: 1}
$data merge entity $(bone_barrel) {transformation: [-0.5583f,0.6792f,-0.4764f,0.1628f,0.7907f,0.6095f,-0.0576f,-0.6544f,0.2512f,-0.4088f,-0.8773f,0.5472f,0f,0f,0f,1f],start_interpolation: 0,interpolation_duration: 1}
$data merge entity $(bone_magazine) {transformation: [-0.5583f,0.6792f,-0.4764f,-0.0278f,0.7907f,0.6095f,-0.0576f,-0.6113f,0.2512f,-0.4088f,-0.8773f,0.4233f,0f,0f,0f,1f],start_interpolation: 0,interpolation_duration: 1}
$data merge entity $(bone_grip) {transformation: [-0.5583f,0.6792f,-0.4764f,-0.0278f,0.7907f,0.6095f,-0.0576f,-0.6113f,0.2512f,-0.4088f,-0.8773f,0.4233f,0f,0f,0f,1f],start_interpolation: 0,interpolation_duration: 1}
$data merge entity $(bone_trigger) {transformation: [-0.5583f,0.6792f,-0.4764f,-0.0103f,0.7907f,0.6095f,-0.0576f,-0.6069f,0.2512f,-0.4088f,-0.8773f,0.4484f,0f,0f,0f,1f],start_interpolation: 0,interpolation_duration: 1}
$data merge entity $(bone_trigger_gaurd) {transformation: [-0.5583f,0.6792f,-0.4764f,0.0248f,0.7907f,0.6095f,-0.0576f,-0.5874f,0.2512f,-0.4088f,-0.8773f,0.4651f,0f,0f,0f,1f],start_interpolation: 0,interpolation_duration: 1}
$data merge entity $(bone_right_arm) {transformation: [-0.5583f,-0.4764f,-0.6792f,-0.2177f,0.7907f,-0.0576f,-0.6095f,-0.6159f,0.2512f,-0.8773f,0.4088f,0.1528f,0f,0f,0f,1f],start_interpolation: 0,interpolation_duration: 1}
$data merge entity $(bone_magazine1) {transformation: [0f,0f,0f,0.1647f,0f,0f,0f,-1.0177f,0f,0f,0f,0.3789f,0f,0f,0f,1f],start_interpolation: 0,interpolation_duration: 1}
$data merge entity $(bone_left_arm) {transformation: [-0.9998f,0.0156f,0.009f,0.1718f,0.016f,0.9988f,0.0452f,-0.6278f,-0.0082f,0.0454f,-0.9989f,0.2809f,0f,0f,0f,1f],start_interpolation: 0,interpolation_duration: 1}
data modify entity @s data merge value {"cameras":{},"locators":{"barrel1":{"px":0.1847330642396745,"py":-0.5252481810857567,"pz":0.7119843855419002,"ry":331.4982319369264,"rx":-3.303721689682776},"ammo_display":{"px":0.09880025498476323,"py":-0.6540359490472244,"pz":0.45365825810400007,"ry":331.4982319369264,"rx":-3.303721689682776}}}