# This file was generated by Animated Java via MC-Build. It is not recommended to edit this file directly.
$data merge entity $(bone_slide) {transformation: [-0.5259f,0.6936f,-0.4923f,0.1385f,0.8136f,0.579f,-0.0534f,-0.5298f,0.248f,-0.4286f,-0.8688f,0.4841f,0f,0f,0f,1f],start_interpolation: 0,interpolation_duration: 1}
$data merge entity $(bone_barrel) {transformation: [-0.5259f,0.6936f,-0.4923f,0.1676f,0.8136f,0.579f,-0.0534f,-0.6626f,0.248f,-0.4286f,-0.8688f,0.5405f,0f,0f,0f,1f],start_interpolation: 0,interpolation_duration: 1}
$data merge entity $(bone_magazine) {transformation: [-0.5259f,0.6936f,-0.4923f,-0.0233f,0.8136f,0.579f,-0.0534f,-0.6146f,0.248f,-0.4286f,-0.8688f,0.419f,0f,0f,0f,1f],start_interpolation: 0,interpolation_duration: 1}
$data merge entity $(bone_grip) {transformation: [-0.5259f,0.6936f,-0.4923f,-0.0233f,0.8136f,0.579f,-0.0534f,-0.6146f,0.248f,-0.4286f,-0.8688f,0.419f,0f,0f,0f,1f],start_interpolation: 0,interpolation_duration: 1}
$data merge entity $(bone_trigger) {transformation: [-0.5259f,0.6936f,-0.4923f,-0.0052f,0.8136f,0.579f,-0.0534f,-0.6104f,0.248f,-0.4286f,-0.8688f,0.4438f,0f,0f,0f,1f],start_interpolation: 0,interpolation_duration: 1}
$data merge entity $(bone_trigger_gaurd) {transformation: [-0.5259f,0.6936f,-0.4923f,0.0308f,0.8136f,0.579f,-0.0534f,-0.592f,0.248f,-0.4286f,-0.8688f,0.4596f,0f,0f,0f,1f],start_interpolation: 0,interpolation_duration: 1}
$data merge entity $(bone_right_arm) {transformation: [-0.5259f,-0.4923f,-0.6936f,-0.2176f,0.8136f,-0.0534f,-0.579f,-0.6164f,0.248f,-0.8688f,0.4286f,0.1517f,0f,0f,0f,1f],start_interpolation: 0,interpolation_duration: 1}
$data merge entity $(bone_magazine1) {transformation: [0f,0f,0f,0.1633f,0f,0f,0f,-1.0174f,0f,0f,0f,0.3815f,0f,0f,0f,1f],start_interpolation: 0,interpolation_duration: 1}
$data merge entity $(bone_left_arm) {transformation: [-0.9998f,0.0186f,0.0105f,0.1716f,0.019f,0.9991f,0.037f,-0.6285f,-0.0098f,0.0372f,-0.9993f,0.2804f,0f,0f,0f,1f],start_interpolation: 0,interpolation_duration: 1}
data modify entity @s data merge value {"cameras":{},"locators":{"barrel1":{"px":0.1968100049285087,"py":-0.5319619409665891,"pz":0.702973625197386,"ry":330.4601940103937,"rx":-3.061851428904336},"ammo_display":{"px":0.10220068302442753,"py":-0.6613560260785329,"pz":0.4480042702801862,"ry":330.4601940103937,"rx":-3.061851428904336}}}