# This file was generated by Animated Java via MC-Build. It is not recommended to edit this file directly.
$data merge entity $(bone_slide) {transformation: [-0.4691f,0.7191f,-0.5128f,0.1502f,0.8525f,0.5203f,-0.0503f,-0.5428f,0.2306f,-0.4608f,-0.8571f,0.4719f,0f,0f,0f,1f],start_interpolation: 0,interpolation_duration: 1}
$data merge entity $(bone_barrel) {transformation: [-0.4691f,0.7191f,-0.5128f,0.1722f,0.8525f,0.5203f,-0.0503f,-0.6753f,0.2306f,-0.4608f,-0.8571f,0.5322f,0f,0f,0f,1f],start_interpolation: 0,interpolation_duration: 1}
$data merge entity $(bone_magazine) {transformation: [-0.4691f,0.7191f,-0.5128f,-0.0179f,0.8525f,0.5203f,-0.0503f,-0.6193f,0.2306f,-0.4608f,-0.8571f,0.4129f,0f,0f,0f,1f],start_interpolation: 0,interpolation_duration: 1}
$data merge entity $(bone_grip) {transformation: [-0.4691f,0.7191f,-0.5128f,-0.0179f,0.8525f,0.5203f,-0.0503f,-0.6193f,0.2306f,-0.4608f,-0.8571f,0.4129f,0f,0f,0f,1f],start_interpolation: 0,interpolation_duration: 1}
$data merge entity $(bone_trigger) {transformation: [-0.4691f,0.7191f,-0.5128f,0.0009f,0.8525f,0.5203f,-0.0503f,-0.6155f,0.2306f,-0.4608f,-0.8571f,0.4371f,0f,0f,0f,1f],start_interpolation: 0,interpolation_duration: 1}
$data merge entity $(bone_trigger_gaurd) {transformation: [-0.4691f,0.7191f,-0.5128f,0.0383f,0.8525f,0.5203f,-0.0503f,-0.5988f,0.2306f,-0.4608f,-0.8571f,0.4516f,0f,0f,0f,1f],start_interpolation: 0,interpolation_duration: 1}
$data merge entity $(bone_right_arm) {transformation: [-0.4691f,-0.5128f,-0.7191f,-0.2175f,0.8525f,-0.0503f,-0.5203f,-0.6176f,0.2306f,-0.8571f,0.4608f,0.1494f,0f,0f,0f,1f],start_interpolation: 0,interpolation_duration: 1}
$data merge entity $(bone_magazine1) {transformation: [0f,0f,0f,0.16f,0f,0f,0f,-1.0169f,0f,0f,0f,0.3875f,0f,0f,0f,1f],start_interpolation: 0,interpolation_duration: 1}
$data merge entity $(bone_left_arm) {transformation: [-0.9996f,0.0252f,0.0136f,0.1713f,0.0254f,0.9995f,0.0191f,-0.6299f,-0.0131f,0.0194f,-0.9997f,0.2795f,0f,0f,0f,1f],start_interpolation: 0,interpolation_duration: 1}
data modify entity @s data merge value {"cameras":{},"locators":{"barrel1":{"px":0.21279311977810147,"py":-0.5415812293412113,"pz":0.6896696596930225,"ry":329.10830829319065,"rx":-2.886024652322488},"ammo_display":{"px":0.10501576231611484,"py":-0.672922761740954,"pz":0.4410000634706487,"ry":329.10830829319065,"rx":-2.886024652322488}}}