# This file was generated by Animated Java via MC-Build. It is not recommended to edit this file directly.
$data merge entity $(bone_slide) {transformation: [-0.4364f,0.7361f,-0.5175f,0.1539f,0.8762f,0.4784f,-0.0585f,-0.5477f,0.2045f,-0.4789f,-0.8537f,0.4664f,0f,0f,0f,1f],start_interpolation: 0,interpolation_duration: 1}
$data merge entity $(bone_barrel) {transformation: [-0.4364f,0.7361f,-0.5175f,0.1712f,0.8762f,0.4784f,-0.0585f,-0.6789f,0.2045f,-0.4789f,-0.8537f,0.5308f,0f,0f,0f,1f],start_interpolation: 0,interpolation_duration: 1}
$data merge entity $(bone_magazine) {transformation: [-0.4364f,0.7361f,-0.5175f,-0.0172f,0.8762f,0.4784f,-0.0585f,-0.6197f,0.2045f,-0.4789f,-0.8537f,0.4102f,0f,0f,0f,1f],start_interpolation: 0,interpolation_duration: 1}
$data merge entity $(bone_grip) {transformation: [-0.4364f,0.7361f,-0.5175f,-0.0172f,0.8762f,0.4784f,-0.0585f,-0.6197f,0.2045f,-0.4789f,-0.8537f,0.4102f,0f,0f,0f,1f],start_interpolation: 0,interpolation_duration: 1}
$data merge entity $(bone_trigger) {transformation: [-0.4364f,0.7361f,-0.5175f,0.0019f,0.8762f,0.4784f,-0.0585f,-0.6158f,0.2045f,-0.4789f,-0.8537f,0.4342f,0f,0f,0f,1f],start_interpolation: 0,interpolation_duration: 1}
$data merge entity $(bone_trigger_gaurd) {transformation: [-0.4364f,0.7361f,-0.5175f,0.0399f,0.8762f,0.4784f,-0.0585f,-0.6001f,0.2045f,-0.4789f,-0.8537f,0.4481f,0f,0f,0f,1f],start_interpolation: 0,interpolation_duration: 1}
$data merge entity $(bone_right_arm) {transformation: [-0.4364f,-0.5175f,-0.7361f,-0.2175f,0.8762f,-0.0585f,-0.4784f,-0.6189f,0.2045f,-0.8537f,0.4789f,0.1473f,0f,0f,0f,1f],start_interpolation: 0,interpolation_duration: 1}
$data merge entity $(bone_magazine1) {transformation: [0f,0f,0f,0.1563f,0f,0f,0f,-1.0163f,0f,0f,0f,0.3944f,0f,0f,0f,1f],start_interpolation: 0,interpolation_duration: 1}
$data merge entity $(bone_left_arm) {transformation: [-0.9993f,0.0324f,0.0167f,0.1707f,0.0324f,0.9995f,-0.0006f,-0.6315f,-0.0167f,0f,-0.9999f,0.2788f,0f,0f,0f,1f],start_interpolation: 0,interpolation_duration: 1}
data modify entity @s data merge value {"cameras":{},"locators":{"barrel1":{"px":0.21728394088319322,"py":-0.5418512355936885,"pz":0.6837877741832893,"ry":328.77855110244843,"rx":-3.3529357518772125},"ammo_display":{"px":0.10380152328638337,"py":-0.6769341697013587,"pz":0.4397028160042854,"ry":328.77855110244843,"rx":-3.3529357518772125}}}