# This file was generated by Animated Java via MC-Build. It is not recommended to edit this file directly.
$data merge entity $(bone_slide) {transformation: [-0.4364f,0.7361f,-0.5175f,0.0289f,0.8762f,0.4784f,-0.0585f,-0.4602f,0.2045f,-0.4789f,-0.8537f,0.2664f,0f,0f,0f,1f],start_interpolation: 0,interpolation_duration: 1}
$data merge entity $(bone_barrel) {transformation: [-0.4364f,0.7361f,-0.5175f,0.0462f,0.8762f,0.4784f,-0.0585f,-0.5914f,0.2045f,-0.4789f,-0.8537f,0.3308f,0f,0f,0f,1f],start_interpolation: 0,interpolation_duration: 1}
$data merge entity $(bone_magazine) {transformation: [-0.4364f,0.7361f,-0.5175f,-0.1422f,0.8762f,0.4784f,-0.0585f,-0.5322f,0.2045f,-0.4789f,-0.8537f,0.2102f,0f,0f,0f,1f],start_interpolation: 0,interpolation_duration: 1}
$data merge entity $(bone_grip) {transformation: [-0.4364f,0.7361f,-0.5175f,-0.1422f,0.8762f,0.4784f,-0.0585f,-0.5322f,0.2045f,-0.4789f,-0.8537f,0.2102f,0f,0f,0f,1f],start_interpolation: 0,interpolation_duration: 1}
$data merge entity $(bone_trigger) {transformation: [-0.4364f,0.7361f,-0.5175f,-0.1231f,0.8762f,0.4784f,-0.0585f,-0.5283f,0.2045f,-0.4789f,-0.8537f,0.2342f,0f,0f,0f,1f],start_interpolation: 0,interpolation_duration: 1}
$data merge entity $(bone_trigger_gaurd) {transformation: [-0.4364f,0.7361f,-0.5175f,-0.0851f,0.8762f,0.4784f,-0.0585f,-0.5126f,0.2045f,-0.4789f,-0.8537f,0.2481f,0f,0f,0f,1f],start_interpolation: 0,interpolation_duration: 1}
$data merge entity $(bone_right_arm) {transformation: [-0.4364f,-0.5175f,-0.7361f,-0.3425f,0.8762f,-0.0585f,-0.4784f,-0.5314f,0.2045f,-0.8537f,0.4789f,-0.0527f,0f,0f,0f,1f],start_interpolation: 0,interpolation_duration: 1}
$data merge entity $(bone_magazine1) {transformation: [0f,0f,0f,0.0313f,0f,0f,0f,-0.9288f,0f,0f,0f,0.1944f,0f,0f,0f,1f],start_interpolation: 0,interpolation_duration: 1}
$data merge entity $(bone_left_arm) {transformation: [-0.9993f,0.0324f,0.0167f,0.0457f,0.0324f,0.9995f,-0.0006f,-0.544f,-0.0167f,0f,-0.9999f,0.0788f,0f,0f,0f,1f],start_interpolation: 0,interpolation_duration: 1}
data modify entity @s data merge value {"cameras":{},"locators":{"barrel1":{"px":0.09228394088319328,"py":-0.4543512355936885,"pz":0.48378777418328917,"ry":328.77855110244843,"rx":-3.3529357518772125}}}