# This file was generated by Animated Java via MC-Build. It is not recommended to edit this file directly.
$data merge entity $(bone_slide) {transformation: [-0.4344f,0.7401f,-0.5134f,0.1525f,0.8803f,0.4694f,-0.0681f,-0.5454f,0.1906f,-0.4815f,-0.8555f,0.4663f,0f,0f,0f,1f],start_interpolation: 0,interpolation_duration: 1}
$data merge entity $(bone_barrel) {transformation: [-0.4344f,0.7401f,-0.5134f,0.169f,0.8803f,0.4694f,-0.0681f,-0.6759f,0.1906f,-0.4815f,-0.8555f,0.5325f,0f,0f,0f,1f],start_interpolation: 0,interpolation_duration: 1}
$data merge entity $(bone_magazine) {transformation: [-0.4344f,0.7401f,-0.5134f,-0.0186f,0.8803f,0.4694f,-0.0681f,-0.6177f,0.1906f,-0.4815f,-0.8555f,0.4102f,0f,0f,0f,1f],start_interpolation: 0,interpolation_duration: 1}
$data merge entity $(bone_grip) {transformation: [-0.4344f,0.7401f,-0.5134f,-0.0186f,0.8803f,0.4694f,-0.0681f,-0.6177f,0.1906f,-0.4815f,-0.8555f,0.4102f,0f,0f,0f,1f],start_interpolation: 0,interpolation_duration: 1}
$data merge entity $(bone_trigger) {transformation: [-0.4344f,0.7401f,-0.5134f,0.0004f,0.8803f,0.4694f,-0.0681f,-0.6135f,0.1906f,-0.4815f,-0.8555f,0.4343f,0f,0f,0f,1f],start_interpolation: 0,interpolation_duration: 1}
$data merge entity $(bone_trigger_gaurd) {transformation: [-0.4344f,0.7401f,-0.5134f,0.0384f,0.8803f,0.4694f,-0.0681f,-0.5978f,0.1906f,-0.4815f,-0.8555f,0.4481f,0f,0f,0f,1f],start_interpolation: 0,interpolation_duration: 1}
$data merge entity $(bone_right_arm) {transformation: [-0.4344f,-0.5134f,-0.7401f,-0.2176f,0.8803f,-0.0681f,-0.4694f,-0.6197f,0.1906f,-0.8555f,0.4815f,0.1463f,0f,0f,0f,1f],start_interpolation: 0,interpolation_duration: 1}
$data merge entity $(bone_magazine1) {transformation: [0f,0f,0f,0.1544f,0f,0f,0f,-1.0159f,0f,0f,0f,0.3981f,0f,0f,0f,1f],start_interpolation: 0,interpolation_duration: 1}
$data merge entity $(bone_left_arm) {transformation: [-0.9992f,0.0363f,0.0182f,0.1704f,0.0361f,0.9993f,-0.011f,-0.6324f,-0.0186f,-0.0103f,-0.9998f,0.2786f,0f,0f,0f,1f],start_interpolation: 0,interpolation_duration: 1}
data modify entity @s data merge value {"cameras":{},"locators":{"barrel1":{"px":0.2147985315881893,"py":-0.5369484956552755,"pz":0.6839235310302079,"ry":329.0312691994744,"rx":-3.9051126201643247},"ammo_display":{"px":0.10207376116177809,"py":-0.6748870500704782,"pz":0.44108777102324936,"ry":329.0312691994744,"rx":-3.9051126201643247}}}