# This file was generated by Animated Java via MC-Build. It is not recommended to edit this file directly.
$data merge entity $(bone_slide) {transformation: [-0.4446f,0.7401f,-0.5045f,0.0236f,0.878f,0.4717f,-0.0817f,-0.4519f,0.1775f,-0.4793f,-0.8595f,0.268f,0f,0f,0f,1f],start_interpolation: 0,interpolation_duration: 1}
$data merge entity $(bone_barrel) {transformation: [-0.4446f,0.7401f,-0.5045f,0.0407f,0.878f,0.4717f,-0.0817f,-0.5815f,0.1775f,-0.4793f,-0.8595f,0.3358f,0f,0f,0f,1f],start_interpolation: 0,interpolation_duration: 1}
$data merge entity $(bone_magazine) {transformation: [-0.4446f,0.7401f,-0.5045f,-0.1462f,0.878f,0.4717f,-0.0817f,-0.5264f,0.1775f,-0.4793f,-0.8595f,0.2111f,0f,0f,0f,1f],start_interpolation: 0,interpolation_duration: 1}
$data merge entity $(bone_grip) {transformation: [-0.4446f,0.7401f,-0.5045f,-0.1462f,0.878f,0.4717f,-0.0817f,-0.5264f,0.1775f,-0.4793f,-0.8595f,0.2111f,0f,0f,0f,1f],start_interpolation: 0,interpolation_duration: 1}
$data merge entity $(bone_trigger) {transformation: [-0.4446f,0.7401f,-0.5045f,-0.1275f,0.878f,0.4717f,-0.0817f,-0.5218f,0.1775f,-0.4793f,-0.8595f,0.2353f,0f,0f,0f,1f],start_interpolation: 0,interpolation_duration: 1}
$data merge entity $(bone_trigger_gaurd) {transformation: [-0.4446f,0.7401f,-0.5045f,-0.0898f,0.878f,0.4717f,-0.0817f,-0.5055f,0.1775f,-0.4793f,-0.8595f,0.2494f,0f,0f,0f,1f],start_interpolation: 0,interpolation_duration: 1}
$data merge entity $(bone_right_arm) {transformation: [-0.4446f,-0.5045f,-0.7401f,-0.3427f,0.878f,-0.0817f,-0.4717f,-0.533f,0.1775f,-0.8595f,0.4793f,-0.0546f,0f,0f,0f,1f],start_interpolation: 0,interpolation_duration: 1}
$data merge entity $(bone_magazine1) {transformation: [0f,0f,0f,0.0273f,0f,0f,0f,-0.928f,0f,0f,0f,0.2019f,0f,0f,0f,1f],start_interpolation: 0,interpolation_duration: 1}
$data merge entity $(bone_left_arm) {transformation: [-0.999f,0.0403f,0.0197f,0.0451f,0.0399f,0.999f,-0.0218f,-0.5459f,-0.0206f,-0.021f,-0.9996f,0.0784f,0f,0f,0f,1f],start_interpolation: 0,interpolation_duration: 1}
data modify entity @s data merge value {"cameras":{},"locators":{"barrel1":{"px":0.08377111822744984,"py":-0.4406364521957609,"pz":0.48615899244034566,"ry":329.58676117251156,"rx":-4.688186316432023}}}