# This file was generated by Animated Java via MC-Build. It is not recommended to edit this file directly.
$data merge entity $(slide) {transformation: [-0.9866f,0.0781f,0.1435f,-0.2351f,0.1482f,0.7974f,0.585f,-0.7462f,-0.0687f,0.5984f,-0.7982f,0.5113f,0f,0f,0f,1f],start_interpolation: 0,interpolation_duration: 1}
$data merge entity $(barrel) {transformation: [-0.9866f,0.0781f,0.1435f,-0.1416f,0.1482f,0.7974f,0.585f,-0.8599f,-0.0687f,0.5984f,-0.7982f,0.5153f,0f,0f,0f,1f],start_interpolation: 0,interpolation_duration: 1}
$data merge entity $(magazine) {transformation: [-0.9866f,0.0781f,0.1435f,-0.2254f,0.1482f,0.7974f,0.585f,-0.7703f,-0.0687f,0.5984f,-0.7982f,0.3191f,0f,0f,0f,1f],start_interpolation: 0,interpolation_duration: 1}
$data merge entity $(grip) {transformation: [-0.9866f,0.0781f,0.1435f,-0.2254f,0.1482f,0.7974f,0.585f,-0.7703f,-0.0687f,0.5984f,-0.7982f,0.3191f,0f,0f,0f,1f],start_interpolation: 0,interpolation_duration: 1}
$data merge entity $(trigger) {transformation: [-0.9866f,0.0781f,0.1435f,-0.2294f,0.1482f,0.7974f,0.585f,-0.7848f,-0.0687f,0.5984f,-0.7982f,0.3462f,0f,0f,0f,1f],start_interpolation: 0,interpolation_duration: 1}
$data merge entity $(trigger_gaurd) {transformation: [-0.9866f,0.0781f,0.1435f,-0.2318f,0.1482f,0.7974f,0.585f,-0.7807f,-0.0687f,0.5984f,-0.7982f,0.3894f,0f,0f,0f,1f],start_interpolation: 0,interpolation_duration: 1}
$data merge entity $(right_arm) {transformation: [-0.9866f,0.1435f,-0.0781f,-0.2139f,0.1482f,0.585f,-0.7974f,-0.5903f,-0.0687f,-0.7982f,-0.5984f,0.0422f,0f,0f,0f,1f],start_interpolation: 0,interpolation_duration: 1}
$data merge entity $(magazine1) {transformation: [0f,0f,0f,0.0287f,0f,0f,0f,-0.7132f,0f,0f,0f,0.518f,0f,0f,0f,1f],start_interpolation: 0,interpolation_duration: 1}
$data merge entity $(left_arm) {transformation: [-0.9795f,0.0804f,0.1848f,0.081f,-0.1146f,0.5321f,-0.8389f,-0.6052f,-0.1658f,-0.8429f,-0.5119f,0.1343f,0f,0f,0f,1f],start_interpolation: 0,interpolation_duration: 1}
data modify entity @s data merge value {"cameras":{},"locators":{"barrel1":{"px":-0.292379162712996,"py":-0.9145592299510565,"pz":0.6517274616174804,"ry":10.190096894324654,"rx":35.80329894939908}}}