# This file was generated by Animated Java via MC-Build. It is not recommended to edit this file directly.
$data merge entity $(bone_slide) {transformation: [-0.8026f,0.4898f,-0.3405f,0.0446f,0.5671f,0.8036f,-0.1808f,-0.4355f,0.1851f,-0.3382f,-0.9227f,0.5153f,0f,0f,0f,1f],start_interpolation: 0,interpolation_duration: 1}
$data merge entity $(bone_barrel) {transformation: [-0.8026f,0.4898f,-0.3405f,0.1119f,0.5671f,0.8036f,-0.1808f,-0.5524f,0.1851f,-0.3382f,-0.9227f,0.5743f,0f,0f,0f,1f],start_interpolation: 0,interpolation_duration: 1}
$data merge entity $(bone_magazine) {transformation: [-0.8026f,0.4898f,-0.3405f,-0.0687f,0.5671f,0.8036f,-0.1808f,-0.5682f,0.1851f,-0.3382f,-0.9227f,0.4306f,0f,0f,0f,1f],start_interpolation: 0,interpolation_duration: 1}
$data merge entity $(bone_grip) {transformation: [-0.8026f,0.4898f,-0.3405f,-0.0687f,0.5671f,0.8036f,-0.1808f,-0.5682f,0.1851f,-0.3382f,-0.9227f,0.4306f,0f,0f,0f,1f],start_interpolation: 0,interpolation_duration: 1}
$data merge entity $(bone_trigger) {transformation: [-0.8026f,0.4898f,-0.3405f,-0.0562f,0.5671f,0.8036f,-0.1808f,-0.5592f,0.1851f,-0.3382f,-0.9227f,0.4574f,0f,0f,0f,1f],start_interpolation: 0,interpolation_duration: 1}
$data merge entity $(bone_trigger_gaurd) {transformation: [-0.8026f,0.4898f,-0.3405f,-0.031f,0.5671f,0.8036f,-0.1808f,-0.5301f,0.1851f,-0.3382f,-0.9227f,0.4775f,0f,0f,0f,1f],start_interpolation: 0,interpolation_duration: 1}
$data merge entity $(bone_right_arm) {transformation: [-0.8026f,-0.3405f,-0.4898f,-0.2184f,0.5671f,-0.1808f,-0.8036f,-0.6251f,0.1851f,-0.9227f,0.3382f,0.1414f,0f,0f,0f,1f],start_interpolation: 0,interpolation_duration: 1}
$data merge entity $(bone_magazine1) {transformation: [0f,0f,0f,0.1411f,0f,0f,0f,-1.0124f,0f,0f,0f,0.4233f,0f,0f,0f,1f],start_interpolation: 0,interpolation_duration: 1}
$data merge entity $(bone_left_arm) {transformation: [-0.9977f,0.0623f,0.0261f,0.1681f,0.06f,0.995f,-0.0799f,-0.6386f,-0.031f,-0.0782f,-0.9965f,0.2781f,0f,0f,0f,1f],start_interpolation: 0,interpolation_duration: 1}
data modify entity @s data merge value {"cameras":{},"locators":{"barrel1":{"px":0.07469317534782496,"py":-0.427529610708686,"pz":0.7396604461380676,"ry":339.74526824259397,"rx":-10.416910061840703},"ammo_display":{"px":0.06106442608442525,"py":-0.5697027877690974,"pz":0.4745111110114937,"ry":339.74526824259397,"rx":-10.416910061840703}}}