# This file was generated by Animated Java via MC-Build. It is not recommended to edit this file directly.
$data merge entity $(bone_slide) {transformation: [-0.9577f,0.0544f,-0.2824f,-0.0451f,0.1014f,0.9827f,-0.1546f,-0.4061f,0.2691f,-0.1768f,-0.9467f,0.5474f,0f,0f,0f,1f],start_interpolation: 0,interpolation_duration: 1}
$data merge entity $(bone_barrel) {transformation: [-0.9577f,0.0544f,-0.2824f,0.0711f,0.1014f,0.9827f,-0.1546f,-0.488f,0.2691f,-0.1768f,-0.9467f,0.5855f,0f,0f,0f,1f],start_interpolation: 0,interpolation_duration: 1}
$data merge entity $(bone_magazine) {transformation: [-0.9577f,0.0544f,-0.2824f,-0.0921f,0.1014f,0.9827f,-0.1546f,-0.559f,0.2691f,-0.1768f,-0.9467f,0.4378f,0f,0f,0f,1f],start_interpolation: 0,interpolation_duration: 1}
$data merge entity $(bone_grip) {transformation: [-0.9577f,0.0544f,-0.2824f,-0.0921f,0.1014f,0.9827f,-0.1546f,-0.559f,0.2691f,-0.1768f,-0.9467f,0.4378f,0f,0f,0f,1f],start_interpolation: 0,interpolation_duration: 1}
$data merge entity $(bone_trigger) {transformation: [-0.9577f,0.0544f,-0.2824f,-0.0832f,0.1014f,0.9827f,-0.1546f,-0.55f,0.2691f,-0.1768f,-0.9467f,0.466f,0f,0f,0f,1f],start_interpolation: 0,interpolation_duration: 1}
$data merge entity $(bone_trigger_gaurd) {transformation: [-0.9577f,0.0544f,-0.2824f,-0.0725f,0.1014f,0.9827f,-0.1546f,-0.5166f,0.2691f,-0.1768f,-0.9467f,0.4916f,0f,0f,0f,1f],start_interpolation: 0,interpolation_duration: 1}
$data merge entity $(bone_right_arm) {transformation: [-0.9577f,-0.2824f,-0.0544f,-0.2188f,0.1014f,-0.1546f,-0.9827f,-0.6271f,0.2691f,-0.9467f,0.1768f,0.1402f,0f,0f,0f,1f],start_interpolation: 0,interpolation_duration: 1}
$data merge entity $(bone_magazine1) {transformation: [0f,0f,0f,0.1362f,0f,0f,0f,-1.0107f,0f,0f,0f,0.4326f,0f,0f,0f,1f],start_interpolation: 0,interpolation_duration: 1}
$data merge entity $(bone_left_arm) {transformation: [-0.997f,0.0718f,0.0281f,0.1671f,0.0685f,0.9921f,-0.1047f,-0.6408f,-0.0354f,-0.1025f,-0.9941f,0.2783f,0f,0f,0f,1f],start_interpolation: 0,interpolation_duration: 1}
data modify entity @s data merge value {"cameras":{},"locators":{"barrel1":{"px":-0.007237305082102158,"py":-0.42378764977658107,"pz":0.7700633489220448,"ry":343.38997030758253,"rx":-8.895942488292244},"ammo_display":{"px":0.027129627030512013,"py":-0.5090709194763438,"pz":0.4832728280074152,"ry":343.38997030758253,"rx":-8.895942488292244}}}