# This file was generated by Animated Java via MC-Build. It is not recommended to edit this file directly.
$data merge entity $(bone_slide) {transformation: [-0.8502f,-0.3898f,-0.354f,-0.0844f,-0.3607f,0.9209f,-0.1478f,-0.405f,0.3836f,0.002f,-0.9235f,0.5592f,0f,0f,0f,1f],start_interpolation: 0,interpolation_duration: 1}
$data merge entity $(bone_barrel) {transformation: [-0.8502f,-0.3898f,-0.354f,0.06f,-0.3607f,0.9209f,-0.1478f,-0.4318f,0.3836f,0.002f,-0.9235f,0.5691f,0f,0f,0f,1f],start_interpolation: 0,interpolation_duration: 1}
$data merge entity $(bone_magazine) {transformation: [-0.8502f,-0.3898f,-0.354f,-0.0822f,-0.3607f,0.9209f,-0.1478f,-0.5487f,0.3836f,0.002f,-0.9235f,0.429f,0f,0f,0f,1f],start_interpolation: 0,interpolation_duration: 1}
$data merge entity $(bone_grip) {transformation: [-0.8502f,-0.3898f,-0.354f,-0.0822f,-0.3607f,0.9209f,-0.1478f,-0.5487f,0.3836f,0.002f,-0.9235f,0.429f,0f,0f,0f,1f],start_interpolation: 0,interpolation_duration: 1}
$data merge entity $(bone_trigger) {transformation: [-0.8502f,-0.3898f,-0.354f,-0.0731f,-0.3607f,0.9209f,-0.1478f,-0.5402f,0.3836f,0.002f,-0.9235f,0.4573f,0f,0f,0f,1f],start_interpolation: 0,interpolation_duration: 1}
$data merge entity $(bone_trigger_gaurd) {transformation: [-0.8502f,-0.3898f,-0.354f,-0.0728f,-0.3607f,0.9209f,-0.1478f,-0.5088f,0.3836f,0.002f,-0.9235f,0.4873f,0f,0f,0f,1f],start_interpolation: 0,interpolation_duration: 1}
$data merge entity $(bone_right_arm) {transformation: [-0.8502f,-0.354f,0.3898f,-0.2193f,-0.3607f,-0.1478f,-0.9209f,-0.6292f,0.3836f,-0.9235f,-0.002f,0.1392f,0f,0f,0f,1f],start_interpolation: 0,interpolation_duration: 1}
$data merge entity $(bone_magazine1) {transformation: [0f,0f,0f,0.1313f,0f,0f,0f,-1.0086f,0f,0f,0f,0.4421f,0f,0f,0f,1f],start_interpolation: 0,interpolation_duration: 1}
$data merge entity $(bone_left_arm) {transformation: [-0.9962f,0.0816f,0.0295f,0.1662f,0.0771f,0.9885f,-0.13f,-0.643f,-0.0398f,-0.1272f,-0.9911f,0.2786f,0f,0f,0f,1f],start_interpolation: 0,interpolation_duration: 1}
data modify entity @s data merge value {"cameras":{},"locators":{"barrel1":{"px":-0.004277748544970247,"py":-0.43093073479827465,"pz":0.7695256102162105,"ry":339.02950068782536,"rx":-8.500815040356821},"ammo_display":{"px":0.011522164949570243,"py":-0.45752802123222375,"pz":0.4699491223405503,"ry":339.02950068782536,"rx":-8.500815040356821}}}