# This file was generated by Animated Java via MC-Build. It is not recommended to edit this file directly.
$data merge entity $(bone_slide) {transformation: [-0.7405f,-0.5361f,-0.4053f,-0.212f,-0.5123f,0.8406f,-0.1759f,-0.3126f,0.435f,0.0774f,-0.8971f,0.3563f,0f,0f,0f,1f],start_interpolation: 0,interpolation_duration: 1}
$data merge entity $(bone_barrel) {transformation: [-0.7405f,-0.5361f,-0.4053f,-0.0648f,-0.5123f,0.8406f,-0.1759f,-0.3147f,0.435f,0.0774f,-0.8971f,0.353f,0f,0f,0f,1f],start_interpolation: 0,interpolation_duration: 1}
$data merge entity $(bone_magazine) {transformation: [-0.7405f,-0.5361f,-0.4053f,-0.1975f,-0.5123f,0.8406f,-0.1759f,-0.4496f,0.435f,0.0774f,-0.8971f,0.2198f,0f,0f,0f,1f],start_interpolation: 0,interpolation_duration: 1}
$data merge entity $(bone_grip) {transformation: [-0.7405f,-0.5361f,-0.4053f,-0.1975f,-0.5123f,0.8406f,-0.1759f,-0.4496f,0.435f,0.0774f,-0.8971f,0.2198f,0f,0f,0f,1f],start_interpolation: 0,interpolation_duration: 1}
$data merge entity $(bone_trigger) {transformation: [-0.7405f,-0.5361f,-0.4053f,-0.1874f,-0.5123f,0.8406f,-0.1759f,-0.4405f,0.435f,0.0774f,-0.8971f,0.2476f,0f,0f,0f,1f],start_interpolation: 0,interpolation_duration: 1}
$data merge entity $(bone_trigger_gaurd) {transformation: [-0.7405f,-0.5361f,-0.4053f,-0.1897f,-0.5123f,0.8406f,-0.1759f,-0.4105f,0.435f,0.0774f,-0.8971f,0.2789f,0f,0f,0f,1f],start_interpolation: 0,interpolation_duration: 1}
$data merge entity $(bone_right_arm) {transformation: [-0.7405f,-0.4053f,0.5361f,-0.3445f,-0.5123f,-0.1759f,-0.8406f,-0.5427f,0.435f,-0.8971f,-0.0774f,-0.0612f,0f,0f,0f,1f],start_interpolation: 0,interpolation_duration: 1}
$data merge entity $(bone_magazine1) {transformation: [0f,0f,0f,0.0039f,0f,0f,0f,-0.92f,0f,0f,0f,0.247f,0f,0f,0f,1f],start_interpolation: 0,interpolation_duration: 1}
$data merge entity $(bone_left_arm) {transformation: [-0.9958f,0.0866f,0.0301f,0.0407f,0.0815f,0.9864f,-0.1427f,-0.5567f,-0.0421f,-0.1397f,-0.9893f,0.0789f,0f,0f,0f,1f],start_interpolation: 0,interpolation_duration: 1}
data modify entity @s data merge value {"cameras":{},"locators":{"barrel1":{"px":-0.11022402586789573,"py":-0.33132348833242975,"pz":0.5578607760727405,"ry":335.6881477024488,"rx":-10.12827462066774}}}