# This file was generated by Animated Java via MC-Build. It is not recommended to edit this file directly.
$data merge entity $(bone_slide) {transformation: [-0.5562f,-0.6752f,-0.4844f,-0.2044f,-0.6174f,0.726f,-0.303f,-0.274f,0.5563f,0.1305f,-0.8207f,0.3231f,0f,0f,0f,1f],start_interpolation: 0,interpolation_duration: 1}
$data merge entity $(bone_barrel) {transformation: [-0.5562f,-0.6752f,-0.4844f,-0.0617f,-0.6174f,0.726f,-0.303f,-0.2482f,0.5563f,0.1305f,-0.8207f,0.2979f,0f,0f,0f,1f],start_interpolation: 0,interpolation_duration: 1}
$data merge entity $(bone_magazine) {transformation: [-0.5562f,-0.6752f,-0.4844f,-0.1825f,-0.6174f,0.726f,-0.303f,-0.4136f,0.5563f,0.1305f,-0.8207f,0.1902f,0f,0f,0f,1f],start_interpolation: 0,interpolation_duration: 1}
$data merge entity $(bone_grip) {transformation: [-0.5562f,-0.6752f,-0.4844f,-0.1825f,-0.6174f,0.726f,-0.303f,-0.4136f,0.5563f,0.1305f,-0.8207f,0.1902f,0f,0f,0f,1f],start_interpolation: 0,interpolation_duration: 1}
$data merge entity $(bone_trigger) {transformation: [-0.5562f,-0.6752f,-0.4844f,-0.1706f,-0.6174f,0.726f,-0.303f,-0.4011f,0.5563f,0.1305f,-0.8207f,0.2159f,0f,0f,0f,1f],start_interpolation: 0,interpolation_duration: 1}
$data merge entity $(bone_trigger_gaurd) {transformation: [-0.5562f,-0.6752f,-0.4844f,-0.1744f,-0.6174f,0.726f,-0.303f,-0.3703f,0.5563f,0.1305f,-0.8207f,0.2463f,0f,0f,0f,1f],start_interpolation: 0,interpolation_duration: 1}
$data merge entity $(bone_right_arm) {transformation: [-0.5562f,-0.4844f,0.6752f,-0.3462f,-0.6174f,-0.303f,-0.726f,-0.5496f,0.5563f,-0.8207f,-0.1305f,-0.0626f,0f,0f,0f,1f],start_interpolation: 0,interpolation_duration: 1}
$data merge entity $(bone_magazine1) {transformation: [0f,0f,0f,-0.0128f,0f,0f,0f,-0.9096f,0f,0f,0f,0.2808f,0f,0f,0f,1f],start_interpolation: 0,interpolation_duration: 1}
$data merge entity $(bone_left_arm) {transformation: [-0.9921f,0.1217f,0.0305f,0.0376f,0.1114f,0.9665f,-0.2312f,-0.5642f,-0.0576f,-0.226f,-0.9724f,0.0814f,0f,0f,0f,1f],start_interpolation: 0,interpolation_duration: 1}
data modify entity @s data merge value {"cameras":{},"locators":{"barrel1":{"px":-0.07369297592517168,"py":-0.2609408830837179,"pz":0.5076773602820935,"ry":329.44704126317015,"rx":-17.639584710123124}}}