# This file was generated by Animated Java via MC-Build. It is not recommended to edit this file directly.
$data merge entity $(bone_slide) {transformation: [-0.5503f,-0.6771f,-0.4886f,-0.2032f,-0.6121f,0.7251f,-0.3155f,-0.2694f,0.5679f,0.1254f,-0.8135f,0.3186f,0f,0f,0f,1f],start_interpolation: 0,interpolation_duration: 1}
$data merge entity $(bone_barrel) {transformation: [-0.5503f,-0.6771f,-0.4886f,-0.0607f,-0.6121f,0.7251f,-0.3155f,-0.2434f,0.5679f,0.1254f,-0.8135f,0.2921f,0f,0f,0f,1f],start_interpolation: 0,interpolation_duration: 1}
$data merge entity $(bone_magazine) {transformation: [-0.5503f,-0.6771f,-0.4886f,-0.1815f,-0.6121f,0.7251f,-0.3155f,-0.4106f,0.5679f,0.1254f,-0.8135f,0.1874f,0f,0f,0f,1f],start_interpolation: 0,interpolation_duration: 1}
$data merge entity $(bone_grip) {transformation: [-0.5503f,-0.6771f,-0.4886f,-0.1815f,-0.6121f,0.7251f,-0.3155f,-0.4106f,0.5679f,0.1254f,-0.8135f,0.1874f,0f,0f,0f,1f],start_interpolation: 0,interpolation_duration: 1}
$data merge entity $(bone_trigger) {transformation: [-0.5503f,-0.6771f,-0.4886f,-0.1695f,-0.6121f,0.7251f,-0.3155f,-0.3977f,0.5679f,0.1254f,-0.8135f,0.2128f,0f,0f,0f,1f],start_interpolation: 0,interpolation_duration: 1}
$data merge entity $(bone_trigger_gaurd) {transformation: [-0.5503f,-0.6771f,-0.4886f,-0.1732f,-0.6121f,0.7251f,-0.3155f,-0.3665f,0.5679f,0.1254f,-0.8135f,0.2428f,0f,0f,0f,1f],start_interpolation: 0,interpolation_duration: 1}
$data merge entity $(bone_right_arm) {transformation: [-0.5503f,-0.4886f,0.6771f,-0.3464f,-0.6121f,-0.3155f,-0.7251f,-0.5505f,0.5679f,-0.8135f,-0.1254f,-0.0626f,0f,0f,0f,1f],start_interpolation: 0,interpolation_duration: 1}
$data merge entity $(bone_magazine1) {transformation: [0f,0f,0f,-0.015f,0f,0f,0f,-0.9079f,0f,0f,0f,0.2855f,0f,0f,0f,1f],start_interpolation: 0,interpolation_duration: 1}
$data merge entity $(bone_left_arm) {transformation: [-0.9915f,0.1266f,0.0301f,0.0372f,0.1156f,0.963f,-0.2434f,-0.5652f,-0.0598f,-0.2379f,-0.9695f,0.0819f,0f,0f,0f,1f],start_interpolation: 0,interpolation_duration: 1}
data modify entity @s data merge value {"cameras":{},"locators":{"barrel1":{"px":-0.07131266084600629,"py":-0.2533901319025593,"pz":0.50208238474278,"ry":329.01112270450903,"rx":-18.392342172717772}}}