# This file was generated by Animated Java via MC-Build. It is not recommended to edit this file directly.
$data merge entity $(bone_slide) {transformation: [-0.5503f,-0.6771f,-0.4886f,-0.0782f,-0.6121f,0.7251f,-0.3155f,-0.3569f,0.5679f,0.1254f,-0.8135f,0.5186f,0f,0f,0f,1f],start_interpolation: 0,interpolation_duration: 1}
$data merge entity $(bone_barrel) {transformation: [-0.5503f,-0.6771f,-0.4886f,0.0643f,-0.6121f,0.7251f,-0.3155f,-0.3309f,0.5679f,0.1254f,-0.8135f,0.4921f,0f,0f,0f,1f],start_interpolation: 0,interpolation_duration: 1}
$data merge entity $(bone_magazine) {transformation: [-0.5503f,-0.6771f,-0.4886f,-0.0565f,-0.6121f,0.7251f,-0.3155f,-0.4981f,0.5679f,0.1254f,-0.8135f,0.3874f,0f,0f,0f,1f],start_interpolation: 0,interpolation_duration: 1}
$data merge entity $(bone_grip) {transformation: [-0.5503f,-0.6771f,-0.4886f,-0.0565f,-0.6121f,0.7251f,-0.3155f,-0.4981f,0.5679f,0.1254f,-0.8135f,0.3874f,0f,0f,0f,1f],start_interpolation: 0,interpolation_duration: 1}
$data merge entity $(bone_trigger) {transformation: [-0.5503f,-0.6771f,-0.4886f,-0.0445f,-0.6121f,0.7251f,-0.3155f,-0.4852f,0.5679f,0.1254f,-0.8135f,0.4128f,0f,0f,0f,1f],start_interpolation: 0,interpolation_duration: 1}
$data merge entity $(bone_trigger_gaurd) {transformation: [-0.5503f,-0.6771f,-0.4886f,-0.0482f,-0.6121f,0.7251f,-0.3155f,-0.454f,0.5679f,0.1254f,-0.8135f,0.4428f,0f,0f,0f,1f],start_interpolation: 0,interpolation_duration: 1}
$data merge entity $(bone_right_arm) {transformation: [-0.5503f,-0.4886f,0.6771f,-0.2214f,-0.6121f,-0.3155f,-0.7251f,-0.638f,0.5679f,-0.8135f,-0.1254f,0.1374f,0f,0f,0f,1f],start_interpolation: 0,interpolation_duration: 1}
$data merge entity $(bone_magazine1) {transformation: [0f,0f,0f,0.11f,0f,0f,0f,-0.9954f,0f,0f,0f,0.4855f,0f,0f,0f,1f],start_interpolation: 0,interpolation_duration: 1}
$data merge entity $(bone_left_arm) {transformation: [-0.9915f,0.1266f,0.0301f,0.1622f,0.1156f,0.963f,-0.2434f,-0.6527f,-0.0598f,-0.2379f,-0.9695f,0.2819f,0f,0f,0f,1f],start_interpolation: 0,interpolation_duration: 1}
data modify entity @s data merge value {"cameras":{},"locators":{"barrel1":{"px":0.05368733915399372,"py":-0.3408901319025594,"pz":0.7020823847427801,"ry":329.01112270450903,"rx":-18.392342172717772},"ammo_display":{"px":0.00584019124480023,"py":-0.37763814944446855,"pz":0.40701737725511594,"ry":329.01112270450903,"rx":-18.392342172717772}}}