# This file was generated by Animated Java via MC-Build. It is not recommended to edit this file directly.
$data merge entity $(bone_slide) {transformation: [-0.5464f,-0.674f,-0.4971f,-0.0743f,-0.5869f,0.7316f,-0.3468f,-0.3445f,0.5974f,0.1023f,-0.7954f,0.5058f,0f,0f,0f,1f],start_interpolation: 0,interpolation_duration: 1}
$data merge entity $(bone_barrel) {transformation: [-0.5464f,-0.674f,-0.4971f,0.068f,-0.5869f,0.7316f,-0.3468f,-0.32f,0.5974f,0.1023f,-0.7954f,0.4769f,0f,0f,0f,1f],start_interpolation: 0,interpolation_duration: 1}
$data merge entity $(bone_magazine) {transformation: [-0.5464f,-0.674f,-0.4971f,-0.0543f,-0.5869f,0.7316f,-0.3468f,-0.491f,0.5974f,0.1023f,-0.7954f,0.3802f,0f,0f,0f,1f],start_interpolation: 0,interpolation_duration: 1}
$data merge entity $(bone_grip) {transformation: [-0.5464f,-0.674f,-0.4971f,-0.0543f,-0.5869f,0.7316f,-0.3468f,-0.491f,0.5974f,0.1023f,-0.7954f,0.3802f,0f,0f,0f,1f],start_interpolation: 0,interpolation_duration: 1}
$data merge entity $(bone_trigger) {transformation: [-0.5464f,-0.674f,-0.4971f,-0.042f,-0.5869f,0.7316f,-0.3468f,-0.4771f,0.5974f,0.1023f,-0.7954f,0.405f,0f,0f,0f,1f],start_interpolation: 0,interpolation_duration: 1}
$data merge entity $(bone_trigger_gaurd) {transformation: [-0.5464f,-0.674f,-0.4971f,-0.0454f,-0.5869f,0.7316f,-0.3468f,-0.4448f,0.5974f,0.1023f,-0.7954f,0.4338f,0f,0f,0f,1f],start_interpolation: 0,interpolation_duration: 1}
$data merge entity $(bone_right_arm) {transformation: [-0.5464f,-0.4971f,0.674f,-0.2219f,-0.5869f,-0.3468f,-0.7316f,-0.6404f,0.5974f,-0.7954f,-0.1023f,0.1377f,0f,0f,0f,1f],start_interpolation: 0,interpolation_duration: 1}
$data merge entity $(bone_magazine1) {transformation: [0f,0f,0f,0.1037f,0f,0f,0f,-0.9897f,0f,0f,0f,0.4992f,0f,0f,0f,1f],start_interpolation: 0,interpolation_duration: 1}
$data merge entity $(bone_left_arm) {transformation: [-0.9896f,0.1408f,0.0281f,0.1612f,0.1275f,0.9519f,-0.2787f,-0.6554f,-0.066f,-0.2722f,-0.96f,0.2835f,0f,0f,0f,1f],start_interpolation: 0,interpolation_duration: 1}
data modify entity @s data merge value {"cameras":{},"locators":{"barrel1":{"px":0.05932587471927135,"py":-0.32150769575546906,"pz":0.687274632711481,"ry":327.9938083248519,"rx":-20.289774538514823},"ammo_display":{"px":0.008567972566727547,"py":-0.3700327635633044,"pz":0.39440592806156843,"ry":327.9938083248519,"rx":-20.289774538514823}}}