# This file was generated by Animated Java via MC-Build. It is not recommended to edit this file directly.
$data merge entity $(slide) {transformation: [-0.9931f,0.1011f,0.0593f,-0.1942f,0.1128f,0.9618f,0.2493f,-0.5133f,-0.0318f,0.2542f,-0.9666f,0.5392f,0f,0f,0f,1f],start_interpolation: 0,interpolation_duration: 1}
$data merge entity $(barrel) {transformation: [-0.9931f,0.1011f,0.0593f,-0.0971f,0.1128f,0.9618f,0.2493f,-0.6175f,-0.0318f,0.2542f,-0.9666f,0.5764f,0f,0f,0f,1f],start_interpolation: 0,interpolation_duration: 1}
$data merge entity $(magazine) {transformation: [-0.9931f,0.1011f,0.0593f,-0.1993f,0.1128f,0.9618f,0.2493f,-0.6066f,-0.0318f,0.2542f,-0.9666f,0.3692f,0f,0f,0f,1f],start_interpolation: 0,interpolation_duration: 1}
$data merge entity $(grip) {transformation: [-0.9931f,0.1011f,0.0593f,-0.1993f,0.1128f,0.9618f,0.2493f,-0.6066f,-0.0318f,0.2542f,-0.9666f,0.3692f,0f,0f,0f,1f],start_interpolation: 0,interpolation_duration: 1}
$data merge entity $(trigger) {transformation: [-0.9931f,0.1011f,0.0593f,-0.2007f,0.1128f,0.9618f,0.2493f,-0.61f,-0.0318f,0.2542f,-0.9666f,0.3999f,0f,0f,0f,1f],start_interpolation: 0,interpolation_duration: 1}
$data merge entity $(trigger_gaurd) {transformation: [-0.9931f,0.1011f,0.0593f,-0.1997f,0.1128f,0.9618f,0.2493f,-0.5903f,-0.0318f,0.2542f,-0.9666f,0.4386f,0f,0f,0f,1f],start_interpolation: 0,interpolation_duration: 1}
$data merge entity $(right_arm) {transformation: [-0.9931f,0.0593f,-0.1011f,-0.2161f,0.1128f,0.2493f,-0.9618f,-0.5413f,-0.0318f,-0.9666f,-0.2542f,0.0456f,0f,0f,0f,1f],start_interpolation: 0,interpolation_duration: 1}
$data merge entity $(magazine1) {transformation: [0f,0f,0f,-0.0868f,0f,0f,0f,-0.5562f,0f,0f,0f,0.4834f,0f,0f,0f,1f],start_interpolation: 0,interpolation_duration: 1}
$data merge entity $(left_arm) {transformation: [-0.9215f,0.177f,0.3456f,0.0213f,-0.2877f,0.2863f,-0.9139f,-0.5516f,-0.2607f,-0.9416f,-0.2129f,0.0963f,0f,0f,0f,1f],start_interpolation: 0,interpolation_duration: 1}
data modify entity @s data merge value {"cameras":{},"locators":{"barrel1":{"px":-0.23437903285806969,"py":-0.6179271840621252,"pz":0.7360108122697131,"ry":3.5092213581646376,"rx":14.434026419259608}}}