# This file was generated by Animated Java via MC-Build. It is not recommended to edit this file directly.
$data merge entity $(bone_slide) {transformation: [-0.9931f,0.1011f,0.0593f,-0.1942f,0.1128f,0.9618f,0.2493f,-0.632f,-0.0318f,0.2542f,-0.9666f,0.7392f,0f,0f,0f,1f],start_interpolation: 0,interpolation_duration: 1}
$data merge entity $(bone_barrel) {transformation: [-0.9931f,0.1011f,0.0593f,-0.0971f,0.1128f,0.9618f,0.2493f,-0.7362f,-0.0318f,0.2542f,-0.9666f,0.7764f,0f,0f,0f,1f],start_interpolation: 0,interpolation_duration: 1}
$data merge entity $(bone_magazine) {transformation: [-0.9931f,0.1011f,0.0593f,-0.1993f,0.1128f,0.9618f,0.2493f,-0.7253f,-0.0318f,0.2542f,-0.9666f,0.5692f,0f,0f,0f,1f],start_interpolation: 0,interpolation_duration: 1}
$data merge entity $(bone_grip) {transformation: [-0.9931f,0.1011f,0.0593f,-0.1993f,0.1128f,0.9618f,0.2493f,-0.7253f,-0.0318f,0.2542f,-0.9666f,0.5692f,0f,0f,0f,1f],start_interpolation: 0,interpolation_duration: 1}
$data merge entity $(bone_trigger) {transformation: [-0.9931f,0.1011f,0.0593f,-0.2007f,0.1128f,0.9618f,0.2493f,-0.7288f,-0.0318f,0.2542f,-0.9666f,0.5999f,0f,0f,0f,1f],start_interpolation: 0,interpolation_duration: 1}
$data merge entity $(bone_trigger_gaurd) {transformation: [-0.9931f,0.1011f,0.0593f,-0.1997f,0.1128f,0.9618f,0.2493f,-0.7091f,-0.0318f,0.2542f,-0.9666f,0.6386f,0f,0f,0f,1f],start_interpolation: 0,interpolation_duration: 1}
$data merge entity $(bone_right_arm) {transformation: [-0.9931f,0.0593f,-0.1011f,-0.2161f,0.1128f,0.2493f,-0.9618f,-0.6601f,-0.0318f,-0.9666f,-0.2542f,0.2456f,0f,0f,0f,1f],start_interpolation: 0,interpolation_duration: 1}
$data merge entity $(bone_magazine1) {transformation: [0f,0f,0f,-0.0868f,0f,0f,0f,-0.675f,0f,0f,0f,0.6834f,0f,0f,0f,1f],start_interpolation: 0,interpolation_duration: 1}
$data merge entity $(bone_left_arm) {transformation: [-0.9215f,0.177f,0.3456f,0.0213f,-0.2877f,0.2863f,-0.9139f,-0.6703f,-0.2607f,-0.9416f,-0.2129f,0.2963f,0f,0f,0f,1f],start_interpolation: 0,interpolation_duration: 1}
data modify entity @s data merge value {"cameras":{},"locators":{"barrel1":{"px":-0.2343790328580697,"py":-0.7366771840621252,"pz":0.936010812269713,"ry":3.5092213581646376,"rx":14.434026419259608},"ammo_display":{"px":-0.10330363091710315,"py":-0.7115764950773672,"pz":0.6660250359434322,"ry":3.5092213581646376,"rx":14.434026419259608}}}