# This file was generated by Animated Java via MC-Build. It is not recommended to edit this file directly.
$data merge entity $(bone_slide) {transformation: [-0.5493f,-0.6704f,-0.4988f,-0.073f,-0.5761f,0.7362f,-0.3551f,-0.341f,0.6053f,0.0923f,-0.7907f,0.502f,0f,0f,0f,1f],start_interpolation: 0,interpolation_duration: 1}
$data merge entity $(bone_barrel) {transformation: [-0.5493f,-0.6704f,-0.4988f,0.0694f,-0.5761f,0.7362f,-0.3551f,-0.3176f,0.6053f,0.0923f,-0.7907f,0.4728f,0f,0f,0f,1f],start_interpolation: 0,interpolation_duration: 1}
$data merge entity $(bone_magazine) {transformation: [-0.5493f,-0.6704f,-0.4988f,-0.0537f,-0.5761f,0.7362f,-0.3551f,-0.4892f,0.6053f,0.0923f,-0.7907f,0.3784f,0f,0f,0f,1f],start_interpolation: 0,interpolation_duration: 1}
$data merge entity $(bone_grip) {transformation: [-0.5493f,-0.6704f,-0.4988f,-0.0537f,-0.5761f,0.7362f,-0.3551f,-0.4892f,0.6053f,0.0923f,-0.7907f,0.3784f,0f,0f,0f,1f],start_interpolation: 0,interpolation_duration: 1}
$data merge entity $(bone_trigger) {transformation: [-0.5493f,-0.6704f,-0.4988f,-0.0414f,-0.5761f,0.7362f,-0.3551f,-0.4751f,0.6053f,0.0923f,-0.7907f,0.403f,0f,0f,0f,1f],start_interpolation: 0,interpolation_duration: 1}
$data merge entity $(bone_trigger_gaurd) {transformation: [-0.5493f,-0.6704f,-0.4988f,-0.0445f,-0.5761f,0.7362f,-0.3551f,-0.4424f,0.6053f,0.0923f,-0.7907f,0.4313f,0f,0f,0f,1f],start_interpolation: 0,interpolation_duration: 1}
$data merge entity $(bone_right_arm) {transformation: [-0.5493f,-0.4988f,0.6704f,-0.222f,-0.5761f,-0.3551f,-0.7362f,-0.6411f,0.6053f,-0.7907f,-0.0923f,0.1379f,0f,0f,0f,1f],start_interpolation: 0,interpolation_duration: 1}
$data merge entity $(bone_magazine1) {transformation: [0f,0f,0f,0.1018f,0f,0f,0f,-0.9877f,0f,0f,0f,0.5036f,0f,0f,0f,1f],start_interpolation: 0,interpolation_duration: 1}
$data merge entity $(bone_left_arm) {transformation: [-0.989f,0.1453f,0.0272f,0.1609f,0.1313f,0.948f,-0.29f,-0.6562f,-0.068f,-0.2832f,-0.9567f,0.284f,0f,0f,0f,1f],start_interpolation: 0,interpolation_duration: 1}
data modify entity @s data merge value {"cameras":{},"locators":{"barrel1":{"px":0.060742061589845506,"py":-0.3161942187507023,"pz":0.6831351167834395,"ry":327.7543616057669,"rx":-20.79766700898997},"ammo_display":{"px":0.009757864004541233,"py":-0.36842966116222386,"pz":0.3909447761616878,"ry":327.7543616057669,"rx":-20.79766700898997}}}