# This file was generated by Animated Java via MC-Build. It is not recommended to edit this file directly.
$data merge entity $(slide) {transformation: [-0.554f,-0.6657f,-0.4999f,-0.0717f,-0.5644f,0.7418f,-0.3623f,-0.2191f,0.612f,0.0814f,-0.7867f,0.2984f,0f,0f,0f,1f],start_interpolation: 0,interpolation_duration: 1}
$data merge entity $(barrel) {transformation: [-0.554f,-0.6657f,-0.4999f,0.0709f,-0.5644f,0.7418f,-0.3623f,-0.197f,0.612f,0.0814f,-0.7867f,0.2692f,0f,0f,0f,1f],start_interpolation: 0,interpolation_duration: 1}
$data merge entity $(magazine) {transformation: [-0.554f,-0.6657f,-0.4999f,-0.0532f,-0.5644f,0.7418f,-0.3623f,-0.3691f,0.612f,0.0814f,-0.7867f,0.1769f,0f,0f,0f,1f],start_interpolation: 0,interpolation_duration: 1}
$data merge entity $(grip) {transformation: [-0.554f,-0.6657f,-0.4999f,-0.0532f,-0.5644f,0.7418f,-0.3623f,-0.3691f,0.612f,0.0814f,-0.7867f,0.1769f,0f,0f,0f,1f],start_interpolation: 0,interpolation_duration: 1}
$data merge entity $(trigger) {transformation: [-0.554f,-0.6657f,-0.4999f,-0.0408f,-0.5644f,0.7418f,-0.3623f,-0.3547f,0.612f,0.0814f,-0.7867f,0.2013f,0f,0f,0f,1f],start_interpolation: 0,interpolation_duration: 1}
$data merge entity $(trigger_gaurd) {transformation: [-0.554f,-0.6657f,-0.4999f,-0.0438f,-0.5644f,0.7418f,-0.3623f,-0.3215f,0.612f,0.0814f,-0.7867f,0.2292f,0f,0f,0f,1f],start_interpolation: 0,interpolation_duration: 1}
$data merge entity $(right_arm) {transformation: [-0.554f,-0.4999f,0.6657f,-0.2221f,-0.5644f,-0.3623f,-0.7418f,-0.523f,0.612f,-0.7867f,-0.0814f,-0.0619f,0f,0f,0f,1f],start_interpolation: 0,interpolation_duration: 1}
$data merge entity $(magazine1) {transformation: [0f,0f,0f,0.1f,0f,0f,0f,-0.8669f,0f,0f,0f,0.3079f,0f,0f,0f,1f],start_interpolation: 0,interpolation_duration: 1}
$data merge entity $(left_arm) {transformation: [-0.9884f,0.1497f,0.0263f,0.1607f,0.135f,0.9441f,-0.3009f,-0.5382f,-0.0699f,-0.2939f,-0.9533f,0.0846f,0f,0f,0f,1f],start_interpolation: 0,interpolation_duration: 1}
data modify entity @s data merge value {"cameras":{},"locators":{"barrel1":{"px":0.06193590584934619,"py":-0.19271103649893667,"pz":0.47945195048436645,"ry":327.56657935181465,"rx":-21.243134553944554}}}