# This file was generated by Animated Java via MC-Build. It is not recommended to edit this file directly.
$data merge entity $(bone_slide) {transformation: [-0.554f,-0.6657f,-0.4999f,-0.1967f,-0.5644f,0.7418f,-0.3623f,-0.2503f,0.612f,0.0814f,-0.7867f,0.2984f,0f,0f,0f,1f],start_interpolation: 0,interpolation_duration: 1}
$data merge entity $(bone_barrel) {transformation: [-0.554f,-0.6657f,-0.4999f,-0.0541f,-0.5644f,0.7418f,-0.3623f,-0.2282f,0.612f,0.0814f,-0.7867f,0.2692f,0f,0f,0f,1f],start_interpolation: 0,interpolation_duration: 1}
$data merge entity $(bone_magazine) {transformation: [-0.554f,-0.6657f,-0.4999f,-0.1782f,-0.5644f,0.7418f,-0.3623f,-0.4003f,0.612f,0.0814f,-0.7867f,0.1769f,0f,0f,0f,1f],start_interpolation: 0,interpolation_duration: 1}
$data merge entity $(bone_grip) {transformation: [-0.554f,-0.6657f,-0.4999f,-0.1782f,-0.5644f,0.7418f,-0.3623f,-0.4003f,0.612f,0.0814f,-0.7867f,0.1769f,0f,0f,0f,1f],start_interpolation: 0,interpolation_duration: 1}
$data merge entity $(bone_trigger) {transformation: [-0.554f,-0.6657f,-0.4999f,-0.1658f,-0.5644f,0.7418f,-0.3623f,-0.386f,0.612f,0.0814f,-0.7867f,0.2013f,0f,0f,0f,1f],start_interpolation: 0,interpolation_duration: 1}
$data merge entity $(bone_trigger_gaurd) {transformation: [-0.554f,-0.6657f,-0.4999f,-0.1688f,-0.5644f,0.7418f,-0.3623f,-0.3528f,0.612f,0.0814f,-0.7867f,0.2292f,0f,0f,0f,1f],start_interpolation: 0,interpolation_duration: 1}
$data merge entity $(bone_right_arm) {transformation: [-0.554f,-0.4999f,0.6657f,-0.3471f,-0.5644f,-0.3623f,-0.7418f,-0.5543f,0.612f,-0.7867f,-0.0814f,-0.0619f,0f,0f,0f,1f],start_interpolation: 0,interpolation_duration: 1}
$data merge entity $(bone_magazine1) {transformation: [0f,0f,0f,-0.025f,0f,0f,0f,-0.8981f,0f,0f,0f,0.3079f,0f,0f,0f,1f],start_interpolation: 0,interpolation_duration: 1}
$data merge entity $(bone_left_arm) {transformation: [-0.9884f,0.1497f,0.0263f,0.0357f,0.135f,0.9441f,-0.3009f,-0.5694f,-0.0699f,-0.2939f,-0.9533f,0.0846f,0f,0f,0f,1f],start_interpolation: 0,interpolation_duration: 1}
data modify entity @s data merge value {"cameras":{},"locators":{"barrel1":{"px":-0.06306409415065378,"py":-0.22396103649893667,"pz":0.4794519504843664,"ry":327.56657935181465,"rx":-21.243134553944554}}}