# This file was generated by Animated Java via MC-Build. It is not recommended to edit this file directly.
$data merge entity $(slide) {transformation: [-0.5605f,-0.6599f,-0.5004f,-0.0704f,-0.5518f,0.7481f,-0.3686f,-0.2162f,0.6176f,0.0695f,-0.7834f,0.2952f,0f,0f,0f,1f],start_interpolation: 0,interpolation_duration: 1}
$data merge entity $(barrel) {transformation: [-0.5605f,-0.6599f,-0.5004f,0.0725f,-0.5518f,0.7481f,-0.3686f,-0.1957f,0.6176f,0.0695f,-0.7834f,0.2661f,0f,0f,0f,1f],start_interpolation: 0,interpolation_duration: 1}
$data merge entity $(magazine) {transformation: [-0.5605f,-0.6599f,-0.5004f,-0.0527f,-0.5518f,0.7481f,-0.3686f,-0.3679f,0.6176f,0.0695f,-0.7834f,0.1757f,0f,0f,0f,1f],start_interpolation: 0,interpolation_duration: 1}
$data merge entity $(grip) {transformation: [-0.5605f,-0.6599f,-0.5004f,-0.0527f,-0.5518f,0.7481f,-0.3686f,-0.3679f,0.6176f,0.0695f,-0.7834f,0.1757f,0f,0f,0f,1f],start_interpolation: 0,interpolation_duration: 1}
$data merge entity $(trigger) {transformation: [-0.5605f,-0.6599f,-0.5004f,-0.0403f,-0.5518f,0.7481f,-0.3686f,-0.3534f,0.6176f,0.0695f,-0.7834f,0.2f,0f,0f,0f,1f],start_interpolation: 0,interpolation_duration: 1}
$data merge entity $(trigger_gaurd) {transformation: [-0.5605f,-0.6599f,-0.5004f,-0.0431f,-0.5518f,0.7481f,-0.3686f,-0.3198f,0.6176f,0.0695f,-0.7834f,0.2274f,0f,0f,0f,1f],start_interpolation: 0,interpolation_duration: 1}
$data merge entity $(right_arm) {transformation: [-0.5605f,-0.5004f,0.6599f,-0.2221f,-0.5518f,-0.3686f,-0.7481f,-0.5236f,0.6176f,-0.7834f,-0.0695f,-0.0616f,0f,0f,0f,1f],start_interpolation: 0,interpolation_duration: 1}
$data merge entity $(magazine1) {transformation: [0f,0f,0f,0.0983f,0f,0f,0f,-0.8648f,0f,0f,0f,0.3121f,0f,0f,0f,1f],start_interpolation: 0,interpolation_duration: 1}
$data merge entity $(left_arm) {transformation: [-0.9877f,0.154f,0.0253f,0.1605f,0.1386f,0.9401f,-0.3115f,-0.5388f,-0.0718f,-0.3042f,-0.9499f,0.0852f,0f,0f,0f,1f],start_interpolation: 0,interpolation_duration: 1}
data modify entity @s data merge value {"cameras":{},"locators":{"barrel1":{"px":0.06290624621543278,"py":-0.1885523677398814,"pz":0.47625438804445774,"ry":327.43180608287776,"rx":-21.627005973116404}}}