# This file was generated by Animated Java via MC-Build. It is not recommended to edit this file directly.
$data merge entity $(bone_slide) {transformation: [-0.6128f,-0.6165f,-0.4943f,-0.0644f,-0.4811f,0.7873f,-0.3855f,-0.3254f,0.6269f,0.0016f,-0.7791f,0.4843f,0f,0f,0f,1f],start_interpolation: 0,interpolation_duration: 1}
$data merge entity $(bone_barrel) {transformation: [-0.6128f,-0.6165f,-0.4943f,0.0803f,-0.4811f,0.7873f,-0.3855f,-0.3148f,0.6269f,0.0016f,-0.7791f,0.4594f,0f,0f,0f,1f],start_interpolation: 0,interpolation_duration: 1}
$data merge entity $(bone_magazine) {transformation: [-0.6128f,-0.6165f,-0.4943f,-0.0517f,-0.4811f,0.7873f,-0.3855f,-0.4848f,0.6269f,0.0016f,-0.7791f,0.3745f,0f,0f,0f,1f],start_interpolation: 0,interpolation_duration: 1}
$data merge entity $(bone_grip) {transformation: [-0.6128f,-0.6165f,-0.4943f,-0.0517f,-0.4811f,0.7873f,-0.3855f,-0.4848f,0.6269f,0.0016f,-0.7791f,0.3745f,0f,0f,0f,1f],start_interpolation: 0,interpolation_duration: 1}
$data merge entity $(bone_trigger) {transformation: [-0.6128f,-0.6165f,-0.4943f,-0.0392f,-0.4811f,0.7873f,-0.3855f,-0.4695f,0.6269f,0.0016f,-0.7791f,0.3983f,0f,0f,0f,1f],start_interpolation: 0,interpolation_duration: 1}
$data merge entity $(bone_trigger_gaurd) {transformation: [-0.6128f,-0.6165f,-0.4943f,-0.041f,-0.4811f,0.7873f,-0.3855f,-0.4343f,0.6269f,0.0016f,-0.7791f,0.4236f,0f,0f,0f,1f],start_interpolation: 0,interpolation_duration: 1}
$data merge entity $(bone_right_arm) {transformation: [-0.6128f,-0.4943f,0.6165f,-0.2218f,-0.4811f,-0.3855f,-0.7873f,-0.6445f,0.6269f,-0.7791f,-0.0016f,0.1404f,0f,0f,0f,1f],start_interpolation: 0,interpolation_duration: 1}
$data merge entity $(bone_magazine1) {transformation: [0f,0f,0f,0.0915f,0f,0f,0f,-0.9729f,0f,0f,0f,0.5311f,0f,0f,0f,1f],start_interpolation: 0,interpolation_duration: 1}
$data merge entity $(bone_left_arm) {transformation: [-0.9847f,0.173f,0.0196f,0.1604f,0.1546f,0.9205f,-0.3589f,-0.66f,-0.0801f,-0.3504f,-0.9332f,0.2883f,0f,0f,0f,1f],start_interpolation: 0,interpolation_duration: 1}
data modify entity @s data merge value {"cameras":{},"locators":{"barrel1":{"px":0.06403497896702073,"py":-0.2946715732871373,"pz":0.6683580048028177,"ry":327.60844383463444,"rx":-22.675305020398373},"ammo_display":{"px":0.02014530129511566,"py":-0.36815721225968695,"pz":0.3796077977749225,"ry":327.60844383463444,"rx":-22.675305020398373}}}