# This file was generated by Animated Java via MC-Build. It is not recommended to edit this file directly.
$data merge entity $(bone_slide) {transformation: [-0.9951f,0.0962f,0.0232f,-0.3044f,0.098f,0.9904f,0.098f,-0.4482f,-0.0136f,0.0998f,-0.9949f,0.5303f,0f,0f,0f,1f],start_interpolation: 0,interpolation_duration: 1}
$data merge entity $(bone_barrel) {transformation: [-0.9951f,0.0962f,0.0232f,-0.2046f,0.098f,0.9904f,0.098f,-0.5446f,-0.0136f,0.0998f,-0.9949f,0.5796f,0f,0f,0f,1f],start_interpolation: 0,interpolation_duration: 1}
$data merge entity $(bone_magazine) {transformation: [-0.9951f,0.0962f,0.0232f,-0.314f,0.098f,0.9904f,0.098f,-0.5666f,-0.0136f,0.0998f,-0.9949f,0.377f,0f,0f,0f,1f],start_interpolation: 0,interpolation_duration: 1}
$data merge entity $(bone_grip) {transformation: [-0.9951f,0.0962f,0.0232f,-0.314f,0.098f,0.9904f,0.098f,-0.5666f,-0.0136f,0.0998f,-0.9949f,0.377f,0f,0f,0f,1f],start_interpolation: 0,interpolation_duration: 1}
$data merge entity $(bone_trigger) {transformation: [-0.9951f,0.0962f,0.0232f,-0.3142f,0.098f,0.9904f,0.098f,-0.5653f,-0.0136f,0.0998f,-0.9949f,0.4079f,0f,0f,0f,1f],start_interpolation: 0,interpolation_duration: 1}
$data merge entity $(bone_trigger_gaurd) {transformation: [-0.9951f,0.0962f,0.0232f,-0.3122f,0.098f,0.9904f,0.098f,-0.5399f,-0.0136f,0.0998f,-0.9949f,0.443f,0f,0f,0f,1f],start_interpolation: 0,interpolation_duration: 1}
$data merge entity $(bone_right_arm) {transformation: [-0.9951f,0.0232f,-0.0962f,-0.3426f,0.098f,0.098f,-0.9904f,-0.5521f,-0.0136f,-0.9949f,-0.0998f,0.048f,0f,0f,0f,1f],start_interpolation: 0,interpolation_duration: 1}
$data merge entity $(bone_magazine1) {transformation: [0f,0f,0f,-0.2862f,0f,0f,0f,-0.5168f,0f,0f,0f,0.4486f,0f,0f,0f,1f],start_interpolation: 0,interpolation_duration: 1}
$data merge entity $(bone_left_arm) {transformation: [-0.8802f,0.2788f,0.3841f,-0.1345f,-0.3502f,0.1646f,-0.9221f,-0.56f,-0.3203f,-0.9461f,-0.0472f,0.0789f,0f,0f,0f,1f],start_interpolation: 0,interpolation_duration: 1}
data modify entity @s data merge value {"cameras":{},"locators":{"barrel1":{"px":-0.3364881109181896,"py":-0.5216480368986008,"pz":0.7421519796114697,"ry":1.3367585657336747,"rx":5.622649897434903}}}