# This file was generated by Animated Java via MC-Build. It is not recommended to edit this file directly.
$data merge entity $(bone_slide) {transformation: [-0.9951f,0.0962f,0.0232f,-0.1794f,0.098f,0.9904f,0.098f,-0.5357f,-0.0136f,0.0998f,-0.9949f,0.7303f,0f,0f,0f,1f],start_interpolation: 0,interpolation_duration: 1}
$data merge entity $(bone_barrel) {transformation: [-0.9951f,0.0962f,0.0232f,-0.0796f,0.098f,0.9904f,0.098f,-0.6321f,-0.0136f,0.0998f,-0.9949f,0.7796f,0f,0f,0f,1f],start_interpolation: 0,interpolation_duration: 1}
$data merge entity $(bone_magazine) {transformation: [-0.9951f,0.0962f,0.0232f,-0.189f,0.098f,0.9904f,0.098f,-0.6541f,-0.0136f,0.0998f,-0.9949f,0.577f,0f,0f,0f,1f],start_interpolation: 0,interpolation_duration: 1}
$data merge entity $(bone_grip) {transformation: [-0.9951f,0.0962f,0.0232f,-0.189f,0.098f,0.9904f,0.098f,-0.6541f,-0.0136f,0.0998f,-0.9949f,0.577f,0f,0f,0f,1f],start_interpolation: 0,interpolation_duration: 1}
$data merge entity $(bone_trigger) {transformation: [-0.9951f,0.0962f,0.0232f,-0.1892f,0.098f,0.9904f,0.098f,-0.6528f,-0.0136f,0.0998f,-0.9949f,0.6079f,0f,0f,0f,1f],start_interpolation: 0,interpolation_duration: 1}
$data merge entity $(bone_trigger_gaurd) {transformation: [-0.9951f,0.0962f,0.0232f,-0.1872f,0.098f,0.9904f,0.098f,-0.6274f,-0.0136f,0.0998f,-0.9949f,0.643f,0f,0f,0f,1f],start_interpolation: 0,interpolation_duration: 1}
$data merge entity $(bone_right_arm) {transformation: [-0.9951f,0.0232f,-0.0962f,-0.2176f,0.098f,0.098f,-0.9904f,-0.6396f,-0.0136f,-0.9949f,-0.0998f,0.248f,0f,0f,0f,1f],start_interpolation: 0,interpolation_duration: 1}
$data merge entity $(bone_magazine1) {transformation: [0f,0f,0f,-0.1612f,0f,0f,0f,-0.6043f,0f,0f,0f,0.6486f,0f,0f,0f,1f],start_interpolation: 0,interpolation_duration: 1}
$data merge entity $(bone_left_arm) {transformation: [-0.8802f,0.2788f,0.3841f,-0.0095f,-0.3502f,0.1646f,-0.9221f,-0.6475f,-0.3203f,-0.9461f,-0.0472f,0.2789f,0f,0f,0f,1f],start_interpolation: 0,interpolation_duration: 1}
data modify entity @s data merge value {"cameras":{},"locators":{"barrel1":{"px":-0.21148811091818964,"py":-0.6091480368986009,"pz":0.9421519796114698,"ry":1.3367585657336747,"rx":5.622649897434903},"ammo_display":{"px":-0.08994181943590339,"py":-0.6247912217596348,"pz":0.6670430651897327,"ry":1.3367585657336747,"rx":5.622649897434903}}}