# This file was generated by Animated Java via MC-Build. It is not recommended to edit this file directly.
$data merge entity $(bone_slide) {transformation: [-0.6703f,-0.5682f,-0.4773f,-0.1867f,-0.4226f,0.821f,-0.3839f,-0.2357f,0.61f,-0.0556f,-0.7904f,0.2834f,0f,0f,0f,1f],start_interpolation: 0,interpolation_duration: 1}
$data merge entity $(bone_barrel) {transformation: [-0.6703f,-0.5682f,-0.4773f,-0.0405f,-0.4226f,0.821f,-0.3839f,-0.2343f,0.61f,-0.0556f,-0.7904f,0.2657f,0f,0f,0f,1f],start_interpolation: 0,interpolation_duration: 1}
$data merge entity $(bone_magazine) {transformation: [-0.6703f,-0.5682f,-0.4773f,-0.178f,-0.4226f,0.821f,-0.3839f,-0.3993f,0.61f,-0.0556f,-0.7904f,0.1796f,0f,0f,0f,1f],start_interpolation: 0,interpolation_duration: 1}
$data merge entity $(bone_grip) {transformation: [-0.6703f,-0.5682f,-0.4773f,-0.178f,-0.4226f,0.821f,-0.3839f,-0.3993f,0.61f,-0.0556f,-0.7904f,0.1796f,0f,0f,0f,1f],start_interpolation: 0,interpolation_duration: 1}
$data merge entity $(bone_trigger) {transformation: [-0.6703f,-0.5682f,-0.4773f,-0.1659f,-0.4226f,0.821f,-0.3839f,-0.384f,0.61f,-0.0556f,-0.7904f,0.2036f,0f,0f,0f,1f],start_interpolation: 0,interpolation_duration: 1}
$data merge entity $(bone_trigger_gaurd) {transformation: [-0.6703f,-0.5682f,-0.4773f,-0.1668f,-0.4226f,0.821f,-0.3839f,-0.3478f,0.61f,-0.0556f,-0.7904f,0.2276f,0f,0f,0f,1f],start_interpolation: 0,interpolation_duration: 1}
$data merge entity $(bone_right_arm) {transformation: [-0.6703f,-0.4773f,0.5682f,-0.3456f,-0.4226f,-0.3839f,-0.821f,-0.5572f,0.61f,-0.7904f,0.0556f,-0.0575f,0f,0f,0f,1f],start_interpolation: 0,interpolation_duration: 1}
$data merge entity $(bone_magazine1) {transformation: [0f,0f,0f,-0.0364f,0f,0f,0f,-0.877f,0f,0f,0f,0.3435f,0f,0f,0f,1f],start_interpolation: 0,interpolation_duration: 1}
$data merge entity $(bone_left_arm) {transformation: [-0.9827f,0.1847f,0.015f,0.0364f,0.1645f,0.9066f,-0.3886f,-0.5729f,-0.0854f,-0.3794f,-0.9213f,0.091f,0f,0f,0f,1f],start_interpolation: 0,interpolation_duration: 1}
data modify entity @s data merge value {"cameras":{},"locators":{"barrel1":{"px":-0.06586999730363172,"py":-0.20587482294650894,"pz":0.472708575601536,"ry":328.8741761402524,"rx":-22.577459238694566}}}