# This file was generated by Animated Java via MC-Build. It is not recommended to edit this file directly.
$data merge entity $(bone_slide) {transformation: [-0.6857f,-0.5549f,-0.4711f,-0.1866f,-0.4088f,0.829f,-0.3817f,-0.2359f,0.6023f,-0.0691f,-0.7953f,0.2844f,0f,0f,0f,1f],start_interpolation: 0,interpolation_duration: 1}
$data merge entity $(bone_barrel) {transformation: [-0.6857f,-0.5549f,-0.4711f,-0.0402f,-0.4088f,0.829f,-0.3817f,-0.2368f,0.6023f,-0.0691f,-0.7953f,0.2689f,0f,0f,0f,1f],start_interpolation: 0,interpolation_duration: 1}
$data merge entity $(bone_magazine) {transformation: [-0.6857f,-0.5549f,-0.4711f,-0.1788f,-0.4088f,0.829f,-0.3817f,-0.4002f,0.6023f,-0.0691f,-0.7953f,0.1818f,0f,0f,0f,1f],start_interpolation: 0,interpolation_duration: 1}
$data merge entity $(bone_grip) {transformation: [-0.6857f,-0.5549f,-0.4711f,-0.1788f,-0.4088f,0.829f,-0.3817f,-0.4002f,0.6023f,-0.0691f,-0.7953f,0.1818f,0f,0f,0f,1f],start_interpolation: 0,interpolation_duration: 1}
$data merge entity $(bone_trigger) {transformation: [-0.6857f,-0.5549f,-0.4711f,-0.1668f,-0.4088f,0.829f,-0.3817f,-0.3849f,0.6023f,-0.0691f,-0.7953f,0.2058f,0f,0f,0f,1f],start_interpolation: 0,interpolation_duration: 1}
$data merge entity $(bone_trigger_gaurd) {transformation: [-0.6857f,-0.5549f,-0.4711f,-0.1675f,-0.4088f,0.829f,-0.3817f,-0.3486f,0.6023f,-0.0691f,-0.7953f,0.2296f,0f,0f,0f,1f],start_interpolation: 0,interpolation_duration: 1}
$data merge entity $(bone_right_arm) {transformation: [-0.6857f,-0.4711f,0.5549f,-0.3451f,-0.4088f,-0.3817f,-0.829f,-0.557f,0.6023f,-0.7953f,0.0691f,-0.0569f,0f,0f,0f,1f],start_interpolation: 0,interpolation_duration: 1}
$data merge entity $(bone_magazine1) {transformation: [0f,0f,0f,-0.0368f,0f,0f,0f,-0.875f,0f,0f,0f,0.3462f,0f,0f,0f,1f],start_interpolation: 0,interpolation_duration: 1}
$data merge entity $(bone_left_arm) {transformation: [-0.9823f,0.1871f,0.0139f,0.0369f,0.1665f,0.9036f,-0.3948f,-0.5727f,-0.0864f,-0.3854f,-0.9187f,0.0916f,0f,0f,0f,1f],start_interpolation: 0,interpolation_duration: 1}
data modify entity @s data merge value {"cameras":{},"locators":{"barrel1":{"px":-0.06817058663847883,"py":-0.20665314961882142,"pz":0.4753578176554504,"ry":329.36087682678595,"rx":-22.435976109070097}}}