# This file was generated by Animated Java via MC-Build. It is not recommended to edit this file directly.
$data merge entity $(bone_slide) {transformation: [-0.7013f,-0.5413f,-0.4639f,-0.0617f,-0.3955f,0.8368f,-0.3786f,-0.3238f,0.5932f,-0.0821f,-0.8009f,0.486f,0f,0f,0f,1f],start_interpolation: 0,interpolation_duration: 1}
$data merge entity $(bone_barrel) {transformation: [-0.7013f,-0.5413f,-0.4639f,0.0849f,-0.3955f,0.8368f,-0.3786f,-0.3269f,0.5932f,-0.0821f,-0.8009f,0.4728f,0f,0f,0f,1f],start_interpolation: 0,interpolation_duration: 1}
$data merge entity $(bone_magazine) {transformation: [-0.7013f,-0.5413f,-0.4639f,-0.0547f,-0.3955f,0.8368f,-0.3786f,-0.4887f,0.5932f,-0.0821f,-0.8009f,0.3842f,0f,0f,0f,1f],start_interpolation: 0,interpolation_duration: 1}
$data merge entity $(bone_grip) {transformation: [-0.7013f,-0.5413f,-0.4639f,-0.0547f,-0.3955f,0.8368f,-0.3786f,-0.4887f,0.5932f,-0.0821f,-0.8009f,0.3842f,0f,0f,0f,1f],start_interpolation: 0,interpolation_duration: 1}
$data merge entity $(bone_trigger) {transformation: [-0.7013f,-0.5413f,-0.4639f,-0.0429f,-0.3955f,0.8368f,-0.3786f,-0.4735f,0.5932f,-0.0821f,-0.8009f,0.4084f,0f,0f,0f,1f],start_interpolation: 0,interpolation_duration: 1}
$data merge entity $(bone_trigger_gaurd) {transformation: [-0.7013f,-0.5413f,-0.4639f,-0.0435f,-0.3955f,0.8368f,-0.3786f,-0.437f,0.5932f,-0.0821f,-0.8009f,0.432f,0f,0f,0f,1f],start_interpolation: 0,interpolation_duration: 1}
$data merge entity $(bone_right_arm) {transformation: [-0.7013f,-0.4639f,0.5413f,-0.2196f,-0.3955f,-0.3786f,-0.8368f,-0.6443f,0.5932f,-0.8009f,0.0821f,0.1436f,0f,0f,0f,1f],start_interpolation: 0,interpolation_duration: 1}
$data merge entity $(bone_magazine1) {transformation: [0f,0f,0f,0.088f,0f,0f,0f,-0.9606f,0f,0f,0f,0.5487f,0f,0f,0f,1f],start_interpolation: 0,interpolation_duration: 1}
$data merge entity $(bone_left_arm) {transformation: [-0.9819f,0.1892f,0.0129f,0.1624f,0.1683f,0.9008f,-0.4003f,-0.66f,-0.0874f,-0.3909f,-0.9163f,0.2923f,0f,0f,0f,1f],start_interpolation: 0,interpolation_duration: 1}
data modify entity @s data merge value {"cameras":{},"locators":{"barrel1":{"px":0.05402021192036949,"py":-0.2953575818250135,"pz":0.6786382420566951,"ry":329.9185985997362,"rx":-22.249302236498156},"ammo_display":{"px":0.026634900834918873,"py":-0.3786706671035598,"pz":0.39052003791450146,"ry":329.9185985997362,"rx":-22.249302236498156}}}