# This file was generated by Animated Java via MC-Build. It is not recommended to edit this file directly.
$data merge entity $(bone_slide) {transformation: [-0.8032f,-0.4434f,-0.3978f,-0.0719f,-0.3166f,0.8834f,-0.3455f,-0.3334f,0.5047f,-0.1515f,-0.8499f,0.5031f,0f,0f,0f,1f],start_interpolation: 0,interpolation_duration: 1}
$data merge entity $(bone_barrel) {transformation: [-0.8032f,-0.4434f,-0.3978f,0.0742f,-0.3166f,0.8834f,-0.3455f,-0.3509f,0.5047f,-0.1515f,-0.8499f,0.508f,0f,0f,0f,1f],start_interpolation: 0,interpolation_duration: 1}
$data merge entity $(bone_magazine) {transformation: [-0.8032f,-0.4434f,-0.3978f,-0.0687f,-0.3166f,0.8834f,-0.3455f,-0.5f,0.5047f,-0.1515f,-0.8499f,0.4038f,0f,0f,0f,1f],start_interpolation: 0,interpolation_duration: 1}
$data merge entity $(bone_grip) {transformation: [-0.8032f,-0.4434f,-0.3978f,-0.0687f,-0.3166f,0.8834f,-0.3455f,-0.5f,0.5047f,-0.1515f,-0.8499f,0.4038f,0f,0f,0f,1f],start_interpolation: 0,interpolation_duration: 1}
$data merge entity $(bone_trigger) {transformation: [-0.8032f,-0.4434f,-0.3978f,-0.0585f,-0.3166f,0.8834f,-0.3455f,-0.4855f,0.5047f,-0.1515f,-0.8499f,0.4291f,0f,0f,0f,1f],start_interpolation: 0,interpolation_duration: 1}
$data merge entity $(bone_trigger_gaurd) {transformation: [-0.8032f,-0.4434f,-0.3978f,-0.0584f,-0.3166f,0.8834f,-0.3455f,-0.4488f,0.5047f,-0.1515f,-0.8499f,0.4523f,0f,0f,0f,1f],start_interpolation: 0,interpolation_duration: 1}
$data merge entity $(bone_right_arm) {transformation: [-0.8032f,-0.3978f,0.4434f,-0.2174f,-0.3166f,-0.3455f,-0.8834f,-0.6429f,0.5047f,-0.8499f,0.1515f,0.1455f,0f,0f,0f,1f],start_interpolation: 0,interpolation_duration: 1}
$data merge entity $(bone_magazine1) {transformation: [0f,0f,0f,0.0885f,0f,0f,0f,-0.9551f,0f,0f,0f,0.5549f,0f,0f,0f,1f],start_interpolation: 0,interpolation_duration: 1}
$data merge entity $(bone_left_arm) {transformation: [-0.981f,0.194f,0.0104f,0.1644f,0.1724f,0.8941f,-0.4134f,-0.6586f,-0.0895f,-0.4037f,-0.9105f,0.2943f,0f,0f,0f,1f],start_interpolation: 0,interpolation_duration: 1}
data modify entity @s data merge value {"cameras":{},"locators":{"barrel1":{"px":0.0217792147038961,"py":-0.31310674973864017,"pz":0.7083641203467497,"ry":334.9156612440565,"rx":-20.21119073167006},"ammo_display":{"px":0.021606333620545343,"py":-0.398129577690455,"pz":0.4194450766005695,"ry":334.9156612440565,"rx":-20.21119073167006}}}