# This file was generated by Animated Java via MC-Build. It is not recommended to edit this file directly.
$data merge entity $(bone_slide) {transformation: [-0.8821f,-0.3406f,-0.3253f,-0.2105f,-0.2339f,0.9163f,-0.3251f,-0.2518f,0.4088f,-0.2107f,-0.8879f,0.3164f,0f,0f,0f,1f],start_interpolation: 0,interpolation_duration: 1}
$data merge entity $(bone_barrel) {transformation: [-0.8821f,-0.3406f,-0.3253f,-0.0681f,-0.2339f,0.9163f,-0.3251f,-0.2821f,0.4088f,-0.2107f,-0.8879f,0.3387f,0f,0f,0f,1f],start_interpolation: 0,interpolation_duration: 1}
$data merge entity $(bone_magazine) {transformation: [-0.8821f,-0.3406f,-0.3253f,-0.2108f,-0.2339f,0.9163f,-0.3251f,-0.4198f,0.4088f,-0.2107f,-0.8879f,0.2195f,0f,0f,0f,1f],start_interpolation: 0,interpolation_duration: 1}
$data merge entity $(bone_grip) {transformation: [-0.8821f,-0.3406f,-0.3253f,-0.2108f,-0.2339f,0.9163f,-0.3251f,-0.4198f,0.4088f,-0.2107f,-0.8879f,0.2195f,0f,0f,0f,1f],start_interpolation: 0,interpolation_duration: 1}
$data merge entity $(bone_trigger) {transformation: [-0.8821f,-0.3406f,-0.3253f,-0.2023f,-0.2339f,0.9163f,-0.3251f,-0.4059f,0.4088f,-0.2107f,-0.8879f,0.2458f,0f,0f,0f,1f],start_interpolation: 0,interpolation_duration: 1}
$data merge entity $(bone_trigger_gaurd) {transformation: [-0.8821f,-0.3406f,-0.3253f,-0.2016f,-0.2339f,0.9163f,-0.3251f,-0.3689f,0.4088f,-0.2107f,-0.8879f,0.2685f,0f,0f,0f,1f],start_interpolation: 0,interpolation_duration: 1}
$data merge entity $(bone_right_arm) {transformation: [-0.8821f,-0.3253f,0.3406f,-0.3406f,-0.2339f,-0.3251f,-0.9163f,-0.554f,0.4088f,-0.8879f,0.2107f,-0.0532f,0f,0f,0f,1f],start_interpolation: 0,interpolation_duration: 1}
$data merge entity $(bone_magazine1) {transformation: [0f,0f,0f,-0.0352f,0f,0f,0f,-0.8643f,0f,0f,0f,0.3581f,0f,0f,0f,1f],start_interpolation: 0,interpolation_duration: 1}
$data merge entity $(bone_left_arm) {transformation: [-0.9806f,0.1958f,0.0093f,0.0413f,0.1739f,0.8912f,-0.419f,-0.5695f,-0.0904f,-0.4092f,-0.9079f,0.0956f,0f,0f,0f,1f],start_interpolation: 0,interpolation_duration: 1}
data modify entity @s data merge value {"cameras":{},"locators":{"barrel1":{"px":-0.13997177698987207,"py":-0.23588984965899557,"pz":0.5310719954178601,"ry":339.87768662468795,"rx":-18.97379576001422}}}