# This file was generated by Animated Java via MC-Build. It is not recommended to edit this file directly.
$data merge entity $(bone_slide) {transformation: [-0.9175f,-0.2795f,-0.2831f,-0.0935f,-0.1844f,0.9294f,-0.3198f,-0.3781f,0.3524f,-0.2412f,-0.9042f,0.3219f,0f,0f,0f,1f],start_interpolation: 0,interpolation_duration: 1}
$data merge entity $(bone_barrel) {transformation: [-0.9175f,-0.2795f,-0.2831f,0.0453f,-0.1844f,0.9294f,-0.3198f,-0.4151f,0.3524f,-0.2412f,-0.9042f,0.3537f,0f,0f,0f,1f],start_interpolation: 0,interpolation_duration: 1}
$data merge entity $(bone_magazine) {transformation: [-0.9175f,-0.2795f,-0.2831f,-0.0961f,-0.1844f,0.9294f,-0.3198f,-0.5471f,0.3524f,-0.2412f,-0.9042f,0.2268f,0f,0f,0f,1f],start_interpolation: 0,interpolation_duration: 1}
$data merge entity $(bone_grip) {transformation: [-0.9175f,-0.2795f,-0.2831f,-0.0961f,-0.1844f,0.9294f,-0.3198f,-0.5471f,0.3524f,-0.2412f,-0.9042f,0.2268f,0f,0f,0f,1f],start_interpolation: 0,interpolation_duration: 1}
$data merge entity $(bone_trigger) {transformation: [-0.9175f,-0.2795f,-0.2831f,-0.0886f,-0.1844f,0.9294f,-0.3198f,-0.5333f,0.3524f,-0.2412f,-0.9042f,0.2535f,0f,0f,0f,1f],start_interpolation: 0,interpolation_duration: 1}
$data merge entity $(bone_trigger_gaurd) {transformation: [-0.9175f,-0.2795f,-0.2831f,-0.0875f,-0.1844f,0.9294f,-0.3198f,-0.4961f,0.3524f,-0.2412f,-0.9042f,0.2758f,0f,0f,0f,1f],start_interpolation: 0,interpolation_duration: 1}
$data merge entity $(bone_right_arm) {transformation: [-0.9175f,-0.2831f,0.2795f,-0.2145f,-0.1844f,-0.3198f,-0.9294f,-0.6781f,0.3524f,-0.9042f,0.2412f,-0.0526f,0f,0f,0f,1f],start_interpolation: 0,interpolation_duration: 1}
$data merge entity $(bone_magazine1) {transformation: [0f,0f,0f,0.0907f,0f,0f,0f,-0.9878f,0f,0f,0f,0.3593f,0f,0f,0f,1f],start_interpolation: 0,interpolation_duration: 1}
$data merge entity $(bone_left_arm) {transformation: [-0.9805f,0.1963f,0.009f,0.1673f,0.1743f,0.8903f,-0.4207f,-0.6936f,-0.0906f,-0.411f,-0.9071f,0.0962f,0f,0f,0f,1f],start_interpolation: 0,interpolation_duration: 1}
data modify entity @s data merge value {"cameras":{},"locators":{"barrel1":{"px":-0.036416100416694186,"py":-0.3629943861297596,"pz":0.540574611337833,"ry":342.6177523247378,"rx":-18.648670545079227}}}