# This file was generated by Animated Java via MC-Build. It is not recommended to edit this file directly.
$data merge entity $(bone_slide) {transformation: [-0.9973f,0.0728f,-0.0113f,-0.1687f,0.0733f,0.9962f,-0.0471f,-0.4426f,0.0078f,-0.0478f,-0.9988f,0.7128f,0f,0f,0f,1f],start_interpolation: 0,interpolation_duration: 1}
$data merge entity $(bone_barrel) {transformation: [-0.9973f,0.0728f,-0.0113f,-0.0649f,0.0733f,0.9962f,-0.0471f,-0.5286f,0.0078f,-0.0478f,-0.9988f,0.772f,0f,0f,0f,1f],start_interpolation: 0,interpolation_duration: 1}
$data merge entity $(bone_magazine) {transformation: [-0.9973f,0.0728f,-0.0113f,-0.18f,0.0733f,0.9962f,-0.0471f,-0.5822f,0.0078f,-0.0478f,-0.9988f,0.5786f,0f,0f,0f,1f],start_interpolation: 0,interpolation_duration: 1}
$data merge entity $(bone_grip) {transformation: [-0.9973f,0.0728f,-0.0113f,-0.18f,0.0733f,0.9962f,-0.0471f,-0.5822f,0.0078f,-0.0478f,-0.9988f,0.5786f,0f,0f,0f,1f],start_interpolation: 0,interpolation_duration: 1}
$data merge entity $(bone_trigger) {transformation: [-0.9973f,0.0728f,-0.0113f,-0.1794f,0.0733f,0.9962f,-0.0471f,-0.5764f,0.0078f,-0.0478f,-0.9988f,0.609f,0f,0f,0f,1f],start_interpolation: 0,interpolation_duration: 1}
$data merge entity $(bone_trigger_gaurd) {transformation: [-0.9973f,0.0728f,-0.0113f,-0.1769f,0.0733f,0.9962f,-0.0471f,-0.5461f,0.0078f,-0.0478f,-0.9988f,0.64f,0f,0f,0f,1f],start_interpolation: 0,interpolation_duration: 1}
$data merge entity $(bone_right_arm) {transformation: [-0.9973f,-0.0113f,-0.0728f,-0.2195f,0.0733f,-0.0471f,-0.9962f,-0.6163f,0.0078f,-0.9988f,0.0478f,0.2522f,0f,0f,0f,1f],start_interpolation: 0,interpolation_duration: 1}
$data merge entity $(bone_magazine1) {transformation: [0f,0f,0f,-0.2385f,0f,0f,0f,-0.544f,0f,0f,0f,0.6052f,0f,0f,0f,1f],start_interpolation: 0,interpolation_duration: 1}
$data merge entity $(bone_left_arm) {transformation: [-0.8323f,0.3957f,0.3883f,-0.0413f,-0.392f,0.0754f,-0.9169f,-0.6209f,-0.392f,-0.9153f,0.0924f,0.2634f,0f,0f,0f,1f],start_interpolation: 0,interpolation_duration: 1}
data modify entity @s data merge value {"cameras":{},"locators":{"barrel1":{"px":-0.19204850688055158,"py":-0.4852066589785996,"pz":0.934051227329129,"ry":359.3540211785806,"rx":-2.6994179919214103},"ammo_display":{"px":-0.07899503008677419,"py":-0.5379937463428586,"pz":0.6599425631237871,"ry":359.3540211785806,"rx":-2.6994179919214103}}}