# This file was generated by Animated Java via MC-Build. It is not recommended to edit this file directly.
$data merge entity $(slide) {transformation: [-0.9987f,0.0506f,-0.011f,-0.1728f,0.051f,0.998f,-0.0381f,-0.3221f,0.009f,-0.0386f,-0.9992f,0.5173f,0f,0f,0f,1f],start_interpolation: 0,interpolation_duration: 1}
$data merge entity $(barrel) {transformation: [-0.9987f,0.0506f,-0.011f,-0.067f,0.051f,0.998f,-0.0381f,-0.4063f,0.009f,-0.0386f,-0.9992f,0.5757f,0f,0f,0f,1f],start_interpolation: 0,interpolation_duration: 1}
$data merge entity $(magazine) {transformation: [-0.9987f,0.0506f,-0.011f,-0.1811f,0.051f,0.998f,-0.0381f,-0.4607f,0.009f,-0.0386f,-0.9992f,0.3819f,0f,0f,0f,1f],start_interpolation: 0,interpolation_duration: 1}
$data merge entity $(grip) {transformation: [-0.9987f,0.0506f,-0.011f,-0.1811f,0.051f,0.998f,-0.0381f,-0.4607f,0.009f,-0.0386f,-0.9992f,0.3819f,0f,0f,0f,1f],start_interpolation: 0,interpolation_duration: 1}
$data merge entity $(trigger) {transformation: [-0.9987f,0.0506f,-0.011f,-0.1805f,0.051f,0.998f,-0.0381f,-0.4552f,0.009f,-0.0386f,-0.9992f,0.4123f,0f,0f,0f,1f],start_interpolation: 0,interpolation_duration: 1}
$data merge entity $(trigger_gaurd) {transformation: [-0.9987f,0.0506f,-0.011f,-0.1787f,0.051f,0.998f,-0.0381f,-0.4251f,0.009f,-0.0386f,-0.9992f,0.4436f,0f,0f,0f,1f],start_interpolation: 0,interpolation_duration: 1}
$data merge entity $(right_arm) {transformation: [-0.9987f,-0.011f,-0.0506f,-0.2201f,0.051f,-0.0381f,-0.998f,-0.4926f,0.009f,-0.9992f,0.0386f,0.0552f,0f,0f,0f,1f],start_interpolation: 0,interpolation_duration: 1}
$data merge entity $(magazine1) {transformation: [0f,0f,0f,-0.238f,0f,0f,0f,-0.4319f,0f,0f,0f,0.4104f,0f,0f,0f,1f],start_interpolation: 0,interpolation_duration: 1}
$data merge entity $(left_arm) {transformation: [-0.8312f,0.391f,0.3954f,-0.0418f,-0.3852f,0.1079f,-0.9165f,-0.4963f,-0.401f,-0.9141f,0.0609f,0.0655f,0f,0f,0f,1f],start_interpolation: 0,interpolation_duration: 1}
data modify entity @s data merge value {"cameras":{},"locators":{"barrel1":{"px":-0.19500461974264938,"py":-0.36726131687664837,"pz":0.7382126450195807,"ry":359.36986648804617,"rx":-2.181825279074016}}}