# This file was generated by Animated Java via MC-Build. It is not recommended to edit this file directly.
$data merge entity $(bone_head) {transformation: [-0.9009f,-0.434f,-0.0044f,0f,-0.2743f,0.5616f,0.7806f,-0.7566f,-0.3363f,0.7045f,-0.625f,0.4556f,0f,0f,0f,1f],start_interpolation: 0,interpolation_duration: 1}
$data merge entity $(bone_right_arm) {transformation: [-1f,0f,0f,-0.375f,0f,0.9991f,-0.0417f,-0.7808f,0f,-0.0417f,-0.9991f,0.4358f,0f,0f,0f,1f],start_interpolation: 0,interpolation_duration: 1}
$data merge entity $(bone_left_arm) {transformation: [-1f,0f,0f,0.375f,0f,0.9929f,0.119f,-0.8049f,0f,0.119f,-0.9929f,0.416f,0f,0f,0f,1f],start_interpolation: 0,interpolation_duration: 1}
$data merge entity $(bone_upper) {transformation: [-1f,0f,0f,0f,0f,0.7734f,0.6339f,-1.3125f,0f,0.6339f,-0.7734f,0f,0f,0f,0f,1f],start_interpolation: 0,interpolation_duration: 1}