# This file was generated by Animated Java via MC-Build. It is not recommended to edit this file directly.
$data merge entity $(bone_head) {transformation: [-0.9006f,-0.4346f,-0.0045f,0f,-0.2711f,0.5536f,0.7874f,-0.7648f,-0.3397f,0.7103f,-0.6164f,0.4654f,0f,0f,0f,1f],start_interpolation: 0,interpolation_duration: 1}
$data merge entity $(bone_right_arm) {transformation: [-1f,0f,0f,-0.375f,0f,0.999f,-0.0446f,-0.7886f,0f,-0.0446f,-0.999f,0.4452f,0f,0f,0f,1f],start_interpolation: 0,interpolation_duration: 1}
$data merge entity $(bone_left_arm) {transformation: [-1f,0f,0f,0.375f,0f,0.9927f,0.1209f,-0.8124f,0f,0.1209f,-0.9927f,0.4249f,0f,0f,0f,1f],start_interpolation: 0,interpolation_duration: 1}
$data merge entity $(bone_upper) {transformation: [-1f,0f,0f,0f,0f,0.7621f,0.6475f,-1.3125f,0f,0.6475f,-0.7621f,0f,0f,0f,0f,1f],start_interpolation: 0,interpolation_duration: 1}