# This file was generated by Animated Java via MC-Build. It is not recommended to edit this file directly.
$data merge entity $(bone_head) {transformation: [-0.9002f,-0.4354f,-0.0045f,0f,-0.2674f,0.5446f,0.7949f,-0.7742f,-0.3437f,0.7168f,-0.6067f,0.4763f,0f,0f,0f,1f],start_interpolation: 0,interpolation_duration: 1}
$data merge entity $(bone_right_arm) {transformation: [-1f,0f,0f,-0.375f,0f,0.9988f,-0.048f,-0.7976f,0f,-0.048f,-0.9988f,0.4555f,0f,0f,0f,1f],start_interpolation: 0,interpolation_duration: 1}
$data merge entity $(bone_left_arm) {transformation: [-1f,0f,0f,0.375f,0f,0.9956f,0.0935f,-0.821f,0f,0.0935f,-0.9956f,0.4348f,0f,0f,0f,1f],start_interpolation: 0,interpolation_duration: 1}
$data merge entity $(bone_upper) {transformation: [-1f,0f,0f,0f,0f,0.749f,0.6626f,-1.3125f,0f,0.6626f,-0.749f,0f,0f,0f,0f,1f],start_interpolation: 0,interpolation_duration: 1}