# This file was generated by Animated Java via MC-Build. It is not recommended to edit this file directly.
$data merge entity $(bone_head) {transformation: [-0.8997f,-0.4365f,-0.0046f,0f,-0.2725f,0.5535f,0.787f,-0.7728f,-0.341f,0.7093f,-0.6169f,0.4747f,0f,0f,0f,1f],start_interpolation: 0,interpolation_duration: 1}
$data merge entity $(bone_right_arm) {transformation: [-1f,0f,0f,-0.375f,0f,0.9989f,-0.0475f,-0.7963f,0f,-0.0475f,-0.9989f,0.4541f,0f,0f,0f,1f],start_interpolation: 0,interpolation_duration: 1}
$data merge entity $(bone_left_arm) {transformation: [-1f,0f,0f,0.375f,0f,0.9978f,0.0669f,-0.8197f,0f,0.0669f,-0.9978f,0.4334f,0f,0f,0f,1f],start_interpolation: 0,interpolation_duration: 1}
$data merge entity $(bone_upper) {transformation: [-1f,0f,0f,0f,0f,0.7509f,0.6605f,-1.3125f,0f,0.6605f,-0.7509f,0f,0f,0f,0f,1f],start_interpolation: 0,interpolation_duration: 1}