# This file was generated by Animated Java via MC-Build. It is not recommended to edit this file directly.
$data merge entity $(bone_head) {transformation: [-0.9005f,-0.4348f,-0.0045f,0f,-0.2685f,0.5478f,0.7923f,-0.7694f,-0.3421f,0.7147f,-0.6101f,0.4708f,0f,0f,0f,1f],start_interpolation: 0,interpolation_duration: 1}
$data merge entity $(bone_right_arm) {transformation: [-1f,0f,0f,-0.375f,0f,0.9989f,-0.0463f,-0.793f,0f,-0.0463f,-0.9989f,0.4503f,0f,0f,0f,1f],start_interpolation: 0,interpolation_duration: 1}
$data merge entity $(bone_left_arm) {transformation: [-1f,0f,0f,0.375f,0f,0.9994f,0.0359f,-0.8166f,0f,0.0359f,-0.9994f,0.4299f,0f,0f,0f,1f],start_interpolation: 0,interpolation_duration: 1}
$data merge entity $(bone_upper) {transformation: [-1f,0f,0f,0f,0f,0.7556f,0.655f,-1.3125f,0f,0.655f,-0.7556f,0f,0f,0f,0f,1f],start_interpolation: 0,interpolation_duration: 1}