# This file was generated by Animated Java via MC-Build. It is not recommended to edit this file directly.
$data merge entity $(bone_head) {transformation: [-0.9055f,-0.4244f,-0.0017f,0f,-0.2147f,0.4548f,0.8643f,-0.7634f,-0.366f,0.783f,-0.5029f,0.4637f,0f,0f,0f,1f],start_interpolation: 0,interpolation_duration: 1}
$data merge entity $(bone_right_arm) {transformation: [-1f,0f,0f,-0.375f,0f,0.999f,-0.0441f,-0.7872f,0f,-0.0441f,-0.999f,0.4436f,0f,0f,0f,1f],start_interpolation: 0,interpolation_duration: 1}
$data merge entity $(bone_left_arm) {transformation: [-1f,0f,0f,0.375f,0f,0.9999f,-0.0167f,-0.8111f,0f,-0.0167f,-0.9999f,0.4234f,0f,0f,0f,1f],start_interpolation: 0,interpolation_duration: 1}
$data merge entity $(bone_upper) {transformation: [-1f,0f,0f,0f,0f,0.764f,0.6452f,-1.3125f,0f,0.6452f,-0.764f,0f,0f,0f,0f,1f],start_interpolation: 0,interpolation_duration: 1}