# This file was generated by Animated Java via MC-Build. It is not recommended to edit this file directly.
$data merge entity $(bone_head) {transformation: [-0.9062f,-0.4228f,-0.0002f,0f,-0.1975f,0.423f,0.8844f,-0.7621f,-0.3738f,0.8015f,-0.4668f,0.4622f,0f,0f,0f,1f],start_interpolation: 0,interpolation_duration: 1}
$data merge entity $(bone_right_arm) {transformation: [-1f,0f,0f,-0.375f,0f,0.999f,-0.0437f,-0.786f,0f,-0.0437f,-0.999f,0.4421f,0f,0f,0f,1f],start_interpolation: 0,interpolation_duration: 1}
$data merge entity $(bone_left_arm) {transformation: [-1f,0f,0f,0.375f,0f,0.9994f,-0.0353f,-0.8099f,0f,-0.0353f,-0.9994f,0.422f,0f,0f,0f,1f],start_interpolation: 0,interpolation_duration: 1}
$data merge entity $(bone_upper) {transformation: [-1f,0f,0f,0f,0f,0.7658f,0.6431f,-1.3125f,0f,0.6431f,-0.7658f,0f,0f,0f,0f,1f],start_interpolation: 0,interpolation_duration: 1}