# This file was generated by Animated Java via MC-Build. It is not recommended to edit this file directly.
$data merge entity $(bone_head) {transformation: [-0.9062f,-0.4228f,-0.0002f,0f,-0.1977f,0.4234f,0.8841f,-0.7617f,-0.3737f,0.8012f,-0.4673f,0.4618f,0f,0f,0f,1f],start_interpolation: 0,interpolation_duration: 1}
$data merge entity $(bone_right_arm) {transformation: [-1f,0f,0f,-0.375f,0f,0.9992f,-0.0391f,-0.7856f,0f,-0.0391f,-0.9992f,0.4417f,0f,0f,0f,1f],start_interpolation: 0,interpolation_duration: 1}
$data merge entity $(bone_left_arm) {transformation: [-1f,0f,0f,0.375f,0f,0.9997f,-0.0261f,-0.8096f,0f,-0.0261f,-0.9997f,0.4216f,0f,0f,0f,1f],start_interpolation: 0,interpolation_duration: 1}
$data merge entity $(bone_upper) {transformation: [-1f,0f,0f,0f,0f,0.7663f,0.6424f,-1.3125f,0f,0.6424f,-0.7663f,0f,0f,0f,0f,1f],start_interpolation: 0,interpolation_duration: 1}