# This file was generated by Animated Java via MC-Build. It is not recommended to edit this file directly.
$data merge entity $(bone_head) {transformation: [-0.9058f,-0.4237f,-0.0012f,0f,-0.2156f,0.4584f,0.8622f,-0.7544f,-0.3648f,0.7812f,-0.5066f,0.453f,0f,0f,0f,1f],start_interpolation: 0,interpolation_duration: 1}
$data merge entity $(bone_right_arm) {transformation: [-1f,0f,0f,-0.375f,0f,1f,-0.0014f,-0.7787f,0f,-0.0014f,-1f,0.4333f,0f,0f,0f,1f],start_interpolation: 0,interpolation_duration: 1}
$data merge entity $(bone_left_arm) {transformation: [-1f,0f,0f,0.375f,0f,0.9989f,0.0478f,-0.803f,0f,0.0478f,-0.9989f,0.4136f,0f,0f,0f,1f],start_interpolation: 0,interpolation_duration: 1}
$data merge entity $(bone_upper) {transformation: [-1f,0f,0f,0f,0f,0.7764f,0.6302f,-1.3125f,0f,0.6302f,-0.7764f,0f,0f,0f,0f,1f],start_interpolation: 0,interpolation_duration: 1}