# This file was generated by Animated Java via MC-Build. It is not recommended to edit this file directly.
$data merge entity $(bone_head) {transformation: [-0.8935f,-0.4491f,-0.0034f,0f,-0.3606f,0.7131f,0.6012f,-0.7044f,-0.2676f,0.5384f,-0.7991f,0.3831f,0f,0f,0f,1f],start_interpolation: 0,interpolation_duration: 1}
$data merge entity $(bone_right_arm) {transformation: [-1f,0f,0f,-0.375f,0f,0.9998f,-0.021f,-0.7308f,0f,-0.021f,-0.9998f,0.3664f,0f,0f,0f,1f],start_interpolation: 0,interpolation_duration: 1}
$data merge entity $(bone_left_arm) {transformation: [-1f,0f,0f,0.375f,0f,0.9987f,0.0504f,-0.7572f,0f,0.0504f,-0.9987f,0.3498f,0f,0f,0f,1f],start_interpolation: 0,interpolation_duration: 1}
$data merge entity $(bone_upper) {transformation: [-1f,0f,0f,0f,0f,0.8461f,0.533f,-1.3125f,0f,0.533f,-0.8461f,0f,0f,0f,0f,1f],start_interpolation: 0,interpolation_duration: 1}