# This file was generated by Animated Java via MC-Build. It is not recommended to edit this file directly.
$data merge entity $(bone_head) {transformation: [-0.9057f,-0.424f,-0.0014f,0f,-0.2201f,0.4674f,0.8562f,-0.7518f,-0.3623f,0.7757f,-0.5166f,0.4497f,0f,0f,0f,1f],start_interpolation: 0,interpolation_duration: 1}
$data merge entity $(bone_right_arm) {transformation: [-1f,0f,0f,-0.375f,0f,1f,0.0083f,-0.7762f,0f,0.0083f,-1f,0.4301f,0f,0f,0f,1f],start_interpolation: 0,interpolation_duration: 1}
$data merge entity $(bone_left_arm) {transformation: [-1f,0f,0f,0.375f,0f,0.9982f,0.0599f,-0.8005f,0f,0.0599f,-0.9982f,0.4106f,0f,0f,0f,1f],start_interpolation: 0,interpolation_duration: 1}
$data merge entity $(bone_upper) {transformation: [-1f,0f,0f,0f,0f,0.7801f,0.6256f,-1.3125f,0f,0.6256f,-0.7801f,0f,0f,0f,0f,1f],start_interpolation: 0,interpolation_duration: 1}