# This file was generated by Animated Java via MC-Build. It is not recommended to edit this file directly.
$data merge entity $(bone_head) {transformation: [-0.9053f,-0.4248f,-0.0019f,0f,-0.2355f,0.4981f,0.8345f,-0.7416f,-0.3535f,0.756f,-0.551f,0.4366f,0f,0f,0f,1f],start_interpolation: 0,interpolation_duration: 1}
$data merge entity $(bone_right_arm) {transformation: [-1f,0f,0f,-0.375f,0f,0.9992f,0.0393f,-0.7664f,0f,0.0393f,-0.9992f,0.4176f,0f,0f,0f,1f],start_interpolation: 0,interpolation_duration: 1}
$data merge entity $(bone_left_arm) {transformation: [-1f,0f,0f,0.375f,0f,0.9959f,0.0906f,-0.7912f,0f,0.0906f,-0.9959f,0.3986f,0f,0f,0f,1f],start_interpolation: 0,interpolation_duration: 1}
$data merge entity $(bone_upper) {transformation: [-1f,0f,0f,0f,0f,0.7944f,0.6074f,-1.3125f,0f,0.6074f,-0.7944f,0f,0f,0f,0f,1f],start_interpolation: 0,interpolation_duration: 1}