# This file was generated by Animated Java via MC-Build. It is not recommended to edit this file directly.
$data merge entity $(bone_head) {transformation: [-0.905f,-0.4253f,-0.0023f,0f,-0.2471f,0.5215f,0.8167f,-0.733f,-0.3462f,0.7397f,-0.5771f,0.4251f,0f,0f,0f,1f],start_interpolation: 0,interpolation_duration: 1}
$data merge entity $(bone_right_arm) {transformation: [-1f,0f,0f,-0.375f,0f,0.9982f,0.0602f,-0.7582f,0f,0.0602f,-0.9982f,0.4067f,0f,0f,0f,1f],start_interpolation: 0,interpolation_duration: 1}
$data merge entity $(bone_left_arm) {transformation: [-1f,0f,0f,0.375f,0f,0.9943f,0.1065f,-0.7834f,0f,0.1065f,-0.9943f,0.3882f,0f,0f,0f,1f],start_interpolation: 0,interpolation_duration: 1}
$data merge entity $(bone_upper) {transformation: [-1f,0f,0f,0f,0f,0.8063f,0.5915f,-1.3125f,0f,0.5915f,-0.8063f,0f,0f,0f,0f,1f],start_interpolation: 0,interpolation_duration: 1}