# This file was generated by Animated Java via MC-Build. It is not recommended to edit this file directly.
$data merge entity $(bone_head) {transformation: [-0.9047f,-0.426f,-0.0026f,0f,-0.2598f,0.5469f,0.7959f,-0.7231f,-0.3376f,0.7207f,-0.6055f,0.4114f,0f,0f,0f,1f],start_interpolation: 0,interpolation_duration: 1}
$data merge entity $(bone_right_arm) {transformation: [-1f,0f,0f,-0.375f,0f,0.9968f,0.0802f,-0.7487f,0f,0.0802f,-0.9968f,0.3935f,0f,0f,0f,1f],start_interpolation: 0,interpolation_duration: 1}
$data merge entity $(bone_left_arm) {transformation: [-1f,0f,0f,0.375f,0f,0.9929f,0.1188f,-0.7744f,0f,0.1188f,-0.9929f,0.3756f,0f,0f,0f,1f],start_interpolation: 0,interpolation_duration: 1}
$data merge entity $(bone_upper) {transformation: [-1f,0f,0f,0f,0f,0.82f,0.5723f,-1.3125f,0f,0.5723f,-0.82f,0f,0f,0f,0f,1f],start_interpolation: 0,interpolation_duration: 1}