# This file was generated by Animated Java via MC-Build. It is not recommended to edit this file directly.
$data merge entity $(bone_head) {transformation: [-0.9046f,-0.4263f,-0.0028f,0f,-0.2665f,0.5603f,0.7842f,-0.7178f,-0.3328f,0.7101f,-0.6205f,0.4036f,0f,0f,0f,1f],start_interpolation: 0,interpolation_duration: 1}
$data merge entity $(bone_right_arm) {transformation: [-1f,0f,0f,-0.375f,0f,0.996f,0.0896f,-0.7436f,0f,0.0896f,-0.996f,0.386f,0f,0f,0f,1f],start_interpolation: 0,interpolation_duration: 1}
$data merge entity $(bone_left_arm) {transformation: [-1f,0f,0f,0.375f,0f,0.9923f,0.1236f,-0.7695f,0f,0.1236f,-0.9923f,0.3685f,0f,0f,0f,1f],start_interpolation: 0,interpolation_duration: 1}
$data merge entity $(bone_upper) {transformation: [-1f,0f,0f,0f,0f,0.8275f,0.5615f,-1.3125f,0f,0.5615f,-0.8275f,0f,0f,0f,0f,1f],start_interpolation: 0,interpolation_duration: 1}