# This file was generated by Animated Java via MC-Build. It is not recommended to edit this file directly.
$data merge entity $(bone_head) {transformation: [-0.8958f,-0.4445f,-0.0041f,0f,-0.3413f,0.6819f,0.6469f,-0.714f,-0.2847f,0.5809f,-0.7626f,0.398f,0f,0f,0f,1f],start_interpolation: 0,interpolation_duration: 1}
$data merge entity $(bone_right_arm) {transformation: [-1f,0f,0f,-0.375f,0f,0.9997f,-0.0251f,-0.74f,0f,-0.0251f,-0.9997f,0.3807f,0f,0f,0f,1f],start_interpolation: 0,interpolation_duration: 1}
$data merge entity $(bone_left_arm) {transformation: [-1f,0f,0f,0.375f,0f,0.9977f,0.0671f,-0.766f,0f,0.0671f,-0.9977f,0.3634f,0f,0f,0f,1f],start_interpolation: 0,interpolation_duration: 1}
$data merge entity $(bone_upper) {transformation: [-1f,0f,0f,0f,0f,0.8327f,0.5537f,-1.3125f,0f,0.5537f,-0.8327f,0f,0f,0f,0f,1f],start_interpolation: 0,interpolation_duration: 1}