# This file was generated by Animated Java via MC-Build. It is not recommended to edit this file directly.
$data merge entity $(bone_head) {transformation: [-0.904f,-0.4275f,-0.0032f,0f,-0.2878f,0.603f,0.744f,-0.7003f,-0.3161f,0.6735f,-0.6682f,0.3765f,0f,0f,0f,1f],start_interpolation: 0,interpolation_duration: 1}
$data merge entity $(bone_right_arm) {transformation: [-1f,0f,0f,-0.375f,0f,0.9936f,0.1132f,-0.7269f,0f,0.1132f,-0.9936f,0.3602f,0f,0f,0f,1f],start_interpolation: 0,interpolation_duration: 1}
$data merge entity $(bone_left_arm) {transformation: [-1f,0f,0f,0.375f,0f,0.9912f,0.1326f,-0.7535f,0f,0.1326f,-0.9912f,0.3438f,0f,0f,0f,1f],start_interpolation: 0,interpolation_duration: 1}
$data merge entity $(bone_upper) {transformation: [-1f,0f,0f,0f,0f,0.8518f,0.5239f,-1.3125f,0f,0.5239f,-0.8518f,0f,0f,0f,0f,1f],start_interpolation: 0,interpolation_duration: 1}