# This file was generated by Animated Java via MC-Build. It is not recommended to edit this file directly.
$data merge entity $(bone_head) {transformation: [-0.9016f,-0.4326f,-0.0043f,0f,-0.373f,0.7721f,0.5145f,-0.6296f,-0.2193f,0.4655f,-0.8575f,0.2242f,0f,0f,0f,1f],start_interpolation: 0,interpolation_duration: 1}
$data merge entity $(bone_right_arm) {transformation: [-1f,0f,0f,-0.375f,0f,0.9954f,0.0954f,-0.6593f,0f,0.0954f,-0.9954f,0.2144f,0f,0f,0f,1f],start_interpolation: 0,interpolation_duration: 1}
$data merge entity $(bone_left_arm) {transformation: [-1f,0f,0f,0.375f,0f,0.9953f,0.0963f,-0.689f,0f,0.0963f,-0.9953f,0.2047f,0f,0f,0f,1f],start_interpolation: 0,interpolation_duration: 1}
$data merge entity $(bone_upper) {transformation: [-1f,0f,0f,0f,0f,0.9501f,0.3119f,-1.3125f,0f,0.3119f,-0.9501f,0f,0f,0f,0f,1f],start_interpolation: 0,interpolation_duration: 1}