# This file was generated by Animated Java via MC-Build. It is not recommended to edit this file directly.
$data merge entity $(bone_head) {transformation: [-0.9008f,-0.4343f,-0.0045f,0f,-0.3947f,0.8142f,0.4259f,-0.6134f,-0.1813f,0.3854f,-0.9048f,0.1669f,0f,0f,0f,1f],start_interpolation: 0,interpolation_duration: 1}
$data merge entity $(bone_right_arm) {transformation: [-1f,0f,0f,-0.375f,0f,0.9989f,0.0466f,-0.6438f,0f,0.0466f,-0.9989f,0.1596f,0f,0f,0f,1f],start_interpolation: 0,interpolation_duration: 1}
$data merge entity $(bone_left_arm) {transformation: [-1f,0f,0f,0.375f,0f,0.9977f,0.0674f,-0.6742f,0f,0.0674f,-0.9977f,0.1524f,0f,0f,0f,1f],start_interpolation: 0,interpolation_duration: 1}
$data merge entity $(bone_upper) {transformation: [-1f,0f,0f,0f,0f,0.9727f,0.2322f,-1.3125f,0f,0.2322f,-0.9727f,0f,0f,0f,0f,1f],start_interpolation: 0,interpolation_duration: 1}