# This file was generated by Animated Java via MC-Build. It is not recommended to edit this file directly.
$data merge entity $(bone_head) {transformation: [-0.8973f,-0.4414f,-0.0044f,0f,-0.3903f,0.7886f,0.4753f,-0.6384f,-0.2063f,0.4282f,-0.8798f,0.2493f,0f,0f,0f,1f],start_interpolation: 0,interpolation_duration: 1}
$data merge entity $(bone_right_arm) {transformation: [-1f,0f,0f,-0.375f,0f,0.9857f,0.1685f,-0.6677f,0f,0.1685f,-0.9857f,0.2385f,0f,0f,0f,1f],start_interpolation: 0,interpolation_duration: 1}
$data merge entity $(bone_left_arm) {transformation: [-1f,0f,0f,0.375f,0f,0.9918f,0.1278f,-0.697f,0f,0.1278f,-0.9918f,0.2276f,0f,0f,0f,1f],start_interpolation: 0,interpolation_duration: 1}
$data merge entity $(bone_upper) {transformation: [-1f,0f,0f,0f,0f,0.9379f,0.3469f,-1.3125f,0f,0.3469f,-0.9379f,0f,0f,0f,0f,1f],start_interpolation: 0,interpolation_duration: 1}