# This file was generated by Animated Java via MC-Build. It is not recommended to edit this file directly.
$data merge entity $(bone_head) {transformation: [-0.9002f,-0.4355f,-0.0045f,0f,-0.2939f,0.5996f,0.7444f,-0.7387f,-0.3215f,0.6714f,-0.6678f,0.4328f,0f,0f,0f,1f],start_interpolation: 0,interpolation_duration: 1}
$data merge entity $(bone_right_arm) {transformation: [-1f,0f,0f,-0.375f,0f,0.9994f,-0.035f,-0.7637f,0f,-0.035f,-0.9994f,0.414f,0f,0f,0f,1f],start_interpolation: 0,interpolation_duration: 1}
$data merge entity $(bone_left_arm) {transformation: [-1f,0f,0f,0.375f,0f,0.9947f,0.1027f,-0.7886f,0f,0.1027f,-0.9947f,0.3952f,0f,0f,0f,1f],start_interpolation: 0,interpolation_duration: 1}
$data merge entity $(bone_upper) {transformation: [-1f,0f,0f,0f,0f,0.7983f,0.6022f,-1.3125f,0f,0.6022f,-0.7983f,0f,0f,0f,0f,1f],start_interpolation: 0,interpolation_duration: 1}