# This file was generated by Animated Java via MC-Build. It is not recommended to edit this file directly.
$data merge entity $(bone_head) {transformation: [-0.8922f,-0.4517f,-0.0028f,0f,-0.4006f,0.7883f,0.4671f,-0.6566f,-0.2088f,0.4179f,-0.8842f,0.294f,0f,0f,0f,1f],start_interpolation: 0,interpolation_duration: 1}
$data merge entity $(bone_right_arm) {transformation: [-1f,0f,0f,-0.375f,0f,0.9944f,0.106f,-0.6851f,0f,0.106f,-0.9944f,0.2812f,0f,0f,0f,1f],start_interpolation: 0,interpolation_duration: 1}
$data merge entity $(bone_left_arm) {transformation: [-1f,0f,0f,0.375f,0f,0.9983f,0.0577f,-0.7136f,0f,0.0577f,-0.9983f,0.2684f,0f,0f,0f,1f],start_interpolation: 0,interpolation_duration: 1}
$data merge entity $(bone_upper) {transformation: [-1f,0f,0f,0f,0f,0.9125f,0.409f,-1.3125f,0f,0.409f,-0.9125f,0f,0f,0f,0f,1f],start_interpolation: 0,interpolation_duration: 1}