# This file was generated by Animated Java via MC-Build. It is not recommended to edit this file directly.
$data merge entity $(bone_head) {transformation: [-0.8917f,-0.4525f,-0.0026f,0f,-0.4019f,0.7893f,0.4642f,-0.6574f,-0.208f,0.415f,-0.8857f,0.2957f,0f,0f,0f,1f],start_interpolation: 0,interpolation_duration: 1}
$data merge entity $(bone_right_arm) {transformation: [-1f,0f,0f,-0.375f,0f,0.9953f,0.0966f,-0.6859f,0f,0.0966f,-0.9953f,0.2829f,0f,0f,0f,1f],start_interpolation: 0,interpolation_duration: 1}
$data merge entity $(bone_left_arm) {transformation: [-1f,0f,0f,0.375f,0f,0.9988f,0.0498f,-0.7144f,0f,0.0498f,-0.9988f,0.27f,0f,0f,0f,1f],start_interpolation: 0,interpolation_duration: 1}
$data merge entity $(bone_upper) {transformation: [-1f,0f,0f,0f,0f,0.9114f,0.4114f,-1.3125f,0f,0.4114f,-0.9114f,0f,0f,0f,0f,1f],start_interpolation: 0,interpolation_duration: 1}