# This file was generated by Animated Java via MC-Build. It is not recommended to edit this file directly.
$data merge entity $(bone_head) {transformation: [-0.8899f,-0.4561f,-0.0017f,0f,-0.4079f,0.7942f,0.4504f,-0.6598f,-0.2041f,0.4015f,-0.8928f,0.3009f,0f,0f,0f,1f],start_interpolation: 0,interpolation_duration: 1}
$data merge entity $(bone_right_arm) {transformation: [-1f,0f,0f,-0.375f,0f,0.9984f,0.0571f,-0.6882f,0f,0.0571f,-0.9984f,0.2878f,0f,0f,0f,1f],start_interpolation: 0,interpolation_duration: 1}
$data merge entity $(bone_left_arm) {transformation: [-1f,0f,0f,0.375f,0f,0.9999f,0.0155f,-0.7165f,0f,0.0155f,-0.9999f,0.2747f,0f,0f,0f,1f],start_interpolation: 0,interpolation_duration: 1}
$data merge entity $(bone_upper) {transformation: [-1f,0f,0f,0f,0f,0.9081f,0.4187f,-1.3125f,0f,0.4187f,-0.9081f,0f,0f,0f,0f,1f],start_interpolation: 0,interpolation_duration: 1}