# This file was generated by Animated Java via MC-Build. It is not recommended to edit this file directly.
$data merge entity $(bone_head) {transformation: [-0.8895f,-0.457f,-0.0015f,0f,-0.4096f,0.7956f,0.4464f,-0.6602f,-0.2028f,0.3976f,-0.8949f,0.3018f,0f,0f,0f,1f],start_interpolation: 0,interpolation_duration: 1}
$data merge entity $(bone_right_arm) {transformation: [-1f,0f,0f,-0.375f,0f,0.9989f,0.0471f,-0.6885f,0f,0.0471f,-0.9989f,0.2887f,0f,0f,0f,1f],start_interpolation: 0,interpolation_duration: 1}
$data merge entity $(bone_left_arm) {transformation: [-1f,0f,0f,0.375f,0f,1f,0.0062f,-0.7169f,0f,0.0062f,-1f,0.2755f,0f,0f,0f,1f],start_interpolation: 0,interpolation_duration: 1}
$data merge entity $(bone_upper) {transformation: [-1f,0f,0f,0f,0f,0.9076f,0.4199f,-1.3125f,0f,0.4199f,-0.9076f,0f,0f,0f,0f,1f],start_interpolation: 0,interpolation_duration: 1}