# This file was generated by Animated Java via MC-Build. It is not recommended to edit this file directly.
$data merge entity $(bone_slide) {transformation: [-0.9996f,0.0003f,-0.0274f,-0.045f,0.0045f,0.9878f,-0.1558f,-0.2562f,0.027f,-0.1559f,-0.9874f,0.6965f,0f,0f,0f,1f],start_interpolation: 0,interpolation_duration: 1}
$data merge entity $(bone_barrel) {transformation: [-0.9996f,0.0003f,-0.0274f,0.0644f,0.0045f,0.9878f,-0.1558f,-0.3366f,0.027f,-0.1559f,-0.9874f,0.7061f,0f,0f,0f,1f],start_interpolation: 0,interpolation_duration: 1}
$data merge entity $(bone_magazine) {transformation: [-0.9996f,0.0003f,-0.0274f,-0.0504f,0.0045f,0.9878f,-0.1558f,-0.4187f,0.027f,-0.1559f,-0.9874f,0.5228f,0f,0f,0f,1f],start_interpolation: 0,interpolation_duration: 1}
$data merge entity $(bone_grip) {transformation: [-0.9996f,0.0003f,-0.0274f,-0.0504f,0.0045f,0.9878f,-0.1558f,-0.4187f,0.027f,-0.1559f,-0.9874f,0.5228f,0f,0f,0f,1f],start_interpolation: 0,interpolation_duration: 1}
$data merge entity $(bone_trigger) {transformation: [-0.9996f,0.0003f,-0.0274f,-0.0496f,0.0045f,0.9878f,-0.1558f,-0.4096f,0.027f,-0.1559f,-0.9874f,0.5524f,0f,0f,0f,1f],start_interpolation: 0,interpolation_duration: 1}
$data merge entity $(bone_trigger_gaurd) {transformation: [-0.9996f,0.0003f,-0.0274f,-0.0487f,0.0045f,0.9878f,-0.1558f,-0.376f,0.027f,-0.1559f,-0.9874f,0.5799f,0f,0f,0f,1f],start_interpolation: 0,interpolation_duration: 1}
$data merge entity $(bone_right_arm) {transformation: [-0.9996f,-0.0274f,-0.0003f,-0.0938f,0.0045f,-0.1558f,-0.9878f,-0.4906f,0.027f,-0.9874f,0.1559f,0.2031f,0f,0f,0f,1f],start_interpolation: 0,interpolation_duration: 1}
$data merge entity $(bone_magazine1) {transformation: [0f,0f,0f,0.3126f,0f,0f,0f,-0.7762f,0f,0f,0f,0.6813f,0f,0f,0f,1f],start_interpolation: 0,interpolation_duration: 1}
$data merge entity $(bone_left_arm) {transformation: [0.6489f,-0.5454f,0.5305f,0.1639f,-0.3245f,0.4324f,0.8413f,-0.5125f,-0.6882f,-0.7181f,0.1036f,0.4167f,0f,0f,0f,1f],start_interpolation: 0,interpolation_duration: 1}
data modify entity @s data merge value {"cameras":{},"locators":{"barrel1":{"px":-0.06495731406867848,"py":-0.2993862643109115,"pz":0.7734705441299592,"ry":358.41042448343256,"rx":-8.96435353452501}}}