# This file was generated by Animated Java via MC-Build. It is not recommended to edit this file directly.
$data merge entity $(bone_slide) {transformation: [-0.9962f,0.0876f,-0.0009f,-0.1705f,0.0847f,0.9606f,-0.2647f,-0.1321f,-0.0223f,-0.2637f,-0.9643f,0.4269f,0f,0f,0f,1f],start_interpolation: 0,interpolation_duration: 1}
$data merge entity $(bone_barrel) {transformation: [-0.9962f,0.0876f,-0.0009f,-0.0686f,0.0847f,0.9606f,-0.2647f,-0.2042f,-0.0223f,-0.2637f,-0.9643f,0.505f,0f,0f,0f,1f],start_interpolation: 0,interpolation_duration: 1}
$data merge entity $(bone_magazine) {transformation: [-0.9962f,0.0876f,-0.0009f,-0.1823f,0.0847f,0.9606f,-0.2647f,-0.2976f,-0.0223f,-0.2637f,-0.9643f,0.3265f,0f,0f,0f,1f],start_interpolation: 0,interpolation_duration: 1}
$data merge entity $(bone_grip) {transformation: [-0.9962f,0.0876f,-0.0009f,-0.1823f,0.0847f,0.9606f,-0.2647f,-0.2976f,-0.0223f,-0.2637f,-0.9643f,0.3265f,0f,0f,0f,1f],start_interpolation: 0,interpolation_duration: 1}
$data merge entity $(bone_trigger) {transformation: [-0.9962f,0.0876f,-0.0009f,-0.1819f,0.0847f,0.9606f,-0.2647f,-0.2853f,-0.0223f,-0.2637f,-0.9643f,0.3548f,0f,0f,0f,1f],start_interpolation: 0,interpolation_duration: 1}
$data merge entity $(bone_trigger_gaurd) {transformation: [-0.9962f,0.0876f,-0.0009f,-0.1794f,0.0847f,0.9606f,-0.2647f,-0.2489f,-0.0223f,-0.2637f,-0.9643f,0.3785f,0f,0f,0f,1f],start_interpolation: 0,interpolation_duration: 1}
$data merge entity $(bone_right_arm) {transformation: [-0.9962f,-0.0009f,-0.0876f,-0.2187f,0.0847f,-0.2647f,-0.9606f,-0.4019f,-0.0223f,-0.9643f,0.2637f,0.0149f,0f,0f,0f,1f],start_interpolation: 0,interpolation_duration: 1}
$data merge entity $(bone_magazine1) {transformation: [0f,0f,0f,-0.239f,0f,0f,0f,-0.2284f,0f,0f,0f,0.3306f,0f,0f,0f,1f],start_interpolation: 0,interpolation_duration: 1}
$data merge entity $(bone_left_arm) {transformation: [-0.8344f,0.402f,0.377f,-0.0406f,-0.4824f,-0.2019f,-0.8524f,-0.4047f,-0.2666f,-0.8931f,0.3624f,0.0286f,0f,0f,0f,1f],start_interpolation: 0,interpolation_duration: 1}
data modify entity @s data merge value {"cameras":{},"locators":{"barrel1":{"px":-0.19689698424185154,"py":-0.12489213805277935,"pz":0.6518341196403854,"ry":359.9444258833905,"rx":-15.347200421729577}}}