# This file was generated by Animated Java via MC-Build. It is not recommended to edit this file directly.
$data merge entity $(bone_slide) {transformation: [-0.9962f,0.0876f,-0.0009f,-0.1705f,0.0863f,0.9799f,-0.1796f,-0.213f,-0.0148f,-0.179f,-0.9837f,0.4562f,0f,0f,0f,1f],start_interpolation: 0,interpolation_duration: 1}
$data merge entity $(bone_barrel) {transformation: [-0.9962f,0.0876f,-0.0009f,-0.0686f,0.0863f,0.9799f,-0.1796f,-0.2916f,-0.0148f,-0.179f,-0.9837f,0.5276f,0f,0f,0f,1f],start_interpolation: 0,interpolation_duration: 1}
$data merge entity $(bone_magazine) {transformation: [-0.9962f,0.0876f,-0.0009f,-0.1823f,0.0863f,0.9799f,-0.1796f,-0.3691f,-0.0148f,-0.179f,-0.9837f,0.3416f,0f,0f,0f,1f],start_interpolation: 0,interpolation_duration: 1}
$data merge entity $(bone_grip) {transformation: [-0.9962f,0.0876f,-0.0009f,-0.1823f,0.0863f,0.9799f,-0.1796f,-0.3691f,-0.0148f,-0.179f,-0.9837f,0.3416f,0f,0f,0f,1f],start_interpolation: 0,interpolation_duration: 1}
$data merge entity $(bone_trigger) {transformation: [-0.9962f,0.0876f,-0.0009f,-0.1819f,0.0863f,0.9799f,-0.1796f,-0.3593f,-0.0148f,-0.179f,-0.9837f,0.371f,0f,0f,0f,1f],start_interpolation: 0,interpolation_duration: 1}
$data merge entity $(bone_trigger_gaurd) {transformation: [-0.9962f,0.0876f,-0.0009f,-0.1794f,0.0863f,0.9799f,-0.1796f,-0.3251f,-0.0148f,-0.179f,-0.9837f,0.3977f,0f,0f,0f,1f],start_interpolation: 0,interpolation_duration: 1}
$data merge entity $(bone_right_arm) {transformation: [-0.9962f,-0.0009f,-0.0876f,-0.2187f,0.0863f,-0.1796f,-0.9799f,-0.4458f,-0.0148f,-0.9837f,0.179f,0.0222f,0f,0f,0f,1f],start_interpolation: 0,interpolation_duration: 1}
$data merge entity $(bone_magazine1) {transformation: [0f,0f,0f,-0.239f,0f,0f,0f,-0.3005f,0f,0f,0f,0.3518f,0f,0f,0f,1f],start_interpolation: 0,interpolation_duration: 1}
$data merge entity $(bone_left_arm) {transformation: [-0.8344f,0.402f,0.377f,-0.0406f,-0.4573f,-0.1233f,-0.8807f,-0.4498f,-0.3076f,-0.9073f,0.2867f,0.0356f,0f,0f,0f,1f],start_interpolation: 0,interpolation_duration: 1}
data modify entity @s data merge value {"cameras":{},"locators":{"barrel1":{"px":-0.19689698424185154,"py":-0.22538860284635734,"pz":0.6808130968564352,"ry":359.9455217141112,"rx":-10.34720272444012}}}