# This file was generated by Animated Java via MC-Build. It is not recommended to edit this file directly.
$data merge entity $(bone_magazine) {transformation: [-0.9924f,-0.052f,-0.1116f,-0.1945f,-0.052f,0.9986f,-0.0029f,-0.2147f,0.1116f,0.0029f,-0.9938f,0.3737f,0f,0f,0f,1f],start_interpolation: 0,interpolation_duration: 2}
$data merge entity $(bone_chamber) {transformation: [-0.9924f,-0.052f,-0.1116f,-0.1756f,-0.052f,0.9986f,-0.0029f,-0.1751f,0.1116f,0.0029f,-0.9938f,0.5601f,0f,0f,0f,1f],start_interpolation: 0,interpolation_duration: 2}
$data merge entity $(bone_akm1) {transformation: [-0.9924f,-0.052f,-0.1116f,-0.1756f,-0.052f,0.9986f,-0.0029f,-0.1751f,0.1116f,0.0029f,-0.9938f,0.5601f,0f,0f,0f,1f],start_interpolation: 0,interpolation_duration: 2}
$data merge entity $(bone_magazine2) {transformation: [0f,0f,0f,-0.202f,0f,0f,0f,-0.2008f,0f,0f,0f,0.3131f,0f,0f,0f,1f],start_interpolation: 0,interpolation_duration: 2}
$data merge entity $(bone_right_arm) {transformation: [-0.9924f,-0.1116f,0.052f,-0.25f,-0.052f,-0.0029f,-0.9986f,-0.2607f,0.1116f,-0.9938f,-0.0029f,-0.0294f,0f,0f,0f,1f],start_interpolation: 0,interpolation_duration: 2}
$data merge entity $(bone_forearm) {transformation: [-0.3073f,0.4756f,-0.8242f,-0.0627f,0.9397f,0.0147f,-0.3418f,-0.2271f,-0.1504f,-0.8795f,-0.4514f,0.4852f,0f,0f,0f,1f],start_interpolation: 0,interpolation_duration: 2}
$data merge entity $(bone_magazine1) {transformation: [0f,0f,0f,-0.2619f,0f,0f,0f,-0.2069f,0f,0f,0f,1.018f,0f,0f,0f,1f],start_interpolation: 0,interpolation_duration: 2}
$data merge entity $(bone_chamber1) {transformation: [0f,0f,0f,-0.2619f,0f,0f,0f,-0.2069f,0f,0f,0f,1.018f,0f,0f,0f,1f],start_interpolation: 0,interpolation_duration: 2}
$data merge entity $(bone_akm3) {transformation: [0f,0f,0f,-0.2619f,0f,0f,0f,-0.2069f,0f,0f,0f,1.018f,0f,0f,0f,1f],start_interpolation: 0,interpolation_duration: 2}
$data merge entity $(bone_muzzleflash) {transformation: [0f,0f,0f,-0.2031f,0f,0f,0f,-0.7703f,0f,0f,0f,0.4f,0f,0f,0f,1f],start_interpolation: 0,interpolation_duration: 2}
$execute on vehicle unless entity @s[tag=aj.transforms_only] as $(locator_akm) positioned ^-0.1241248424 ^-0.1356867061 ^1.0364168641 rotated ~353.5939172543 ~-0.1667268842 run function animated_java:akm/animations/empty/zzz/frames/0_locator_akm
data modify entity @s data merge value {"cameras":{},"locators":{"akm":{"px":-0.12412484241666594,"py":-0.1356867060801703,"pz":1.0364168641478735,"ry":353.5939172543493,"rx":-0.16672688419649567},"akm2":{"px":-0.26185718314716866,"py":-0.20690701193401395,"pz":1.0180187644127792,"ry":28.403617121264347,"rx":0.842981270050387}}}
execute on vehicle unless entity @s[tag=aj.transforms_only] at @s run function animated_java:akm/animations/empty/zzz/frames/0_root_function