# This file was generated by Animated Java via MC-Build. It is not recommended to edit this file directly.
$data merge entity $(magazine) {transformation: [-0.9924f,-0.052f,-0.1116f,-0.1633f,-0.052f,0.9986f,-0.0029f,-0.2147f,0.1116f,0.0029f,-0.9938f,0.6237f,0f,0f,0f,1f],start_interpolation: 0,interpolation_duration: 2}
$data merge entity $(chamber) {transformation: [-0.9924f,-0.052f,-0.1116f,-0.1444f,-0.052f,0.9986f,-0.0029f,-0.1751f,0.1116f,0.0029f,-0.9938f,0.8101f,0f,0f,0f,1f],start_interpolation: 0,interpolation_duration: 2}
$data merge entity $(akm1) {transformation: [-0.9924f,-0.052f,-0.1116f,-0.1444f,-0.052f,0.9986f,-0.0029f,-0.1751f,0.1116f,0.0029f,-0.9938f,0.8101f,0f,0f,0f,1f],start_interpolation: 0,interpolation_duration: 2}
$data merge entity $(right_arm) {transformation: [-0.9924f,-0.1116f,0.052f,-0.2188f,-0.052f,-0.0029f,-0.9986f,-0.2607f,0.1116f,-0.9938f,-0.0029f,0.2206f,0f,0f,0f,1f],start_interpolation: 0,interpolation_duration: 2}
$data merge entity $(magazine2) {transformation: [0f,0f,0f,-0.1426f,0f,0f,0f,-0.1824f,0f,0f,0f,1.0335f,0f,0f,0f,1f],start_interpolation: 0,interpolation_duration: 2}
$data merge entity $(forearm) {transformation: [-0.3073f,0.4756f,-0.8242f,-0.0314f,0.9397f,0.0147f,-0.3418f,-0.2271f,-0.1504f,-0.8795f,-0.4514f,0.7352f,0f,0f,0f,1f],start_interpolation: 0,interpolation_duration: 2}
$execute on vehicle unless entity @s[tag=aj.transforms_only] as $(akm) positioned ^-0.0928748424 ^-0.1356867061 ^1.2864168641 rotated ~353.5939172543 ~-0.1667268842 run function animated_java:akm/animations/empty/zzz/frames/0_locator_akm
data modify entity @s data merge value {"cameras":{},"locators":{"akm":{"px":-0.09287484241666599,"py":-0.1356867060801703,"pz":1.2864168641478735,"ry":353.5939172543493,"rx":-0.16672688419649567}}}
execute on vehicle unless entity @s[tag=aj.transforms_only] at @s run function animated_java:akm/animations/empty/zzz/frames/0_root_function