# This file was generated by Animated Java via MC-Build. It is not recommended to edit this file directly.
$data merge entity $(bone_shotgun_shell) {transformation: [0f,0f,0f,-0.0113f,0f,0f,0f,-0.7467f,0f,0f,0f,0.8108f,0f,0f,0f,1f],start_interpolation: 0,interpolation_duration: 1}
$data merge entity $(bone_clock) {transformation: [-0.8434f,0f,-0.5373f,0.2482f,0.5353f,0.0872f,-0.8402f,-0.4377f,0.0468f,-0.9962f,-0.0735f,0.9508f,0f,0f,0f,1f],start_interpolation: 0,interpolation_duration: 1}
$data merge entity $(bone_barrel1) {transformation: [-0.8434f,0f,-0.5373f,0.1223f,0.5353f,0.0872f,-0.8402f,-0.6319f,0.0468f,-0.9962f,-0.0735f,0.9025f,0f,0f,0f,1f],start_interpolation: 0,interpolation_duration: 1}
$data merge entity $(bone_trigger) {transformation: [-0.8434f,0f,-0.5373f,0.0015f,0.5353f,0.0872f,-0.8402f,-0.7642f,0.0468f,-0.9962f,-0.0735f,0.9075f,0f,0f,0f,1f],start_interpolation: 0,interpolation_duration: 1}
$data merge entity $(bone_trigger_part) {transformation: [-0.8434f,0f,-0.5373f,0.012f,0.5353f,0.0872f,-0.8402f,-0.7486f,0.0468f,-0.9962f,-0.0735f,0.9173f,0f,0f,0f,1f],start_interpolation: 0,interpolation_duration: 1}
$data merge entity $(bone_chrome_shotgun) {transformation: [-0.8434f,0f,-0.5373f,0.0336f,0.5353f,0.0872f,-0.8402f,-0.7403f,0.0468f,-0.9962f,-0.0735f,0.8773f,0f,0f,0f,1f],start_interpolation: 0,interpolation_duration: 1}
$data merge entity $(bone_shotgun_shell1) {transformation: [0f,0f,0f,0.003f,0f,0f,0f,-0.8113f,0f,0f,0f,0.8679f,0f,0f,0f,1f],start_interpolation: 0,interpolation_duration: 1}
$data merge entity $(bone_right_arm) {transformation: [-0.766f,-0.6428f,0f,-0.2638f,0.6403f,-0.7631f,-0.0872f,-1.0342f,0.056f,-0.0668f,0.9962f,0.8829f,0f,0f,0f,1f],start_interpolation: 0,interpolation_duration: 1}
$data merge entity $(bone_left_arm) {transformation: [-0.9517f,-0.0434f,-0.304f,0.2961f,0.0936f,-0.9839f,-0.1525f,-0.6512f,-0.2925f,-0.1735f,0.9404f,0.9164f,0f,0f,0f,1f],start_interpolation: 0,interpolation_duration: 1}
data modify entity @s data merge value {"cameras":{},"locators":{"barrel":{"px":0.3729882990409844,"py":-0.17757239009209602,"pz":0.8920134985404369,"ry":277.7901099770679,"rx":-57.159352526955715}}}
execute on vehicle unless entity @s[tag=aj.transforms_only] at @s run function animated_java:chrome_shotgun/animations/wall/zzz/frames/0_root_function