# This file was generated by Animated Java via MC-Build. It is not recommended to edit this file directly.
$data merge entity $(bone_head) {transformation: [-0.9982f,0.006f,0.0596f,0.0043f,0.0152f,0.9877f,0.1556f,-0.6026f,-0.0579f,0.1562f,-0.986f,0.1123f,0f,0f,0f,1f],start_interpolation: 0,interpolation_duration: 1}
$data merge entity $(bone_right_arm) {transformation: [-0.8071f,0.5738f,-0.1388f,-0.2872f,0.0272f,-0.1988f,-0.9797f,-0.5948f,-0.5897f,-0.7945f,0.1449f,-0.1256f,0f,0f,0f,1f],start_interpolation: 0,interpolation_duration: 1}
$data merge entity $(bone_left_arm) {transformation: [-0.7927f,0.2074f,0.5733f,0.2952f,0.0179f,0.9479f,-0.3182f,-0.7029f,-0.6094f,-0.2419f,-0.7551f,0.3356f,0f,0f,0f,1f],start_interpolation: 0,interpolation_duration: 1}
$data merge entity $(bone_upper) {transformation: [-0.7767f,0.006f,0.6299f,0f,0.103f,0.9877f,0.1176f,-1.3125f,-0.6214f,0.1562f,-0.7678f,0f,0f,0f,0f,1f],start_interpolation: 0,interpolation_duration: 1}
$data merge entity $(bone_left_leg) {transformation: [-0.999f,-0.0411f,0.0146f,0.125f,-0.0436f,0.9417f,-0.3335f,-1.3812f,0f,-0.3338f,-0.9426f,0.0313f,0f,0f,0f,1f],start_interpolation: 0,interpolation_duration: 1}
$data merge entity $(bone_right_leg) {transformation: [-0.9962f,0.0689f,0.0534f,-0.125f,0.0872f,0.7877f,0.6099f,-1.375f,0f,0.6122f,-0.7907f,0.0062f,0f,0f,0f,1f],start_interpolation: 0,interpolation_duration: 1}