# This file was generated by Animated Java via MC-Build. It is not recommended to edit this file directly.
$data merge entity $(bone_head) {transformation: [-0.9544f,-0.2981f,-0.014f,0.0358f,-0.2775f,0.8693f,0.4091f,-0.6386f,-0.1097f,0.3944f,-0.9124f,0.2475f,0f,0f,0f,1f],start_interpolation: 0,interpolation_duration: 1}
$data merge entity $(bone_right_arm) {transformation: [-0.9678f,-0.1335f,-0.2134f,-0.3327f,-0.107f,0.9856f,-0.1312f,-0.6766f,0.2279f,-0.1041f,-0.9681f,0.3135f,0f,0f,0f,1f],start_interpolation: 0,interpolation_duration: 1}
$data merge entity $(bone_left_arm) {transformation: [-0.973f,-0.1258f,-0.1934f,0.3996f,-0.1104f,0.99f,-0.0882f,-0.6885f,0.2025f,-0.0645f,-0.9772f,0.1492f,0f,0f,0f,1f],start_interpolation: 0,interpolation_duration: 1}
$data merge entity $(bone_upper) {transformation: [-0.9785f,0.0498f,-0.2f,0f,-0.0232f,0.9375f,0.3471f,-1.3125f,0.2048f,0.3443f,-0.9163f,0f,0f,0f,0f,1f],start_interpolation: 0,interpolation_duration: 1}
$data merge entity $(bone_left_leg) {transformation: [-0.999f,-0.0426f,-0.0095f,0.125f,-0.0436f,0.9748f,0.2187f,-1.375f,0f,0.2189f,-0.9758f,0.0313f,0f,0f,0f,1f],start_interpolation: 0,interpolation_duration: 1}
$data merge entity $(bone_right_leg) {transformation: [-0.9962f,0.0847f,0.0203f,-0.125f,0.0872f,0.9687f,0.2326f,-1.425f,0f,0.2334f,-0.9724f,0.025f,0f,0f,0f,1f],start_interpolation: 0,interpolation_duration: 1}