# This file was generated by Animated Java via MC-Build. It is not recommended to edit this file directly.
$data merge entity $(bone_magazine) {transformation: [-0.0432f,0.3346f,-0.9414f,0.0888f,0.2587f,0.9139f,0.3129f,-0.7048f,0.965f,-0.23f,-0.126f,0.5415f,0f,0f,0f,1f],start_interpolation: 0,interpolation_duration: 0}
$data merge entity $(bone_chamber) {transformation: [-0.0432f,0.3346f,-0.9414f,0.2784f,0.2587f,0.9139f,0.3129f,-0.7278f,0.965f,-0.23f,-0.126f,0.5561f,0f,0f,0f,1f],start_interpolation: 0,interpolation_duration: 0}
$data merge entity $(bone_akm1) {transformation: [-0.0432f,0.3346f,-0.9414f,0.2784f,0.2587f,0.9139f,0.3129f,-0.7278f,0.965f,-0.23f,-0.126f,0.5561f,0f,0f,0f,1f],start_interpolation: 0,interpolation_duration: 0}
$data merge entity $(bone_magazine2) {transformation: [0f,0f,0f,0.0361f,0f,0f,0f,-0.6729f,0f,0f,0f,0.5306f,0f,0f,0f,1f],start_interpolation: 0,interpolation_duration: 0}
$data merge entity $(bone_right_arm) {transformation: [-0.0432f,-0.9414f,-0.3346f,-0.3095f,0.2587f,0.3129f,-0.9139f,-0.6147f,0.965f,-0.126f,0.23f,0.5125f,0f,0f,0f,1f],start_interpolation: 0,interpolation_duration: 0}
$data merge entity $(bone_forearm) {transformation: [0.1384f,-0.7523f,-0.6441f,0.2057f,0.9903f,0.0977f,0.0986f,-0.7918f,-0.0113f,-0.6515f,0.7586f,0.4481f,0f,0f,0f,1f],start_interpolation: 0,interpolation_duration: 0}
$data merge entity $(bone_magazine1) {transformation: [0f,0f,0f,0.6829f,0f,0f,0f,-0.8551f,0f,0f,0f,0.7517f,0f,0f,0f,1f],start_interpolation: 0,interpolation_duration: 0}
$data merge entity $(bone_chamber1) {transformation: [0f,0f,0f,0.6829f,0f,0f,0f,-0.8551f,0f,0f,0f,0.7517f,0f,0f,0f,1f],start_interpolation: 0,interpolation_duration: 0}
$data merge entity $(bone_akm3) {transformation: [0f,0f,0f,0.6829f,0f,0f,0f,-0.8551f,0f,0f,0f,0.7517f,0f,0f,0f,1f],start_interpolation: 0,interpolation_duration: 0}
$data merge entity $(bone_muzzleflash) {transformation: [0f,0f,0f,-0.2031f,0f,0f,0f,-0.7703f,0f,0f,0f,0.4f,0f,0f,0f,1f],start_interpolation: 0,interpolation_duration: 0}
data modify entity @s data merge value {"cameras":{},"locators":{"akm":{"px":0.7422216817220308,"py":-0.8429400487099066,"pz":0.6077756464536159,"ry":277.6248520474688,"rx":18.23514733896779},"akm2":{"px":0.6829529647152667,"py":-0.8550711450358176,"pz":0.7517238156298316,"ry":310.8908983078616,"rx":5.607330561413495}}}
execute on vehicle unless entity @s[tag=aj.transforms_only] at @s run function animated_java:akm/animations/run/zzz/frames/0_root_function