# This file was generated by Animated Java via MC-Build. It is not recommended to edit this file directly.
$data merge entity $(bone_magazine) {transformation: [-0.0432f,0.3346f,-0.9414f,0.0888f,0.2587f,0.9139f,0.3129f,-0.5486f,0.965f,-0.23f,-0.126f,0.354f,0f,0f,0f,1f],start_interpolation: 0,interpolation_duration: 2}
$data merge entity $(bone_chamber) {transformation: [-0.0432f,0.3346f,-0.9414f,0.2784f,0.2587f,0.9139f,0.3129f,-0.5715f,0.965f,-0.23f,-0.126f,0.3686f,0f,0f,0f,1f],start_interpolation: 0,interpolation_duration: 2}
$data merge entity $(bone_akm1) {transformation: [-0.0432f,0.3346f,-0.9414f,0.2784f,0.2587f,0.9139f,0.3129f,-0.5715f,0.965f,-0.23f,-0.126f,0.3686f,0f,0f,0f,1f],start_interpolation: 0,interpolation_duration: 2}
$data merge entity $(bone_right_arm) {transformation: [-0.0432f,-0.9414f,-0.3346f,-0.3095f,0.2587f,0.3129f,-0.9139f,-0.4585f,0.965f,-0.126f,0.23f,0.325f,0f,0f,0f,1f],start_interpolation: 0,interpolation_duration: 2}
$data merge entity $(bone_magazine2) {transformation: [0f,0f,0f,0.4843f,0f,0f,0f,-0.6411f,0f,0f,0f,0.421f,0f,0f,0f,1f],start_interpolation: 0,interpolation_duration: 2}
$data merge entity $(bone_forearm) {transformation: [0.1384f,-0.7523f,-0.6441f,0.2057f,0.9903f,0.0977f,0.0986f,-0.6356f,-0.0113f,-0.6515f,0.7586f,0.2606f,0f,0f,0f,1f],start_interpolation: 0,interpolation_duration: 2}
data modify entity @s data merge value {"cameras":{},"locators":{"akm":{"px":0.7422216817220311,"py":-0.6866900487099066,"pz":0.4202756464536159,"ry":277.6248520474688,"rx":18.23514733896779}}}
execute on vehicle unless entity @s[tag=aj.transforms_only] at @s run function animated_java:akm/animations/run/zzz/frames/0_root_function