# This file was generated by Animated Java via MC-Build. It is not recommended to edit this file directly.
$data merge entity $(bone_magazine) {transformation: [-0.1362f,0.3242f,-0.9361f,0.0677f,0.3127f,0.9107f,0.2699f,-0.5226f,0.94f,-0.2559f,-0.2254f,0.3343f,0f,0f,0f,1f],start_interpolation: 0,interpolation_duration: 2}
$data merge entity $(bone_chamber) {transformation: [-0.1362f,0.3242f,-0.9361f,0.2559f,0.3127f,0.9107f,0.2699f,-0.5377f,0.94f,-0.2559f,-0.2254f,0.3665f,0f,0f,0f,1f],start_interpolation: 0,interpolation_duration: 2}
$data merge entity $(bone_akm1) {transformation: [-0.1362f,0.3242f,-0.9361f,0.2559f,0.3127f,0.9107f,0.2699f,-0.5377f,0.94f,-0.2559f,-0.2254f,0.3665f,0f,0f,0f,1f],start_interpolation: 0,interpolation_duration: 2}
$data merge entity $(bone_right_arm) {transformation: [-0.1362f,-0.9361f,-0.3242f,-0.3292f,0.3127f,0.2699f,-0.9107f,-0.4492f,0.94f,-0.2254f,0.2559f,0.2657f,0f,0f,0f,1f],start_interpolation: 0,interpolation_duration: 2}
$data merge entity $(bone_magazine2) {transformation: [0f,0f,0f,0.4585f,0f,0f,0f,-0.5964f,0f,0f,0f,0.4405f,0f,0f,0f,1f],start_interpolation: 0,interpolation_duration: 2}
$data merge entity $(bone_forearm) {transformation: [0.1072f,-0.6948f,-0.7111f,0.1951f,0.9924f,0.0316f,0.1187f,-0.6105f,-0.06f,-0.7185f,0.6929f,0.2568f,0f,0f,0f,1f],start_interpolation: 0,interpolation_duration: 2}
data modify entity @s data merge value {"cameras":{},"locators":{"akm":{"px":0.716833352553401,"py":-0.6323345218730065,"pz":0.46480666608103893,"ry":283.5374983938683,"rx":15.660339911687903}}}