# This file was generated by Animated Java via MC-Build. It is not recommended to edit this file directly.
$data merge entity $(bone_magazine) {transformation: [-0.4561f,0.2851f,-0.843f,-0.0003f,0.3224f,0.9359f,0.1421f,-0.4119f,0.8295f,-0.207f,-0.5188f,0.3615f,0f,0f,0f,1f],start_interpolation: 0,interpolation_duration: 2}
$data merge entity $(bone_chamber) {transformation: [-0.4561f,0.2851f,-0.843f,0.169f,0.3224f,0.9359f,0.1421f,-0.402f,0.8295f,-0.207f,-0.5188f,0.4507f,0f,0f,0f,1f],start_interpolation: 0,interpolation_duration: 2}
$data merge entity $(bone_akm1) {transformation: [-0.4561f,0.2851f,-0.843f,0.169f,0.3224f,0.9359f,0.1421f,-0.402f,0.8295f,-0.207f,-0.5188f,0.4507f,0f,0f,0f,1f],start_interpolation: 0,interpolation_duration: 2}
$data merge entity $(bone_right_arm) {transformation: [-0.4561f,-0.843f,-0.2851f,-0.3615f,0.3224f,0.1421f,-0.9359f,-0.3914f,0.8295f,-0.5188f,0.207f,0.17f,0f,0f,0f,1f],start_interpolation: 0,interpolation_duration: 2}
$data merge entity $(bone_magazine2) {transformation: [0f,0f,0f,0.3436f,0f,0f,0f,-0.4322f,0f,0f,0f,0.587f,0f,0f,0f,1f],start_interpolation: 0,interpolation_duration: 2}
$data merge entity $(bone_forearm) {transformation: [0.0102f,-0.4353f,-0.9002f,0.1538f,0.9956f,-0.0792f,0.0496f,-0.4854f,-0.0929f,-0.8968f,0.4326f,0.3329f,0f,0f,0f,1f],start_interpolation: 0,interpolation_duration: 2}
$data merge entity $(bone_bicep) {transformation: [0.0102f,-0.4353f,-0.9002f,-0.0231f,0.9956f,-0.0792f,0.0496f,-0.5238f,-0.0929f,-0.8968f,0.4326f,-0.0308f,0f,0f,0f,1f],start_interpolation: 0,interpolation_duration: 2}
data modify entity @s data merge value {"cameras":{},"locators":{"akm":{"px":0.583786370972263,"py":-0.43440034835696595,"pz":0.6914155072891461,"ry":301.60609705878505,"rx":8.16862798747312}}}