# This file was generated by Animated Java via MC-Build. It is not recommended to edit this file directly.
$data merge entity $(bone_magazine) {transformation: [-0.5797f,0.2489f,-0.7759f,-0.0818f,0.265f,0.958f,0.1093f,-0.5456f,0.7705f,-0.1423f,-0.6214f,0.0931f,0f,0f,0f,1f],start_interpolation: 0,interpolation_duration: 1}
$data merge entity $(bone_chamber) {transformation: [-0.5797f,0.2489f,-0.7759f,0.0734f,0.265f,0.958f,0.1093f,-0.5287f,0.7705f,-0.1423f,-0.6214f,0.2041f,0f,0f,0f,1f],start_interpolation: 0,interpolation_duration: 1}
$data merge entity $(bone_akm1) {transformation: [-0.5797f,0.2489f,-0.7759f,0.0734f,0.265f,0.958f,0.1093f,-0.5287f,0.7705f,-0.1423f,-0.6214f,0.2041f,0f,0f,0f,1f],start_interpolation: 0,interpolation_duration: 1}
$data merge entity $(bone_magazine2) {transformation: [0f,0f,0f,-0.1256f,0f,0f,0f,-0.5255f,0f,0f,0f,0.0533f,0f,0f,0f,1f],start_interpolation: 0,interpolation_duration: 1}
$data merge entity $(bone_right_arm) {transformation: [-0.5797f,-0.7759f,-0.2489f,-0.4157f,0.265f,0.1093f,-0.958f,-0.5402f,0.7705f,-0.6214f,0.1423f,-0.1437f,0f,0f,0f,1f],start_interpolation: 0,interpolation_duration: 1}
$data merge entity $(bone_forearm) {transformation: [-0.0418f,-0.3091f,-0.9501f,0.0791f,0.9971f,-0.0737f,-0.0199f,-0.6087f,-0.0638f,-0.9482f,0.3113f,0.0831f,0f,0f,0f,1f],start_interpolation: 0,interpolation_duration: 1}
$data merge entity $(bone_magazine1) {transformation: [0f,0f,0f,0.3322f,0f,0f,0f,-0.5655f,0f,0f,0f,0.5911f,0f,0f,0f,1f],start_interpolation: 0,interpolation_duration: 1}
$data merge entity $(bone_chamber1) {transformation: [0f,0f,0f,0.3322f,0f,0f,0f,-0.5655f,0f,0f,0f,0.5911f,0f,0f,0f,1f],start_interpolation: 0,interpolation_duration: 1}
$data merge entity $(bone_akm3) {transformation: [0f,0f,0f,0.3322f,0f,0f,0f,-0.5655f,0f,0f,0f,0.5911f,0f,0f,0f,1f],start_interpolation: 0,interpolation_duration: 1}
data modify entity @s data merge value {"cameras":{},"locators":{"akm":{"px":0.4546495563834072,"py":-0.544553491849526,"pz":0.49641158410556785,"ry":308.68969155531005,"rx":6.272448291590936},"akm2":{"px":0.33225152524654517,"py":-0.5655273360673237,"pz":0.591068013128789,"ry":341.9455564562311,"rx":-4.224463416385875}}}