# This file was generated by Animated Java via MC-Build. It is not recommended to edit this file directly.
$data merge entity $(bone_magazine) {transformation: [-0.4379f,0.2889f,-0.8514f,-0.0247f,0.3278f,0.9331f,0.148f,-0.571f,0.8371f,-0.2143f,-0.5033f,0.2244f,0f,0f,0f,1f],start_interpolation: 0,interpolation_duration: 1}
$data merge entity $(bone_chamber) {transformation: [-0.4379f,0.2889f,-0.8514f,0.1462f,0.3278f,0.9331f,0.148f,-0.5623f,0.8371f,-0.2143f,-0.5033f,0.3104f,0f,0f,0f,1f],start_interpolation: 0,interpolation_duration: 1}
$data merge entity $(bone_akm1) {transformation: [-0.4379f,0.2889f,-0.8514f,0.1462f,0.3278f,0.9331f,0.148f,-0.5623f,0.8371f,-0.2143f,-0.5033f,0.3104f,0f,0f,0f,1f],start_interpolation: 0,interpolation_duration: 1}
$data merge entity $(bone_magazine2) {transformation: [0f,0f,0f,-0.0725f,0f,0f,0f,-0.5489f,0f,0f,0f,0.1907f,0f,0f,0f,1f],start_interpolation: 0,interpolation_duration: 1}
$data merge entity $(bone_right_arm) {transformation: [-0.4379f,-0.8514f,-0.2889f,-0.3893f,0.3278f,0.148f,-0.9331f,-0.548f,0.8371f,-0.5033f,0.2143f,0.0396f,0f,0f,0f,1f],start_interpolation: 0,interpolation_duration: 1}
$data merge entity $(bone_forearm) {transformation: [0.0167f,-0.4526f,-0.8916f,0.1282f,0.9953f,-0.0774f,0.0579f,-0.6458f,-0.0952f,-0.8884f,0.4491f,0.193f,0f,0f,0f,1f],start_interpolation: 0,interpolation_duration: 1}
$data merge entity $(bone_magazine1) {transformation: [0f,0f,0f,0.4573f,0f,0f,0f,-0.6071f,0f,0f,0f,0.6559f,0f,0f,0f,1f],start_interpolation: 0,interpolation_duration: 1}
$data merge entity $(bone_chamber1) {transformation: [0f,0f,0f,0.4573f,0f,0f,0f,-0.6071f,0f,0f,0f,0.6559f,0f,0f,0f,1f],start_interpolation: 0,interpolation_duration: 1}
$data merge entity $(bone_akm3) {transformation: [0f,0f,0f,0.4573f,0f,0f,0f,-0.6071f,0f,0f,0f,0.6559f,0f,0f,0f,1f],start_interpolation: 0,interpolation_duration: 1}
data modify entity @s data merge value {"cameras":{},"locators":{"akm":{"px":0.5651702973224598,"py":-0.5977040038883659,"pz":0.5433802449086834,"ry":300.58852025805754,"rx":8.51218592809174},"akm2":{"px":0.45727919905679654,"py":-0.6070773183672787,"pz":0.6558643398447641,"ry":333.00476996626617,"rx":-4.438630338459502}}}