# This file was generated by Animated Java via MC-Build. It is not recommended to edit this file directly.
$data merge entity $(bone_magazine) {transformation: [-0.1112f,0.3266f,-0.9386f,0.105f,0.3013f,0.9111f,0.2813f,-0.5914f,0.947f,-0.2515f,-0.1997f,0.8785f,0f,0f,0f,1f],start_interpolation: 0,interpolation_duration: 2}
$data merge entity $(bone_chamber) {transformation: [-0.1112f,0.3266f,-0.9386f,0.2937f,0.3013f,0.9111f,0.2813f,-0.6086f,0.947f,-0.2515f,-0.1997f,0.9061f,0f,0f,0f,1f],start_interpolation: 0,interpolation_duration: 2}
$data merge entity $(bone_akm1) {transformation: [-0.1112f,0.3266f,-0.9386f,0.2937f,0.3013f,0.9111f,0.2813f,-0.6086f,0.947f,-0.2515f,-0.1997f,0.9061f,0f,0f,0f,1f],start_interpolation: 0,interpolation_duration: 2}
$data merge entity $(bone_right_arm) {transformation: [-0.1112f,-0.9386f,-0.3266f,-0.2927f,0.3013f,0.2813f,-0.9111f,-0.5135f,0.947f,-0.1997f,0.2515f,0.8202f,0f,0f,0f,1f],start_interpolation: 0,interpolation_duration: 2}
$data merge entity $(bone_magazine2) {transformation: [0f,0f,0f,0.4975f,0f,0f,0f,-0.6701f,0f,0f,0f,0.9745f,0f,0f,0f,1f],start_interpolation: 0,interpolation_duration: 2}
$data merge entity $(bone_forearm) {transformation: [0.115f,-0.7112f,-0.6936f,0.2297f,0.9921f,0.0475f,0.1158f,-0.6794f,-0.0495f,-0.7014f,0.711f,0.7968f,0f,0f,0f,1f],start_interpolation: 0,interpolation_duration: 2}
$data merge entity $(bone_bicep) {transformation: [0.115f,-0.7112f,-0.6936f,-0.06f,0.9921f,0.0475f,0.1158f,-0.6664f,-0.0495f,-0.7014f,0.711f,0.5122f,0f,0f,0f,1f],start_interpolation: 0,interpolation_duration: 2}
data modify entity @s data merge value {"cameras":{},"locators":{"akm":{"px":0.7559492832033183,"py":-0.7086981351976628,"pz":0.9921965303252346,"ry":282.01045019409094,"rx":16.3392412928989}}}