# This file was generated by Animated Java via MC-Build. It is not recommended to edit this file directly.
$data merge entity $(bone_magazine) {transformation: [-0.0432f,0.3346f,-0.9414f,0.12f,0.2587f,0.9139f,0.3129f,-0.4861f,0.965f,-0.23f,-0.126f,0.6977f,0f,0f,0f,1f],start_interpolation: 0,interpolation_duration: 2}
$data merge entity $(bone_chamber) {transformation: [-0.0432f,0.3346f,-0.9414f,0.3096f,0.2587f,0.9139f,0.3129f,-0.509f,0.965f,-0.23f,-0.126f,0.7124f,0f,0f,0f,1f],start_interpolation: 0,interpolation_duration: 2}
$data merge entity $(bone_akm1) {transformation: [-0.0432f,0.3346f,-0.9414f,0.3096f,0.2587f,0.9139f,0.3129f,-0.509f,0.965f,-0.23f,-0.126f,0.7124f,0f,0f,0f,1f],start_interpolation: 0,interpolation_duration: 2}
$data merge entity $(bone_right_arm) {transformation: [-0.0432f,-0.9414f,-0.3346f,-0.2783f,0.2587f,0.3129f,-0.9139f,-0.396f,0.965f,-0.126f,0.23f,0.6687f,0f,0f,0f,1f],start_interpolation: 0,interpolation_duration: 2}
$data merge entity $(bone_magazine2) {transformation: [0f,0f,0f,0.5155f,0f,0f,0f,-0.5786f,0f,0f,0f,0.7647f,0f,0f,0f,1f],start_interpolation: 0,interpolation_duration: 2}
$data merge entity $(bone_forearm) {transformation: [0.1384f,-0.7523f,-0.6441f,0.2369f,0.9903f,0.0977f,0.0986f,-0.5731f,-0.0113f,-0.6515f,0.7586f,0.6043f,0f,0f,0f,1f],start_interpolation: 0,interpolation_duration: 2}
$data merge entity $(bone_bicep) {transformation: [0.1384f,-0.7523f,-0.6441f,-0.0696f,0.9903f,0.0977f,0.0986f,-0.5396f,-0.0113f,-0.6515f,0.7586f,0.3397f,0f,0f,0f,1f],start_interpolation: 0,interpolation_duration: 2}
data modify entity @s data merge value {"cameras":{},"locators":{"akm":{"px":0.773471681722031,"py":-0.6241900487099066,"pz":0.764025646453616,"ry":277.6248520474688,"rx":18.23514733896779}}}