# This file was generated by Animated Java via MC-Build. It is not recommended to edit this file directly.
$data merge entity $(bone_magazine) {transformation: [-0.2227f,0.3167f,-0.922f,0.0449f,0.3382f,0.9121f,0.2316f,-0.6399f,0.9143f,-0.2603f,-0.3102f,0.4532f,0f,0f,0f,1f],start_interpolation: 0,interpolation_duration: 1}
$data merge entity $(bone_chamber) {transformation: [-0.2227f,0.3167f,-0.922f,0.2302f,0.3382f,0.9121f,0.2316f,-0.6477f,0.9143f,-0.2603f,-0.3102f,0.5012f,0f,0f,0f,1f],start_interpolation: 0,interpolation_duration: 1}
$data merge entity $(bone_akm1) {transformation: [-0.2227f,0.3167f,-0.922f,0.2302f,0.3382f,0.9121f,0.2316f,-0.6477f,0.9143f,-0.2603f,-0.3102f,0.5012f,0f,0f,0f,1f],start_interpolation: 0,interpolation_duration: 1}
$data merge entity $(bone_magazine2) {transformation: [0f,0f,0f,-0.0068f,0f,0f,0f,-0.6129f,0f,0f,0f,0.4307f,0f,0f,0f,1f],start_interpolation: 0,interpolation_duration: 1}
$data merge entity $(bone_right_arm) {transformation: [-0.2227f,-0.922f,-0.3167f,-0.347f,0.3382f,0.2316f,-0.9121f,-0.5818f,0.9143f,-0.3102f,0.2603f,0.35f,0f,0f,0f,1f],start_interpolation: 0,interpolation_duration: 1}
$data merge entity $(bone_forearm) {transformation: [0.0819f,-0.6338f,-0.7692f,0.1808f,0.993f,-0.0144f,0.1176f,-0.726f,-0.0856f,-0.7734f,0.6281f,0.3894f,0f,0f,0f,1f],start_interpolation: 0,interpolation_duration: 1}
$data merge entity $(bone_magazine1) {transformation: [0f,0f,0f,0.6018f,0f,0f,0f,-0.7277f,0f,0f,0f,0.7726f,0f,0f,0f,1f],start_interpolation: 0,interpolation_duration: 1}
$data merge entity $(bone_chamber1) {transformation: [0f,0f,0f,0.6018f,0f,0f,0f,-0.7277f,0f,0f,0f,0.7726f,0f,0f,0f,1f],start_interpolation: 0,interpolation_duration: 1}
$data merge entity $(bone_akm3) {transformation: [0f,0f,0f,0.6018f,0f,0f,0f,-0.7277f,0f,0f,0f,0.7726f,0f,0f,0f,1f],start_interpolation: 0,interpolation_duration: 1}
data modify entity @s data merge value {"cameras":{},"locators":{"akm":{"px":0.6840659899819426,"py":-0.7239565491862924,"pz":0.6399602678429688,"ry":288.5955090952243,"rx":13.394092901571767},"akm2":{"px":0.6017710388703323,"py":-0.7277194492664205,"pz":0.7726041569875709,"ry":320.6666296555527,"rx":-0.825520276661348}}}