# This file was generated by Animated Java via MC-Build. It is not recommended to edit this file directly.
$data merge entity $(bone_magazine) {transformation: [-0.1569f,0.3224f,-0.9335f,0.0625f,0.3206f,0.9106f,0.2606f,-0.6642f,0.9341f,-0.2584f,-0.2463f,0.5082f,0f,0f,0f,1f],start_interpolation: 0,interpolation_duration: 1}
$data merge entity $(bone_chamber) {transformation: [-0.1569f,0.3224f,-0.9335f,0.2501f,0.3206f,0.9106f,0.2606f,-0.6775f,0.9341f,-0.2584f,-0.2463f,0.5443f,0f,0f,0f,1f],start_interpolation: 0,interpolation_duration: 1}
$data merge entity $(bone_akm1) {transformation: [-0.1569f,0.3224f,-0.9335f,0.2501f,0.3206f,0.9106f,0.2606f,-0.6775f,0.9341f,-0.2584f,-0.2463f,0.5443f,0f,0f,0f,1f],start_interpolation: 0,interpolation_duration: 1}
$data merge entity $(bone_magazine2) {transformation: [0f,0f,0f,0.0102f,0f,0f,0f,-0.6355f,0f,0f,0f,0.4896f,0f,0f,0f,1f],start_interpolation: 0,interpolation_duration: 1}
$data merge entity $(bone_right_arm) {transformation: [-0.1569f,-0.9335f,-0.3224f,-0.3335f,0.3206f,0.2606f,-0.9106f,-0.5945f,0.9341f,-0.2463f,0.2584f,0.4311f,0f,0f,0f,1f],start_interpolation: 0,interpolation_duration: 1}
$data merge entity $(bone_forearm) {transformation: [0.1009f,-0.6808f,-0.7255f,0.192f,0.9926f,0.0194f,0.1199f,-0.7519f,-0.0676f,-0.7322f,0.6777f,0.434f,0f,0f,0f,1f],start_interpolation: 0,interpolation_duration: 1}
$data merge entity $(bone_magazine1) {transformation: [0f,0f,0f,0.6358f,0f,0f,0f,-0.7728f,0f,0f,0f,0.7899f,0f,0f,0f,1f],start_interpolation: 0,interpolation_duration: 1}
$data merge entity $(bone_chamber1) {transformation: [0f,0f,0f,0.6358f,0f,0f,0f,-0.7728f,0f,0f,0f,0.7899f,0f,0f,0f,1f],start_interpolation: 0,interpolation_duration: 1}
$data merge entity $(bone_akm3) {transformation: [0f,0f,0f,0.6358f,0f,0f,0f,-0.7728f,0f,0f,0f,0.7899f,0f,0f,0f,1f],start_interpolation: 0,interpolation_duration: 1}
data modify entity @s data merge value {"cameras":{},"locators":{"akm":{"px":0.7097506247302378,"py":-0.7676930592440165,"pz":0.6524682825824671,"ry":284.7790598471561,"rx":15.104594454325238},"akm2":{"px":0.63579644378877,"py":-0.7728140608621327,"pz":0.7898930772397077,"ry":317.0838544829397,"rx":1.1114622480363916}}}