# This file was generated by Animated Java via MC-Build. It is not recommended to edit this file directly.
$data merge entity $(bone_magazine) {transformation: [-0.1119f,0.3265f,-0.9385f,0.0736f,0.3017f,0.9111f,0.281f,-0.6732f,0.9468f,-0.2517f,-0.2004f,0.4803f,0f,0f,0f,1f],start_interpolation: 0,interpolation_duration: 1}
$data merge entity $(bone_chamber) {transformation: [-0.1119f,0.3265f,-0.9385f,0.2623f,0.3017f,0.9111f,0.281f,-0.6903f,0.9468f,-0.2517f,-0.2004f,0.5081f,0f,0f,0f,1f],start_interpolation: 0,interpolation_duration: 1}
$data merge entity $(bone_akm1) {transformation: [-0.1119f,0.3265f,-0.9385f,0.2623f,0.3017f,0.9111f,0.281f,-0.6903f,0.9468f,-0.2517f,-0.2004f,0.5081f,0f,0f,0f,1f],start_interpolation: 0,interpolation_duration: 1}
$data merge entity $(bone_magazine2) {transformation: [0f,0f,0f,0.021f,0f,0f,0f,-0.6432f,0f,0f,0f,0.4646f,0f,0f,0f,1f],start_interpolation: 0,interpolation_duration: 1}
$data merge entity $(bone_right_arm) {transformation: [-0.1119f,-0.9385f,-0.3265f,-0.3241f,0.3017f,0.281f,-0.9111f,-0.5954f,0.9468f,-0.2004f,0.2517f,0.4217f,0f,0f,0f,1f],start_interpolation: 0,interpolation_duration: 1}
$data merge entity $(bone_forearm) {transformation: [0.1148f,-0.7107f,-0.6941f,0.1983f,0.9921f,0.047f,0.1159f,-0.7612f,-0.0498f,-0.7019f,0.7105f,0.3988f,0f,0f,0f,1f],start_interpolation: 0,interpolation_duration: 1}
$data merge entity $(bone_magazine1) {transformation: [0f,0f,0f,0.6563f,0f,0f,0f,-0.7973f,0f,0f,0f,0.7348f,0f,0f,0f,1f],start_interpolation: 0,interpolation_duration: 1}
$data merge entity $(bone_chamber1) {transformation: [0f,0f,0f,0.6563f,0f,0f,0f,-0.7973f,0f,0f,0f,0.7348f,0f,0f,0f,1f],start_interpolation: 0,interpolation_duration: 1}
$data merge entity $(bone_akm3) {transformation: [0f,0f,0f,0.6563f,0f,0f,0f,-0.7973f,0f,0f,0f,0.7348f,0f,0f,0f,1f],start_interpolation: 0,interpolation_duration: 1}
data modify entity @s data merge value {"cameras":{},"locators":{"akm":{"px":0.7244876379558853,"py":-0.7902191146208258,"pz":0.5945169691720679,"ry":282.0540281713689,"rx":16.31996322250349},"akm2":{"px":0.6563314453856426,"py":-0.7973013667347097,"pz":0.7348223320139928,"ry":314.64317431713647,"rx":2.6934698607894627}}}