# This file was generated by Animated Java via MC-Build. It is not recommended to edit this file directly.
$data merge entity $(bone_magazine) {transformation: [-0.1298f,0.3248f,-0.9368f,0.1005f,0.31f,0.9108f,0.2728f,-0.7117f,0.9418f,-0.255f,-0.2189f,0.7472f,0f,0f,0f,1f],start_interpolation: 0,interpolation_duration: 2}
$data merge entity $(bone_chamber) {transformation: [-0.1298f,0.3248f,-0.9368f,0.2889f,0.31f,0.9108f,0.2728f,-0.7273f,0.9418f,-0.255f,-0.2189f,0.7783f,0f,0f,0f,1f],start_interpolation: 0,interpolation_duration: 2}
$data merge entity $(bone_akm1) {transformation: [-0.1298f,0.3248f,-0.9368f,0.2889f,0.31f,0.9108f,0.2728f,-0.7273f,0.9418f,-0.255f,-0.2189f,0.7783f,0f,0f,0f,1f],start_interpolation: 0,interpolation_duration: 2}
$data merge entity $(bone_right_arm) {transformation: [-0.1298f,-0.9368f,-0.3248f,-0.2966f,0.31f,0.2728f,-0.9108f,-0.6371f,0.9418f,-0.2189f,0.255f,0.6812f,0f,0f,0f,1f],start_interpolation: 0,interpolation_duration: 2}
$data merge entity $(bone_magazine2) {transformation: [0f,0f,0f,0.4918f,0f,0f,0f,-0.7867f,0f,0f,0f,0.8509f,0f,0f,0f,1f],start_interpolation: 0,interpolation_duration: 2}
$data merge entity $(bone_forearm) {transformation: [0.1092f,-0.699f,-0.7067f,0.2272f,0.9924f,0.0355f,0.1181f,-0.7997f,-0.0575f,-0.7142f,0.6976f,0.6687f,0f,0f,0f,1f],start_interpolation: 0,interpolation_duration: 2}
$data merge entity $(bone_bicep) {transformation: [0.1092f,-0.699f,-0.7067f,-0.0575f,0.9924f,0.0355f,0.1181f,-0.7914f,-0.0575f,-0.7142f,0.6976f,0.3789f,0f,0f,0f,1f],start_interpolation: 0,interpolation_duration: 2}
data modify entity @s data merge value {"cameras":{},"locators":{"akm":{"px":0.7501511346796442,"py":-0.8233095851755501,"pz":0.8735080290077015,"ry":283.1530481559075,"rx":15.831844664381574}}}