# This file was generated by Animated Java via MC-Build. It is not recommended to edit this file directly.
$data merge entity $(bone_magazine) {transformation: [-0.2585f,0.3135f,-0.9137f,0.0659f,0.3434f,0.9139f,0.2164f,-0.4661f,0.9029f,-0.2578f,-0.3439f,0.2487f,0f,0f,0f,1f],start_interpolation: 0,interpolation_duration: 2}
$data merge entity $(bone_chamber) {transformation: [-0.2585f,0.3135f,-0.9137f,0.2494f,0.3434f,0.9139f,0.2164f,-0.471f,0.9029f,-0.2578f,-0.3439f,0.3031f,0f,0f,0f,1f],start_interpolation: 0,interpolation_duration: 2}
$data merge entity $(bone_akm1) {transformation: [-0.2585f,0.3135f,-0.9137f,0.2494f,0.3434f,0.9139f,0.2164f,-0.471f,0.9029f,-0.2578f,-0.3439f,0.3031f,0f,0f,0f,1f],start_interpolation: 0,interpolation_duration: 2}
$data merge entity $(bone_right_arm) {transformation: [-0.2585f,-0.9137f,-0.3135f,-0.323f,0.3434f,0.2164f,-0.9139f,-0.4142f,0.9029f,-0.3439f,0.2578f,0.1315f,0f,0f,0f,1f],start_interpolation: 0,interpolation_duration: 2}
$data merge entity $(bone_magazine2) {transformation: [0f,0f,0f,0.4442f,0f,0f,0f,-0.5171f,0f,0f,0f,0.4026f,0f,0f,0f,1f],start_interpolation: 0,interpolation_duration: 2}
$data merge entity $(bone_forearm) {transformation: [0.0717f,-0.6064f,-0.7919f,0.205f,0.9932f,-0.0299f,0.1129f,-0.551f,-0.0921f,-0.7946f,0.6001f,0.1904f,0f,0f,0f,1f],start_interpolation: 0,interpolation_duration: 2}
data modify entity @s data merge value {"cameras":{},"locators":{"akm":{"px":0.6992266218420223,"py":-0.5398547104639363,"pz":0.45808120540564323,"ry":290.62614602652843,"rx":12.49573629685183}}}