# This file was generated by Animated Java via MC-Build. It is not recommended to edit this file directly.
$data merge entity $(bone_magazine) {transformation: [-0.4728f,0.2814f,-0.8351f,-0.0066f,0.3169f,0.9385f,0.1369f,-0.1923f,0.8223f,-0.1999f,-0.5329f,0.4825f,0f,0f,0f,1f],start_interpolation: 0,interpolation_duration: 2}
$data merge entity $(bone_chamber) {transformation: [-0.4728f,0.2814f,-0.8351f,0.161f,0.3169f,0.9385f,0.1369f,-0.1813f,0.8223f,-0.1999f,-0.5329f,0.5746f,0f,0f,0f,1f],start_interpolation: 0,interpolation_duration: 2}
$data merge entity $(bone_akm1) {transformation: [-0.4728f,0.2814f,-0.8351f,0.161f,0.3169f,0.9385f,0.1369f,-0.1813f,0.8223f,-0.1999f,-0.5329f,0.5746f,0f,0f,0f,1f],start_interpolation: 0,interpolation_duration: 2}
$data merge entity $(bone_right_arm) {transformation: [-0.4728f,-0.8351f,-0.2814f,-0.3647f,0.3169f,0.1369f,-0.9385f,-0.1742f,0.8223f,-0.5329f,0.1999f,0.2848f,0f,0f,0f,1f],start_interpolation: 0,interpolation_duration: 2}
$data merge entity $(bone_magazine2) {transformation: [0f,0f,0f,0.3334f,0f,0f,0f,-0.2105f,0f,0f,0f,0.7137f,0f,0f,0f,1f],start_interpolation: 0,interpolation_duration: 2}
$data merge entity $(bone_forearm) {transformation: [0.0041f,-0.4192f,-0.9079f,0.1485f,0.9959f,-0.0804f,0.0416f,-0.2645f,-0.0904f,-0.9044f,0.4171f,0.4563f,0f,0f,0f,1f],start_interpolation: 0,interpolation_duration: 2}
data modify entity @s data merge value {"cameras":{},"locators":{"akm":{"px":0.5718329899486001,"py":-0.21112406468307057,"pz":0.8223196165120734,"ry":302.54237091747746,"rx":7.866434935202421}}}