# This file was generated by Animated Java via MC-Build. It is not recommended to edit this file directly.
$data merge entity $(bone_magazine) {transformation: [-0.2339f,0.3157f,-0.9196f,0.073f,0.3402f,0.9126f,0.2268f,-0.4393f,0.9108f,-0.2598f,-0.3208f,0.5466f,0f,0f,0f,1f],start_interpolation: 0,interpolation_duration: 2}
$data merge entity $(bone_chamber) {transformation: [-0.2339f,0.3157f,-0.9196f,0.2578f,0.3402f,0.9126f,0.2268f,-0.4462f,0.9108f,-0.2598f,-0.3208f,0.5967f,0f,0f,0f,1f],start_interpolation: 0,interpolation_duration: 2}
$data merge entity $(bone_akm1) {transformation: [-0.2339f,0.3157f,-0.9196f,0.2578f,0.3402f,0.9126f,0.2268f,-0.4462f,0.9108f,-0.2598f,-0.3208f,0.5967f,0f,0f,0f,1f],start_interpolation: 0,interpolation_duration: 2}
$data merge entity $(bone_right_arm) {transformation: [-0.2339f,-0.9196f,-0.3157f,-0.318f,0.3402f,0.2268f,-0.9126f,-0.3831f,0.9108f,-0.3208f,0.2598f,0.439f,0f,0f,0f,1f],start_interpolation: 0,interpolation_duration: 2}
$data merge entity $(bone_magazine2) {transformation: [0f,0f,0f,0.4544f,0f,0f,0f,-0.4947f,0f,0f,0f,0.6912f,0f,0f,0f,1f],start_interpolation: 0,interpolation_duration: 2}
$data merge entity $(bone_forearm) {transformation: [0.0787f,-0.6254f,-0.7764f,0.2099f,0.993f,-0.0195f,0.1164f,-0.5251f,-0.0879f,-0.7801f,0.6195f,0.4846f,0f,0f,0f,1f],start_interpolation: 0,interpolation_duration: 2}
$data merge entity $(bone_bicep) {transformation: [0.0787f,-0.6254f,-0.7764f,-0.0446f,0.993f,-0.0195f,0.1164f,-0.5392f,-0.0879f,-0.7801f,0.6195f,0.1682f,0f,0f,0f,1f],start_interpolation: 0,interpolation_duration: 2}
data modify entity @s data merge value {"cameras":{},"locators":{"akm":{"px":0.710445219914193,"py":-0.5200921213475891,"pz":0.7404969795228,"ry":289.2331466009163,"rx":13.11049244521864}}}