# This file was generated by Animated Java via MC-Build. It is not recommended to edit this file directly.
$data merge entity $(bone_magazine) {transformation: [-0.6425f,0.2203f,-0.7339f,-0.0793f,0.2193f,0.9706f,0.0993f,-0.4473f,0.7342f,-0.0971f,-0.6719f,-0.0193f,0f,0f,0f,1f],start_interpolation: 0,interpolation_duration: 2}
$data merge entity $(bone_chamber) {transformation: [-0.6425f,0.2203f,-0.7339f,0.0669f,0.2193f,0.9706f,0.0993f,-0.428f,0.7342f,-0.0971f,-0.6719f,0.1029f,0f,0f,0f,1f],start_interpolation: 0,interpolation_duration: 2}
$data merge entity $(bone_akm1) {transformation: [-0.6425f,0.2203f,-0.7339f,0.0669f,0.2193f,0.9706f,0.0993f,-0.428f,0.7342f,-0.0971f,-0.6719f,0.1029f,0f,0f,0f,1f],start_interpolation: 0,interpolation_duration: 2}
$data merge entity $(bone_right_arm) {transformation: [-0.6425f,-0.7339f,-0.2203f,-0.3957f,0.2193f,0.0993f,-0.9706f,-0.4471f,0.7342f,-0.6719f,0.0971f,-0.2792f,0f,0f,0f,1f],start_interpolation: 0,interpolation_duration: 2}
$data merge entity $(bone_magazine2) {transformation: [0f,0f,0f,0.2133f,0f,0f,0f,-0.4514f,0f,0f,0f,0.2702f,0f,0f,0f,1f],start_interpolation: 0,interpolation_duration: 2}
$data merge entity $(bone_forearm) {transformation: [-0.0765f,-0.2385f,-0.9681f,0.0842f,0.9963f,-0.0559f,-0.065f,-0.5039f,-0.0386f,-0.9695f,0.2419f,-0.0196f,0f,0f,0f,1f],start_interpolation: 0,interpolation_duration: 2}
data modify entity @s data merge value {"cameras":{},"locators":{"akm":{"px":0.42697173278481826,"py":-0.4386432785308066,"pz":0.42116415179850586,"ry":312.4744113038337,"rx":5.701690214862399}}}