# This file was generated by Animated Java via MC-Build. It is not recommended to edit this file directly.
$data merge entity $(bone_magazine) {transformation: [-0.4254f,0.2913f,-0.8568f,-0.0202f,0.3311f,0.9312f,0.1522f,-0.578f,0.8422f,-0.2189f,-0.4926f,0.2641f,0f,0f,0f,1f],start_interpolation: 0,interpolation_duration: 1}
$data merge entity $(bone_chamber) {transformation: [-0.4254f,0.2913f,-0.8568f,0.1519f,0.3311f,0.9312f,0.1522f,-0.5702f,0.8422f,-0.2189f,-0.4926f,0.3479f,0f,0f,0f,1f],start_interpolation: 0,interpolation_duration: 1}
$data merge entity $(bone_akm1) {transformation: [-0.4254f,0.2913f,-0.8568f,0.1519f,0.3311f,0.9312f,0.1522f,-0.5702f,0.8422f,-0.2189f,-0.4926f,0.3479f,0f,0f,0f,1f],start_interpolation: 0,interpolation_duration: 1}
$data merge entity $(bone_magazine2) {transformation: [0f,0f,0f,-0.0683f,0f,0f,0f,-0.5556f,0f,0f,0f,0.231f,0f,0f,0f,1f],start_interpolation: 0,interpolation_duration: 1}
$data merge entity $(bone_right_arm) {transformation: [-0.4254f,-0.8568f,-0.2913f,-0.387f,0.3311f,0.1522f,-0.9312f,-0.5531f,0.8422f,-0.4926f,0.2189f,0.0839f,0f,0f,0f,1f],start_interpolation: 0,interpolation_duration: 1}
$data merge entity $(bone_forearm) {transformation: [0.0209f,-0.4642f,-0.8855f,0.1319f,0.9951f,-0.0758f,0.0632f,-0.6537f,-0.0965f,-0.8825f,0.4603f,0.2309f,0f,0f,0f,1f],start_interpolation: 0,interpolation_duration: 1}
$data merge entity $(bone_magazine1) {transformation: [0f,0f,0f,0.467f,0f,0f,0f,-0.6163f,0f,0f,0f,0.6895f,0f,0f,0f,1f],start_interpolation: 0,interpolation_duration: 1}
$data merge entity $(bone_chamber1) {transformation: [0f,0f,0f,0.467f,0f,0f,0f,-0.6163f,0f,0f,0f,0.6895f,0f,0f,0f,1f],start_interpolation: 0,interpolation_duration: 1}
$data merge entity $(bone_akm3) {transformation: [0f,0f,0f,0.467f,0f,0f,0f,-0.6163f,0f,0f,0f,0.6895f,0f,0f,0f,1f],start_interpolation: 0,interpolation_duration: 1}
data modify entity @s data merge value {"cameras":{},"locators":{"akm":{"px":0.573545380757492,"py":-0.6076234708847765,"pz":0.5756602419181898,"ry":299.8965703163492,"rx":8.754292571339848},"akm2":{"px":0.4670346541632908,"py":-0.6162869180836895,"pz":0.6895085160635972,"ry":332.25709265674584,"rx":-4.347310305808169}}}