# This file was generated by Animated Java via MC-Build. It is not recommended to edit this file directly.
$data merge entity $(bone_magazine) {transformation: [-0.4984f,0.275f,-0.8222f,-0.0166f,0.307f,0.9429f,0.1293f,-0.5351f,0.8108f,-0.188f,-0.5544f,0.5587f,0f,0f,0f,1f],start_interpolation: 0,interpolation_duration: 2}
$data merge entity $(bone_chamber) {transformation: [-0.4984f,0.275f,-0.8222f,0.1483f,0.307f,0.9429f,0.1293f,-0.5225f,0.8108f,-0.188f,-0.5544f,0.6553f,0f,0f,0f,1f],start_interpolation: 0,interpolation_duration: 2}
$data merge entity $(bone_akm1) {transformation: [-0.4984f,0.275f,-0.8222f,0.1483f,0.307f,0.9429f,0.1293f,-0.5225f,0.8108f,-0.188f,-0.5544f,0.6553f,0f,0f,0f,1f],start_interpolation: 0,interpolation_duration: 2}
$data merge entity $(bone_right_arm) {transformation: [-0.4984f,-0.8222f,-0.275f,-0.3695f,0.307f,0.1293f,-0.9429f,-0.5204f,0.8108f,-0.5544f,0.188f,0.3516f,0f,0f,0f,1f],start_interpolation: 0,interpolation_duration: 2}
$data merge entity $(bone_magazine2) {transformation: [0f,0f,0f,0.3173f,0f,0f,0f,-0.5504f,0f,0f,0f,0.7989f,0f,0f,0f,1f],start_interpolation: 0,interpolation_duration: 2}
$data merge entity $(bone_forearm) {transformation: [-0.0058f,-0.3939f,-0.9192f,0.14f,0.9963f,-0.081f,0.0284f,-0.6054f,-0.0857f,-0.9156f,0.3929f,0.5364f,0f,0f,0f,1f],start_interpolation: 0,interpolation_duration: 2}
$data merge entity $(bone_bicep) {transformation: [-0.0058f,-0.3939f,-0.9192f,-0.02f,0.9963f,-0.081f,0.0284f,-0.6445f,-0.0857f,-0.9156f,0.3929f,0.1649f,0f,0f,0f,1f],start_interpolation: 0,interpolation_duration: 2}
data modify entity @s data merge value {"cameras":{},"locators":{"akm":{"px":0.5527406158551886,"py":-0.5485814983995427,"pz":0.9137685150287584,"ry":303.990199697506,"rx":7.4273141199345005}}}