# This file was generated by Animated Java via MC-Build. It is not recommended to edit this file directly.
$data merge entity $(bone_magazine) {transformation: [-0.6021f,0.2397f,-0.7616f,-0.0918f,0.2503f,0.9625f,0.1051f,-0.5372f,0.7582f,-0.1273f,-0.6394f,0.0781f,0f,0f,0f,1f],start_interpolation: 0,interpolation_duration: 2}
$data merge entity $(bone_chamber) {transformation: [-0.6021f,0.2397f,-0.7616f,0.0604f,0.2503f,0.9625f,0.1051f,-0.5193f,0.7582f,-0.1273f,-0.6394f,0.193f,0f,0f,0f,1f],start_interpolation: 0,interpolation_duration: 2}
$data merge entity $(bone_akm1) {transformation: [-0.6021f,0.2397f,-0.7616f,0.0604f,0.2503f,0.9625f,0.1051f,-0.5193f,0.7582f,-0.1273f,-0.6394f,0.193f,0f,0f,0f,1f],start_interpolation: 0,interpolation_duration: 2}
$data merge entity $(bone_magazine2) {transformation: [0f,0f,0f,-0.1348f,0f,0f,0f,-0.5172f,0f,0f,0f,0.0373f,0f,0f,0f,1f],start_interpolation: 0,interpolation_duration: 2}
$data merge entity $(bone_right_arm) {transformation: [-0.6021f,-0.7616f,-0.2397f,-0.4198f,0.2503f,0.1051f,-0.9625f,-0.5339f,0.7582f,-0.6394f,0.1273f,-0.167f,0f,0f,0f,1f],start_interpolation: 0,interpolation_duration: 2}
$data merge entity $(bone_forearm) {transformation: [-0.0533f,-0.2845f,-0.9572f,0.0701f,0.997f,-0.0687f,-0.0351f,-0.598f,-0.0558f,-0.9562f,0.2873f,0.0715f,0f,0f,0f,1f],start_interpolation: 0,interpolation_duration: 2}
$data merge entity $(bone_magazine1) {transformation: [0f,0f,0f,0.3101f,0f,0f,0f,-0.5564f,0f,0f,0f,0.5859f,0f,0f,0f,1f],start_interpolation: 0,interpolation_duration: 2}
$data merge entity $(bone_chamber1) {transformation: [0f,0f,0f,0.3101f,0f,0f,0f,-0.5564f,0f,0f,0f,0.5859f,0f,0f,0f,1f],start_interpolation: 0,interpolation_duration: 2}
$data merge entity $(bone_akm3) {transformation: [0f,0f,0f,0.3101f,0f,0f,0f,-0.5564f,0f,0f,0f,0.5859f,0f,0f,0f,1f],start_interpolation: 0,interpolation_duration: 2}
data modify entity @s data merge value {"cameras":{},"locators":{"akm":{"px":0.43449055346344123,"py":-0.5329869735899833,"pz":0.4945659411910853,"ry":310.0165644251006,"rx":6.031932633751286},"akm2":{"px":0.31007274596706197,"py":-0.5564278438472448,"pz":0.5859538753085439,"ry":343.4296541596012,"rx":-3.940310788805271}}}