# This file was generated by Animated Java via MC-Build. It is not recommended to edit this file directly.
$data merge entity $(bone_magazine) {transformation: [-0.6021f,0.2397f,-0.7616f,-0.0605f,0.2503f,0.9625f,0.1051f,-0.2872f,0.7582f,-0.1273f,-0.6394f,0.3281f,0f,0f,0f,1f],start_interpolation: 0,interpolation_duration: 2}
$data merge entity $(bone_chamber) {transformation: [-0.6021f,0.2397f,-0.7616f,0.0916f,0.2503f,0.9625f,0.1051f,-0.2693f,0.7582f,-0.1273f,-0.6394f,0.443f,0f,0f,0f,1f],start_interpolation: 0,interpolation_duration: 2}
$data merge entity $(bone_akm1) {transformation: [-0.6021f,0.2397f,-0.7616f,0.0916f,0.2503f,0.9625f,0.1051f,-0.2693f,0.7582f,-0.1273f,-0.6394f,0.443f,0f,0f,0f,1f],start_interpolation: 0,interpolation_duration: 2}
$data merge entity $(bone_right_arm) {transformation: [-0.6021f,-0.7616f,-0.2397f,-0.3885f,0.2503f,0.1051f,-0.9625f,-0.2839f,0.7582f,-0.6394f,0.1273f,0.083f,0f,0f,0f,1f],start_interpolation: 0,interpolation_duration: 2}
$data merge entity $(bone_magazine2) {transformation: [0f,0f,0f,0.245f,0f,0f,0f,-0.2932f,0f,0f,0f,0.6038f,0f,0f,0f,1f],start_interpolation: 0,interpolation_duration: 2}
$data merge entity $(bone_forearm) {transformation: [-0.0533f,-0.2845f,-0.9572f,0.1014f,0.997f,-0.0687f,-0.0351f,-0.348f,-0.0558f,-0.9562f,0.2873f,0.3215f,0f,0f,0f,1f],start_interpolation: 0,interpolation_duration: 2}
data modify entity @s data merge value {"cameras":{},"locators":{"akm":{"px":0.4657405534634412,"py":-0.2829869735899832,"pz":0.7445659411910854,"ry":310.0165644251006,"rx":6.031932633751286}}}