# This file was generated by Animated Java via MC-Build. It is not recommended to edit this file directly.
$data merge entity $(bone_magazine) {transformation: [-0.6089f,0.2367f,-0.7571f,-0.0636f,0.2454f,0.9638f,0.1039f,-0.5377f,0.7543f,-0.1225f,-0.645f,0.4771f,0f,0f,0f,1f],start_interpolation: 0,interpolation_duration: 2}
$data merge entity $(bone_chamber) {transformation: [-0.6089f,0.2367f,-0.7571f,0.0876f,0.2454f,0.9638f,0.1039f,-0.5195f,0.7543f,-0.1225f,-0.645f,0.5933f,0f,0f,0f,1f],start_interpolation: 0,interpolation_duration: 2}
$data merge entity $(bone_akm1) {transformation: [-0.6089f,0.2367f,-0.7571f,0.0876f,0.2454f,0.9638f,0.1039f,-0.5195f,0.7543f,-0.1225f,-0.645f,0.5933f,0f,0f,0f,1f],start_interpolation: 0,interpolation_duration: 2}
$data merge entity $(bone_right_arm) {transformation: [-0.6089f,-0.7571f,-0.2367f,-0.3897f,0.2454f,0.1039f,-0.9638f,-0.535f,0.7543f,-0.645f,0.1225f,0.2296f,0f,0f,0f,1f],start_interpolation: 0,interpolation_duration: 2}
$data merge entity $(bone_magazine2) {transformation: [0f,0f,0f,0.2398f,0f,0f,0f,-0.5433f,0f,0f,0f,0.7552f,0f,0f,0f,1f],start_interpolation: 0,interpolation_duration: 2}
$data merge entity $(bone_forearm) {transformation: [-0.057f,-0.2768f,-0.9592f,0.0986f,0.997f,-0.0669f,-0.04f,-0.5979f,-0.0531f,-0.9586f,0.2798f,0.4716f,0f,0f,0f,1f],start_interpolation: 0,interpolation_duration: 2}
$data merge entity $(bone_bicep) {transformation: [-0.057f,-0.2768f,-0.9592f,-0.0136f,0.997f,-0.0669f,-0.04f,-0.6313f,-0.0531f,-0.9586f,0.2798f,0.0825f,0f,0f,0f,1f],start_interpolation: 0,interpolation_duration: 2}
data modify entity @s data merge value {"cameras":{},"locators":{"akm":{"px":0.45936771711200386,"py":-0.532628761244216,"pz":0.8976954859303818,"ry":310.4287158027504,"rx":5.965785659902024}}}