# This file was generated by Animated Java via MC-Build. It is not recommended to edit this file directly.
$data merge entity $(bone_magazine) {transformation: [-0.4862f,0.2781f,-0.8284f,-0.0431f,0.3119f,0.9408f,0.1328f,-0.5355f,0.8163f,-0.1938f,-0.5442f,0.1747f,0f,0f,0f,1f],start_interpolation: 0,interpolation_duration: 2}
$data merge entity $(bone_chamber) {transformation: [-0.4862f,0.2781f,-0.8284f,0.1231f,0.3119f,0.9408f,0.1328f,-0.5237f,0.8163f,-0.1938f,-0.5442f,0.2692f,0f,0f,0f,1f],start_interpolation: 0,interpolation_duration: 2}
$data merge entity $(bone_akm1) {transformation: [-0.4862f,0.2781f,-0.8284f,0.1231f,0.3119f,0.9408f,0.1328f,-0.5237f,0.8163f,-0.1938f,-0.5442f,0.2692f,0f,0f,0f,1f],start_interpolation: 0,interpolation_duration: 2}
$data merge entity $(bone_magazine2) {transformation: [0f,0f,0f,-0.0896f,0f,0f,0f,-0.5142f,0f,0f,0f,0.1388f,0f,0f,0f,1f],start_interpolation: 0,interpolation_duration: 2}
$data merge entity $(bone_right_arm) {transformation: [-0.4862f,-0.8284f,-0.2781f,-0.3985f,0.3119f,0.1328f,-0.9408f,-0.5192f,0.8163f,-0.5442f,0.1938f,-0.0279f,0f,0f,0f,1f],start_interpolation: 0,interpolation_duration: 2}
$data merge entity $(bone_forearm) {transformation: [-0.001f,-0.4059f,-0.9139f,0.1128f,0.9961f,-0.0809f,0.0348f,-0.6067f,-0.088f,-0.9103f,0.4044f,0.1506f,0f,0f,0f,1f],start_interpolation: 0,interpolation_duration: 2}
$data merge entity $(bone_magazine1) {transformation: [0f,0f,0f,0.4175f,0f,0f,0f,-0.5641f,0f,0f,0f,0.6294f,0f,0f,0f,1f],start_interpolation: 0,interpolation_duration: 2}
$data merge entity $(bone_chamber1) {transformation: [0f,0f,0f,0.4175f,0f,0f,0f,-0.5641f,0f,0f,0f,0.6294f,0f,0f,0f,1f],start_interpolation: 0,interpolation_duration: 2}
$data merge entity $(bone_akm3) {transformation: [0f,0f,0f,0.4175f,0f,0f,0f,-0.5641f,0f,0f,0f,0.6294f,0f,0f,0f,1f],start_interpolation: 0,interpolation_duration: 2}
data modify entity @s data merge value {"cameras":{},"locators":{"akm":{"px":0.5306578147817331,"py":-0.5514627680277231,"pz":0.5225486033532967,"ry":303.30193517634973,"rx":7.631647409655967},"akm2":{"px":0.4175426079320099,"py":-0.5640526310208245,"pz":0.6294479253906236,"ry":335.96621523245005,"rx":-4.638697973767216}}}