# This file was generated by Animated Java via MC-Build. It is not recommended to edit this file directly.
$data merge entity $(bone_magazine) {transformation: [-0.7043f,0.1815f,-0.6864f,-0.1103f,0.1592f,0.9825f,0.0964f,-0.4266f,0.6919f,-0.0414f,-0.7208f,0.3299f,0f,0f,0f,1f],start_interpolation: 0,interpolation_duration: 2}
$data merge entity $(bone_chamber) {transformation: [-0.7043f,0.1815f,-0.6864f,0.0254f,0.1592f,0.9825f,0.0964f,-0.4063f,0.6919f,-0.0414f,-0.7208f,0.4635f,0f,0f,0f,1f],start_interpolation: 0,interpolation_duration: 2}
$data merge entity $(bone_akm1) {transformation: [-0.7043f,0.1815f,-0.6864f,0.0254f,0.1592f,0.9825f,0.0964f,-0.4063f,0.6919f,-0.0414f,-0.7208f,0.4635f,0f,0f,0f,1f],start_interpolation: 0,interpolation_duration: 2}
$data merge entity $(bone_right_arm) {transformation: [-0.7043f,-0.6864f,-0.1815f,-0.4064f,0.1592f,0.0964f,-0.9825f,-0.4288f,0.6919f,-0.7208f,0.0414f,0.0471f,0f,0f,0f,1f],start_interpolation: 0,interpolation_duration: 2}
$data merge entity $(bone_magazine2) {transformation: [0f,0f,0f,0.1601f,0f,0f,0f,-0.4306f,0f,0f,0f,0.6402f,0f,0f,0f,1f],start_interpolation: 0,interpolation_duration: 2}
$data merge entity $(bone_forearm) {transformation: [-0.1197f,-0.1637f,-0.9792f,0.0552f,0.9928f,-0.0241f,-0.1173f,-0.476f,-0.0044f,-0.9862f,0.1654f,0.3397f,0f,0f,0f,1f],start_interpolation: 0,interpolation_duration: 2}
$data merge entity $(bone_bicep) {transformation: [-0.1197f,-0.1637f,-0.9792f,-0.0105f,0.9928f,-0.0241f,-0.1173f,-0.492f,-0.0044f,-0.9862f,0.1654f,-0.0609f,0f,0f,0f,1f],start_interpolation: 0,interpolation_duration: 2}
data modify entity @s data merge value {"cameras":{},"locators":{"akm":{"px":0.3612544877993737,"py":-0.4150771138804974,"pz":0.8073087130162719,"ry":316.4037560194424,"rx":5.5331063280251165}}}