# This file was generated by Animated Java via MC-Build. It is not recommended to edit this file directly.
$data merge entity $(bone_slide) {transformation: [-0.9967f,0.0808f,-0.0103f,-0.17f,0.081f,0.9965f,-0.0222f,-0.2532f,0.0085f,-0.023f,-0.9997f,0.5333f,0f,0f,0f,1f],start_interpolation: 0,interpolation_duration: 1}
$data merge entity $(bone_barrel) {transformation: [-0.9967f,0.0808f,-0.0103f,-0.0674f,0.081f,0.9965f,-0.0222f,-0.3423f,0.0085f,-0.023f,-0.9997f,0.553f,0f,0f,0f,1f],start_interpolation: 0,interpolation_duration: 1}
$data merge entity $(bone_magazine) {transformation: [-0.9967f,0.0808f,-0.0103f,-0.1826f,0.081f,0.9965f,-0.0222f,-0.3901f,0.0085f,-0.023f,-0.9997f,0.3582f,0f,0f,0f,1f],start_interpolation: 0,interpolation_duration: 1}
$data merge entity $(bone_grip) {transformation: [-0.9967f,0.0808f,-0.0103f,-0.1826f,0.081f,0.9965f,-0.0222f,-0.3901f,0.0085f,-0.023f,-0.9997f,0.3582f,0f,0f,0f,1f],start_interpolation: 0,interpolation_duration: 1}
$data merge entity $(bone_trigger) {transformation: [-0.9967f,0.0808f,-0.0103f,-0.182f,0.081f,0.9965f,-0.0222f,-0.3851f,0.0085f,-0.023f,-0.9997f,0.3888f,0f,0f,0f,1f],start_interpolation: 0,interpolation_duration: 1}
$data merge entity $(bone_trigger_gaurd) {transformation: [-0.9967f,0.0808f,-0.0103f,-0.1793f,0.081f,0.9965f,-0.0222f,-0.3556f,0.0085f,-0.023f,-0.9997f,0.4205f,0f,0f,0f,1f],start_interpolation: 0,interpolation_duration: 1}
$data merge entity $(bone_right_arm) {transformation: [-0.9967f,-0.0015f,-0.0815f,-0.219f,0.081f,0.0864f,-0.993f,-0.3774f,0.0085f,-0.9963f,-0.086f,0.0214f,0f,0f,0f,1f],start_interpolation: 0,interpolation_duration: 1}
$data merge entity $(bone_magazine1) {transformation: [0f,0f,0f,-0.2395f,0f,0f,0f,-0.3244f,0f,0f,0f,0.3776f,0f,0f,0f,1f],start_interpolation: 0,interpolation_duration: 1}
$data merge entity $(bone_left_arm) {transformation: [-0.8322f,0.4013f,0.3827f,-0.0408f,-0.365f,0.123f,-0.9228f,-0.3837f,-0.4174f,-0.9077f,0.0441f,0.0333f,0f,0f,0f,1f],start_interpolation: 0,interpolation_duration: 1}
$execute on vehicle unless entity @s[tag=aj.transforms_only] as $(locator_barrel1) positioned ^-0.1943650719 ^-0.3018465512 ^0.7159719915 rotated ~359.4081278078 ~-1.2737447326 run function animated_java:glock/animations/shoot5/zzz/frames/2_locator_barrel1
data modify entity @s data merge value {"cameras":{},"locators":{"barrel1":{"px":-0.19436507189436153,"py":-0.3018465511788528,"pz":0.7159719914810109,"ry":359.40812780777736,"rx":-1.273744732555564}}}