# This file was generated by Animated Java via MC-Build. It is not recommended to edit this file directly.
$data merge entity $(slide) {transformation: [-0.9967f,0.0808f,-0.0103f,-0.045f,0.081f,0.9965f,-0.0222f,-0.2219f,0.0085f,-0.023f,-0.9997f,0.5333f,0f,0f,0f,1f],start_interpolation: 0,interpolation_duration: 1}
$data merge entity $(barrel) {transformation: [-0.9967f,0.0808f,-0.0103f,0.0576f,0.081f,0.9965f,-0.0222f,-0.311f,0.0085f,-0.023f,-0.9997f,0.553f,0f,0f,0f,1f],start_interpolation: 0,interpolation_duration: 1}
$data merge entity $(magazine) {transformation: [-0.9967f,0.0808f,-0.0103f,-0.0576f,0.081f,0.9965f,-0.0222f,-0.3589f,0.0085f,-0.023f,-0.9997f,0.3582f,0f,0f,0f,1f],start_interpolation: 0,interpolation_duration: 1}
$data merge entity $(grip) {transformation: [-0.9967f,0.0808f,-0.0103f,-0.0576f,0.081f,0.9965f,-0.0222f,-0.3589f,0.0085f,-0.023f,-0.9997f,0.3582f,0f,0f,0f,1f],start_interpolation: 0,interpolation_duration: 1}
$data merge entity $(trigger) {transformation: [-0.9967f,0.0808f,-0.0103f,-0.057f,0.081f,0.9965f,-0.0222f,-0.3538f,0.0085f,-0.023f,-0.9997f,0.3888f,0f,0f,0f,1f],start_interpolation: 0,interpolation_duration: 1}
$data merge entity $(trigger_gaurd) {transformation: [-0.9967f,0.0808f,-0.0103f,-0.0543f,0.081f,0.9965f,-0.0222f,-0.3243f,0.0085f,-0.023f,-0.9997f,0.4205f,0f,0f,0f,1f],start_interpolation: 0,interpolation_duration: 1}
$data merge entity $(right_arm) {transformation: [-0.9967f,-0.0015f,-0.0815f,-0.094f,0.081f,0.0864f,-0.993f,-0.3461f,0.0085f,-0.9963f,-0.086f,0.0214f,0f,0f,0f,1f],start_interpolation: 0,interpolation_duration: 1}
$data merge entity $(magazine1) {transformation: [0f,0f,0f,-0.1145f,0f,0f,0f,-0.2932f,0f,0f,0f,0.3776f,0f,0f,0f,1f],start_interpolation: 0,interpolation_duration: 1}
$data merge entity $(left_arm) {transformation: [-0.8322f,0.4013f,0.3827f,0.0842f,-0.365f,0.123f,-0.9228f,-0.3524f,-0.4174f,-0.9077f,0.0441f,0.0333f,0f,0f,0f,1f],start_interpolation: 0,interpolation_duration: 1}
$execute on vehicle unless entity @s[tag=aj.transforms_only] as $(barrel1) positioned ^-0.0693650719 ^-0.2705965512 ^0.7159719915 rotated ~359.4081278078 ~-1.2737447326 run function animated_java:glock/animations/shoot5/zzz/frames/2_locator_barrel1
data modify entity @s data merge value {"cameras":{},"locators":{"barrel1":{"px":-0.06936507189436149,"py":-0.2705965511788528,"pz":0.715971991481011,"ry":359.40812780777736,"rx":-1.273744732555564}}}