# This file was generated by Animated Java via MC-Build. It is not recommended to edit this file directly.
$data merge entity $(bone_shotgun_shell) {transformation: [0f,0f,0f,-0.2013f,0f,0f,0f,-0.401f,0f,0f,0f,0.4593f,0f,0f,0f,1f],start_interpolation: 0,interpolation_duration: 1}
$data merge entity $(bone_clock) {transformation: [-0.7609f,0.6487f,-0.0119f,-0.1939f,0.6482f,0.7609f,0.0302f,-0.4641f,0.0287f,0.0153f,-0.9995f,0.6887f,0f,0f,0f,1f],start_interpolation: 0,interpolation_duration: 1}
$data merge entity $(bone_barrel1) {transformation: [-0.7609f,0.6487f,-0.0119f,-0.1764f,0.6482f,0.7609f,0.0302f,-0.4333f,0.0287f,0.0153f,-0.9995f,0.4549f,0f,0f,0f,1f],start_interpolation: 0,interpolation_duration: 1}
$data merge entity $(bone_trigger) {transformation: [-0.7609f,0.6487f,-0.0119f,-0.213f,0.6482f,0.7609f,0.0302f,-0.4203f,0.0287f,0.0153f,-0.9995f,0.2799f,0f,0f,0f,1f],start_interpolation: 0,interpolation_duration: 1}
$data merge entity $(bone_trigger_part) {transformation: [-0.7609f,0.6487f,-0.0119f,-0.2183f,0.6482f,0.7609f,0.0302f,-0.4273f,0.0287f,0.0153f,-0.9995f,0.2992f,0f,0f,0f,1f],start_interpolation: 0,interpolation_duration: 1}
$data merge entity $(bone_chrome_shotgun) {transformation: [-0.7609f,0.6487f,-0.0119f,-0.1799f,0.6482f,0.7609f,0.0302f,-0.407f,0.0287f,0.0153f,-0.9995f,0.315f,0f,0f,0f,1f],start_interpolation: 0,interpolation_duration: 1}
$data merge entity $(bone_shotgun_shell1) {transformation: [-0.1644f,0.0226f,0.016f,-0.166f,0.0135f,-0.0185f,0.1651f,-0.3728f,0.0241f,0.1641f,0.0164f,0.1782f,0f,0f,0f,1f],start_interpolation: 0,interpolation_duration: 1}
$data merge entity $(bone_right_arm) {transformation: [-0.9861f,-0.1355f,-0.096f,-0.277f,0.0812f,0.1109f,-0.9905f,-0.364f,0.1448f,-0.9846f,-0.0984f,-0.1515f,0f,0f,0f,1f],start_interpolation: 0,interpolation_duration: 1}
$data merge entity $(bone_left_arm) {transformation: [-0.8154f,0.518f,-0.2585f,-0.0096f,0.3841f,0.1501f,-0.911f,-0.4699f,-0.4331f,-0.8421f,-0.3213f,0.53f,0f,0f,0f,1f],start_interpolation: 0,interpolation_duration: 1}
data modify entity @s data merge value {"cameras":{},"locators":{"barrel":{"px":-0.16161688867359467,"py":-0.39055544476194687,"pz":0.9718992696827766,"ry":359.3162269283041,"rx":1.7333823608399646}}}