# This file was generated by Animated Java via MC-Build. It is not recommended to edit this file directly.
$data merge entity $(bone_shotgun_shell) {transformation: [0f,0f,0f,-0.1734f,0f,0f,0f,-0.6272f,0f,0f,0f,0.7152f,0f,0f,0f,1f],start_interpolation: 0,interpolation_duration: 1}
$data merge entity $(bone_clock) {transformation: [0.366f,0.9299f,-0.0359f,-0.2066f,0.9279f,-0.3617f,0.0905f,-0.6803f,0.0712f,-0.0664f,-0.9952f,0.9753f,0f,0f,0f,1f],start_interpolation: 0,interpolation_duration: 1}
$data merge entity $(bone_barrel1) {transformation: [0.366f,0.9299f,-0.0359f,-0.186f,0.9279f,-0.3617f,0.0905f,-0.6704f,0.0712f,-0.0664f,-0.9952f,0.74f,0f,0f,0f,1f],start_interpolation: 0,interpolation_duration: 1}
$data merge entity $(bone_trigger) {transformation: [0.366f,0.9299f,-0.0359f,-0.1963f,0.9279f,-0.3617f,0.0905f,-0.6195f,0.0712f,-0.0664f,-0.9952f,0.5684f,0f,0f,0f,1f],start_interpolation: 0,interpolation_duration: 1}
$data merge entity $(bone_trigger_part) {transformation: [0.366f,0.9299f,-0.0359f,-0.2034f,0.9279f,-0.3617f,0.0905f,-0.6182f,0.0712f,-0.0664f,-0.9952f,0.5884f,0f,0f,0f,1f],start_interpolation: 0,interpolation_duration: 1}
$data merge entity $(bone_chrome_shotgun) {transformation: [0.366f,0.9299f,-0.0359f,-0.1708f,0.9279f,-0.3617f,0.0905f,-0.6488f,0.0712f,-0.0664f,-0.9952f,0.6001f,0f,0f,0f,1f],start_interpolation: 0,interpolation_duration: 1}
$data merge entity $(bone_shotgun_shell1) {transformation: [-0.4912f,0.05f,0.079f,-0.1737f,0.0354f,-0.2917f,0.4046f,-0.6385f,0.0865f,0.403f,0.283f,0.3074f,0f,0f,0f,1f],start_interpolation: 0,interpolation_duration: 1}
$data merge entity $(bone_right_arm) {transformation: [-0.9824f,-0.0999f,-0.1579f,-0.2746f,0.0708f,0.5834f,-0.8091f,-0.4632f,0.173f,-0.806f,-0.566f,0.0242f,0f,0f,0f,1f],start_interpolation: 0,interpolation_duration: 1}
$data merge entity $(bone_left_arm) {transformation: [-0.8256f,0.5363f,-0.1755f,0.0027f,0.4083f,0.353f,-0.8418f,-0.7449f,-0.3895f,-0.7667f,-0.5104f,0.8049f,0f,0f,0f,1f],start_interpolation: 0,interpolation_duration: 1}
data modify entity @s data merge value {"cameras":{},"locators":{"barrel":{"px":-0.10956381997108286,"py":-0.7061350407582221,"pz":1.2520830789013295,"ry":357.9361935800705,"rx":5.19485381664864}}}