# This file was generated by Animated Java via MC-Build. It is not recommended to edit this file directly.
$data merge entity $(bone_shotgun_shell) {transformation: [0f,0f,0f,-0.1787f,0f,0f,0f,-0.3943f,0f,0f,0f,0.3496f,0f,0f,0f,1f],start_interpolation: 0,interpolation_duration: 1}
$data merge entity $(bone_clock) {transformation: [0.8383f,0.5452f,-0.0085f,-0.2166f,0.5453f,-0.838f,0.0215f,-0.4122f,0.0046f,-0.0227f,-0.9997f,0.6277f,0f,0f,0f,1f],start_interpolation: 0,interpolation_duration: 1}
$data merge entity $(bone_barrel1) {transformation: [0.8383f,0.5452f,-0.0085f,-0.2016f,0.5453f,-0.838f,0.0215f,-0.4334f,0.0046f,-0.0227f,-0.9997f,0.3927f,0f,0f,0f,1f],start_interpolation: 0,interpolation_duration: 1}
$data merge entity $(bone_trigger) {transformation: [0.8383f,0.5452f,-0.0085f,-0.1859f,0.5453f,-0.838f,0.0215f,-0.3987f,0.0046f,-0.0227f,-0.9997f,0.2175f,0f,0f,0f,1f],start_interpolation: 0,interpolation_duration: 1}
$data merge entity $(bone_trigger_part) {transformation: [0.8383f,0.5452f,-0.0085f,-0.1903f,0.5453f,-0.838f,0.0215f,-0.392f,0.0046f,-0.0227f,-0.9997f,0.2372f,0f,0f,0f,1f],start_interpolation: 0,interpolation_duration: 1}
$data merge entity $(bone_chrome_shotgun) {transformation: [0.8383f,0.5452f,-0.0085f,-0.1811f,0.5453f,-0.838f,0.0215f,-0.4349f,0.0046f,-0.0227f,-0.9997f,0.2518f,0f,0f,0f,1f],start_interpolation: 0,interpolation_duration: 1}
$data merge entity $(bone_shotgun_shell1) {transformation: [-0.6577f,0.0511f,0.0961f,-0.1721f,0.0551f,-0.3508f,0.5642f,-0.3917f,0.0938f,0.5646f,0.3419f,-0.1023f,0f,0f,0f,1f],start_interpolation: 0,interpolation_duration: 1}
$data merge entity $(bone_right_arm) {transformation: [-0.9866f,-0.0767f,-0.1441f,-0.2648f,0.0827f,0.5263f,-0.8463f,-0.2363f,0.1407f,-0.8469f,-0.5129f,-0.3996f,0f,0f,0f,1f],start_interpolation: 0,interpolation_duration: 1}
$data merge entity $(bone_left_arm) {transformation: [-0.8138f,0.5414f,-0.2112f,-0.0135f,0.3805f,0.2217f,-0.8978f,-0.5167f,-0.4392f,-0.811f,-0.3864f,0.4675f,0f,0f,0f,1f],start_interpolation: 0,interpolation_duration: 1}
data modify entity @s data merge value {"cameras":{},"locators":{"barrel":{"px":-0.14373507340003594,"py":-0.4693408990676359,"pz":0.9072032998320498,"ry":359.51365277009654,"rx":1.2341981821674683}}}