# This file was generated by Animated Java via MC-Build. It is not recommended to edit this file directly.
$data merge entity $(bone_shotgun_shell) {transformation: [0f,0f,0f,-0.1036f,0f,0f,0f,-0.2375f,0f,0f,0f,0.3156f,0f,0f,0f,1f],start_interpolation: 0,interpolation_duration: 1}
$data merge entity $(bone_clock) {transformation: [0.999f,-0.0436f,0f,-0.1353f,-0.0436f,-0.999f,0.0001f,-0.2543f,0f,-0.0001f,-1f,0.625f,0f,0f,0f,1f],start_interpolation: 0,interpolation_duration: 1}
$data merge entity $(bone_barrel1) {transformation: [0.999f,-0.0436f,0f,-0.1367f,-0.0436f,-0.999f,0.0001f,-0.2855f,0f,-0.0001f,-1f,0.3906f,0f,0f,0f,1f],start_interpolation: 0,interpolation_duration: 1}
$data merge entity $(bone_trigger) {transformation: [0.999f,-0.0436f,0f,-0.1048f,-0.0436f,-0.999f,0.0001f,-0.2703f,0f,-0.0001f,-1f,0.2149f,0f,0f,0f,1f],start_interpolation: 0,interpolation_duration: 1}
$data merge entity $(bone_trigger_part) {transformation: [0.999f,-0.0436f,0f,-0.1044f,-0.0436f,-0.999f,0.0001f,-0.2619f,0f,-0.0001f,-1f,0.2344f,0f,0f,0f,1f],start_interpolation: 0,interpolation_duration: 1}
$data merge entity $(bone_chrome_shotgun) {transformation: [0.999f,-0.0436f,0f,-0.1218f,-0.0436f,-0.999f,0.0001f,-0.3018f,0f,-0.0001f,-1f,0.25f,0f,0f,0f,1f],start_interpolation: 0,interpolation_duration: 1}
$data merge entity $(bone_shotgun_shell1) {transformation: [-0.9877f,0.0691f,0.1405f,-0.1006f,0.0864f,-0.508f,0.857f,-0.1623f,0.1306f,0.8586f,0.4958f,-0.2299f,0f,0f,0f,1f],start_interpolation: 0,interpolation_duration: 1}
$data merge entity $(bone_right_arm) {transformation: [-0.9877f,-0.0691f,-0.1405f,-0.1907f,0.0864f,0.508f,-0.857f,-0.0133f,0.1306f,-0.8586f,-0.4958f,-0.5312f,0f,0f,0f,1f],start_interpolation: 0,interpolation_duration: 1}
$data merge entity $(bone_left_arm) {transformation: [-0.8097f,0.5038f,-0.3008f,0.044f,0.3716f,0.0435f,-0.9274f,-0.379f,-0.4542f,-0.8627f,-0.2224f,0.4687f,0f,0f,0f,1f],start_interpolation: 0,interpolation_duration: 1}
data modify entity @s data merge value {"cameras":{},"locators":{"barrel":{"px":-0.10765409248908107,"py":-0.33684013153982406,"pz":0.9062543694486385,"ry":359.99800309445925,"rx":0.0050808074223425165}}}