# This file was generated by Animated Java via MC-Build. It is not recommended to edit this file directly.
$data merge entity $(bone_slide) {transformation: [-0.7056f,0.5249f,-0.476f,0.1418f,0.7066f,0.5709f,-0.4181f,-0.4632f,0.0523f,-0.6314f,-0.7737f,0.5505f,0f,0f,0f,1f],start_interpolation: 0,interpolation_duration: 1}
$data merge entity $(bone_barrel) {transformation: [-0.7056f,0.5249f,-0.476f,0.1765f,0.7066f,0.5709f,-0.4181f,-0.5867f,0.0523f,-0.6314f,-0.7737f,0.5959f,0f,0f,0f,1f],start_interpolation: 0,interpolation_duration: 1}
$data merge entity $(bone_magazine) {transformation: [-0.7056f,0.5249f,-0.476f,-0.022f,0.7066f,0.5709f,-0.4181f,-0.6218f,0.0523f,-0.6314f,-0.7737f,0.4824f,0f,0f,0f,1f],start_interpolation: 0,interpolation_duration: 1}
$data merge entity $(bone_grip) {transformation: [-0.7056f,0.5249f,-0.476f,-0.022f,0.7066f,0.5709f,-0.4181f,-0.6218f,0.0523f,-0.6314f,-0.7737f,0.4824f,0f,0f,0f,1f],start_interpolation: 0,interpolation_duration: 1}
$data merge entity $(bone_trigger) {transformation: [-0.7056f,0.5249f,-0.476f,-0.0052f,0.7066f,0.5709f,-0.4181f,-0.6065f,0.0523f,-0.6314f,-0.7737f,0.5033f,0f,0f,0f,1f],start_interpolation: 0,interpolation_duration: 1}
$data merge entity $(bone_trigger_gaurd) {transformation: [-0.7056f,0.5249f,-0.476f,0.0254f,0.7066f,0.5709f,-0.4181f,-0.5764f,0.0523f,-0.6314f,-0.7737f,0.5102f,0f,0f,0f,1f],start_interpolation: 0,interpolation_duration: 1}
$data merge entity $(bone_right_arm) {transformation: [-0.7056f,-0.476f,-0.5249f,-0.2136f,0.7066f,-0.4181f,-0.5709f,-0.7467f,0.0523f,-0.7737f,0.6314f,0.2438f,0f,0f,0f,1f],start_interpolation: 0,interpolation_duration: 1}
$data merge entity $(bone_magazine1) {transformation: [0f,0f,0f,0.0228f,0f,0f,0f,-0.4831f,0f,0f,0f,0.4771f,0f,0f,0f,1f],start_interpolation: 0,interpolation_duration: 1}
$data merge entity $(bone_left_arm) {transformation: [-0.3563f,0.3549f,0.8643f,0.2593f,-0.5133f,-0.8473f,0.1363f,-0.7936f,0.7807f,-0.3951f,0.4841f,0.3809f,0f,0f,0f,1f],start_interpolation: 0,interpolation_duration: 1}
data modify entity @s data merge value {"cameras":{},"locators":{"barrel1":{"px":0.17499077169605412,"py":-0.41106644134861237,"pz":0.7119126899639077,"ry":328.3996505460516,"rx":-24.71247702929376},"ammo_display":{"px":0.11148279497578144,"py":-0.627786828766447,"pz":0.5126587425240615,"ry":328.3996505460516,"rx":-24.71247702929376}}}