# This file was generated by Animated Java via MC-Build. It is not recommended to edit this file directly.
$data merge entity $(bone_slide) {transformation: [-0.7454f,0.5572f,-0.3659f,0.0669f,0.6522f,0.723f,-0.2277f,-0.3862f,0.1377f,-0.4084f,-0.9024f,0.6492f,0f,0f,0f,1f],start_interpolation: 0,interpolation_duration: 1}
$data merge entity $(bone_barrel) {transformation: [-0.7454f,0.5572f,-0.3659f,0.1239f,0.6522f,0.723f,-0.2277f,-0.5033f,0.1377f,-0.4084f,-0.9024f,0.7179f,0f,0f,0f,1f],start_interpolation: 0,interpolation_duration: 1}
$data merge entity $(bone_magazine) {transformation: [-0.7454f,0.5572f,-0.3659f,-0.059f,0.6522f,0.723f,-0.2277f,-0.5147f,0.1377f,-0.4084f,-0.9024f,0.5767f,0f,0f,0f,1f],start_interpolation: 0,interpolation_duration: 1}
$data merge entity $(bone_grip) {transformation: [-0.7454f,0.5572f,-0.3659f,-0.059f,0.6522f,0.723f,-0.2277f,-0.5147f,0.1377f,-0.4084f,-0.9024f,0.5767f,0f,0f,0f,1f],start_interpolation: 0,interpolation_duration: 1}
$data merge entity $(bone_trigger) {transformation: [-0.7454f,0.5572f,-0.3659f,-0.0453f,0.6522f,0.723f,-0.2277f,-0.5046f,0.1377f,-0.4084f,-0.9024f,0.6025f,0f,0f,0f,1f],start_interpolation: 0,interpolation_duration: 1}
$data merge entity $(bone_trigger_gaurd) {transformation: [-0.7454f,0.5572f,-0.3659f,-0.0173f,0.6522f,0.723f,-0.2277f,-0.4763f,0.1377f,-0.4084f,-0.9024f,0.62f,0f,0f,0f,1f],start_interpolation: 0,interpolation_duration: 1}
$data merge entity $(bone_right_arm) {transformation: [-0.7454f,-0.3659f,-0.5572f,-0.2164f,0.6522f,-0.2277f,-0.723f,-0.5823f,0.1377f,-0.9024f,0.4084f,0.2941f,0f,0f,0f,1f],start_interpolation: 0,interpolation_duration: 1}
$data merge entity $(bone_magazine1) {transformation: [0f,0f,0f,-0.0586f,0f,0f,0f,-0.395f,0f,0f,0f,0.552f,0f,0f,0f,1f],start_interpolation: 0,interpolation_duration: 1}
$data merge entity $(bone_left_arm) {transformation: [-0.3237f,0.7108f,0.6245f,0.2872f,-0.8248f,-0.5354f,0.1818f,-0.5801f,0.4636f,-0.4562f,0.7596f,0.4641f,0f,0f,0f,1f],start_interpolation: 0,interpolation_duration: 1}
data modify entity @s data merge value {"cameras":{},"locators":{"barrel1":{"px":0.0658780277453816,"py":-0.3830181401026698,"pz":0.7873019982319458,"ry":337.92556756986835,"rx":-13.159928897632506}}}