# This file was generated by Animated Java via MC-Build. It is not recommended to edit this file directly.
$data merge entity $(bone_slide) {transformation: [-0.5647f,0.7393f,-0.3668f,0.0094f,0.7618f,0.2959f,-0.5763f,-0.2757f,-0.3175f,-0.6049f,-0.7303f,0.3797f,0f,0f,0f,1f],start_interpolation: 0,interpolation_duration: 1}
$data merge entity $(bone_barrel) {transformation: [-0.5647f,0.7393f,-0.3668f,0.0313f,0.7618f,0.2959f,-0.5763f,-0.3516f,-0.3175f,-0.6049f,-0.7303f,0.5032f,0f,0f,0f,1f],start_interpolation: 0,interpolation_duration: 1}
$data merge entity $(bone_magazine) {transformation: [-0.5647f,0.7393f,-0.3668f,-0.1415f,0.7618f,0.2959f,-0.5763f,-0.3973f,-0.3175f,-0.6049f,-0.7303f,0.3564f,0f,0f,0f,1f],start_interpolation: 0,interpolation_duration: 1}
$data merge entity $(bone_grip) {transformation: [-0.5647f,0.7393f,-0.3668f,-0.1415f,0.7618f,0.2959f,-0.5763f,-0.3973f,-0.3175f,-0.6049f,-0.7303f,0.3564f,0f,0f,0f,1f],start_interpolation: 0,interpolation_duration: 1}
$data merge entity $(bone_trigger) {transformation: [-0.5647f,0.7393f,-0.3668f,-0.127f,0.7618f,0.2959f,-0.5763f,-0.3784f,-0.3175f,-0.6049f,-0.7303f,0.3761f,0f,0f,0f,1f],start_interpolation: 0,interpolation_duration: 1}
$data merge entity $(bone_trigger_gaurd) {transformation: [-0.5647f,0.7393f,-0.3668f,-0.0938f,0.7618f,0.2959f,-0.5763f,-0.3511f,-0.3175f,-0.6049f,-0.7303f,0.3823f,0f,0f,0f,1f],start_interpolation: 0,interpolation_duration: 1}
$data merge entity $(bone_right_arm) {transformation: [-0.5647f,-0.3668f,-0.7393f,-0.2969f,0.7618f,-0.5763f,-0.2959f,-0.5664f,-0.3175f,-0.7303f,0.6049f,0.1187f,0f,0f,0f,1f],start_interpolation: 0,interpolation_duration: 1}
$data merge entity $(bone_magazine1) {transformation: [0f,0f,0f,-0.0547f,0f,0f,0f,-0.291f,0f,0f,0f,0.1922f,0f,0f,0f,1f],start_interpolation: 0,interpolation_duration: 1}
$data merge entity $(bone_left_arm) {transformation: [-0.6928f,0.4457f,0.5669f,0.1824f,-0.1967f,-0.8731f,0.446f,-0.5756f,0.6938f,0.1975f,0.6926f,0.3483f,0f,0f,0f,1f],start_interpolation: 0,interpolation_duration: 1}
data modify entity @s data merge value {"cameras":{},"locators":{"barrel1":{"px":0.036238809082452444,"py":-0.1501581705822941,"pz":0.5642958457402856,"ry":333.3290569339073,"rx":-35.191095975295255}}}