# This file was generated by Animated Java via MC-Build. It is not recommended to edit this file directly.
$data merge entity $(bone_slide) {transformation: [-0.7722f,0.5203f,-0.3646f,0.0606f,0.6018f,0.7831f,-0.157f,-0.4193f,0.2038f,-0.3406f,-0.9178f,0.6715f,0f,0f,0f,1f],start_interpolation: 0,interpolation_duration: 1}
$data merge entity $(bone_barrel) {transformation: [-0.7722f,0.5203f,-0.3646f,0.1228f,0.6018f,0.7831f,-0.157f,-0.5399f,0.2038f,-0.3406f,-0.9178f,0.7268f,0f,0f,0f,1f],start_interpolation: 0,interpolation_duration: 1}
$data merge entity $(bone_magazine) {transformation: [-0.7722f,0.5203f,-0.3646f,-0.0608f,0.6018f,0.7831f,-0.157f,-0.5462f,0.2038f,-0.3406f,-0.9178f,0.5862f,0f,0f,0f,1f],start_interpolation: 0,interpolation_duration: 1}
$data merge entity $(bone_grip) {transformation: [-0.7722f,0.5203f,-0.3646f,-0.0608f,0.6018f,0.7831f,-0.157f,-0.5462f,0.2038f,-0.3406f,-0.9178f,0.5862f,0f,0f,0f,1f],start_interpolation: 0,interpolation_duration: 1}
$data merge entity $(bone_trigger) {transformation: [-0.7722f,0.5203f,-0.3646f,-0.0473f,0.6018f,0.7831f,-0.157f,-0.5379f,0.2038f,-0.3406f,-0.9178f,0.6128f,0f,0f,0f,1f],start_interpolation: 0,interpolation_duration: 1}
$data merge entity $(bone_trigger_gaurd) {transformation: [-0.7722f,0.5203f,-0.3646f,-0.0205f,0.6018f,0.7831f,-0.157f,-0.5102f,0.2038f,-0.3406f,-0.9178f,0.6328f,0f,0f,0f,1f],start_interpolation: 0,interpolation_duration: 1}
$data merge entity $(bone_right_arm) {transformation: [-0.7722f,-0.3646f,-0.5203f,-0.218f,0.6018f,-0.157f,-0.7831f,-0.5936f,0.2038f,-0.9178f,0.3406f,0.2994f,0f,0f,0f,1f],start_interpolation: 0,interpolation_duration: 1}
$data merge entity $(bone_magazine1) {transformation: [0f,0f,0f,-0.0333f,0f,0f,0f,-0.3493f,0f,0f,0f,0.5262f,0f,0f,0f,1f],start_interpolation: 0,interpolation_duration: 1}
$data merge entity $(bone_left_arm) {transformation: [-0.4555f,0.6483f,0.6101f,0.2868f,-0.7443f,-0.6533f,0.1385f,-0.5848f,0.4884f,-0.391f,0.7801f,0.4658f,0f,0f,0f,1f],start_interpolation: 0,interpolation_duration: 1}
data modify entity @s data merge value {"cameras":{},"locators":{"barrel1":{"px":0.06019787576263182,"py":-0.4295973733641939,"pz":0.8077267698873638,"ry":338.33421162899845,"rx":-9.031924453068783}}}