# This file was generated by Animated Java via MC-Build. It is not recommended to edit this file directly.
$data merge entity $(slide) {transformation: [-0.6435f,0.6768f,-0.3574f,0.1316f,0.753f,0.476f,-0.4543f,-0.2588f,-0.1373f,-0.5615f,-0.816f,0.4896f,0f,0f,0f,1f],start_interpolation: 0,interpolation_duration: 1}
$data merge entity $(barrel) {transformation: [-0.6435f,0.6768f,-0.3574f,0.1472f,0.753f,0.476f,-0.4543f,-0.3797f,-0.1373f,-0.5615f,-0.816f,0.5501f,0f,0f,0f,1f],start_interpolation: 0,interpolation_duration: 1}
$data merge entity $(magazine) {transformation: [-0.6435f,0.6768f,-0.3574f,-0.0292f,0.753f,0.476f,-0.4543f,-0.4119f,-0.1373f,-0.5615f,-0.816f,0.4038f,0f,0f,0f,1f],start_interpolation: 0,interpolation_duration: 1}
$data merge entity $(grip) {transformation: [-0.6435f,0.6768f,-0.3574f,-0.0292f,0.753f,0.476f,-0.4543f,-0.4119f,-0.1373f,-0.5615f,-0.816f,0.4038f,0f,0f,0f,1f],start_interpolation: 0,interpolation_duration: 1}
$data merge entity $(trigger) {transformation: [-0.6435f,0.6768f,-0.3574f,-0.0153f,0.753f,0.476f,-0.4543f,-0.3959f,-0.1373f,-0.5615f,-0.816f,0.4264f,0f,0f,0f,1f],start_interpolation: 0,interpolation_duration: 1}
$data merge entity $(trigger_gaurd) {transformation: [-0.6435f,0.6768f,-0.3574f,0.0159f,0.753f,0.476f,-0.4543f,-0.3674f,-0.1373f,-0.5615f,-0.816f,0.4366f,0f,0f,0f,1f],start_interpolation: 0,interpolation_duration: 1}
$data merge entity $(right_arm) {transformation: [-0.6435f,-0.3574f,-0.6768f,-0.1829f,0.753f,-0.4543f,-0.476f,-0.5451f,-0.1373f,-0.816f,0.5615f,0.1433f,0f,0f,0f,1f],start_interpolation: 0,interpolation_duration: 1}
$data merge entity $(magazine1) {transformation: [0f,0f,0f,0.1103f,0f,0f,0f,-0.2214f,0f,0f,0f,0.2459f,0f,0f,0f,1f],start_interpolation: 0,interpolation_duration: 1}
$data merge entity $(left_arm) {transformation: [-0.6209f,0.3174f,0.7168f,0.3154f,-0.1397f,-0.9445f,0.2972f,-0.5508f,0.7714f,0.0844f,0.6308f,0.3513f,0f,0f,0f,1f],start_interpolation: 0,interpolation_duration: 1}
data modify entity @s data merge value {"cameras":{},"locators":{"barrel1":{"px":0.13855227009329948,"py":-0.1945915188150059,"pz":0.6499245918008187,"ry":336.344742839245,"rx":-27.01761341333991}}}