# This file was generated by Animated Java via MC-Build. It is not recommended to edit this file directly.
$data merge entity $(bone_slide) {transformation: [-0.7007f,0.6017f,-0.3835f,0.0955f,0.7106f,0.6368f,-0.2991f,-0.3455f,0.0642f,-0.4821f,-0.8738f,0.6653f,0f,0f,0f,1f],start_interpolation: 0,interpolation_duration: 1}
$data merge entity $(bone_barrel) {transformation: [-0.7007f,0.6017f,-0.3835f,0.1234f,0.7106f,0.6368f,-0.2991f,-0.4747f,0.0642f,-0.4821f,-0.8738f,0.6973f,0f,0f,0f,1f],start_interpolation: 0,interpolation_duration: 1}
$data merge entity $(bone_magazine) {transformation: [-0.7007f,0.6017f,-0.3835f,-0.0604f,0.7106f,0.6368f,-0.2991f,-0.4894f,0.0642f,-0.4821f,-0.8738f,0.5575f,0f,0f,0f,1f],start_interpolation: 0,interpolation_duration: 1}
$data merge entity $(bone_grip) {transformation: [-0.7007f,0.6017f,-0.3835f,-0.0604f,0.7106f,0.6368f,-0.2991f,-0.4894f,0.0642f,-0.4821f,-0.8738f,0.5575f,0f,0f,0f,1f],start_interpolation: 0,interpolation_duration: 1}
$data merge entity $(bone_trigger) {transformation: [-0.7007f,0.6017f,-0.3835f,-0.046f,0.7106f,0.6368f,-0.2991f,-0.4774f,0.0642f,-0.4821f,-0.8738f,0.5822f,0f,0f,0f,1f],start_interpolation: 0,interpolation_duration: 1}
$data merge entity $(bone_trigger_gaurd) {transformation: [-0.7007f,0.6017f,-0.3835f,-0.0162f,0.7106f,0.6368f,-0.2991f,-0.4493f,0.0642f,-0.4821f,-0.8738f,0.5966f,0f,0f,0f,1f],start_interpolation: 0,interpolation_duration: 1}
$data merge entity $(bone_right_arm) {transformation: [-0.7007f,-0.3835f,-0.6017f,-0.223f,0.7106f,-0.2991f,-0.6368f,-0.5766f,0.0642f,-0.8738f,0.4821f,0.2833f,0f,0f,0f,1f],start_interpolation: 0,interpolation_duration: 1}
$data merge entity $(bone_magazine1) {transformation: [0f,0f,0f,0.0522f,0f,0f,0f,-0.2569f,0f,0f,0f,0.4373f,0f,0f,0f,1f],start_interpolation: 0,interpolation_duration: 1}
$data merge entity $(bone_left_arm) {transformation: [-0.5541f,0.3905f,0.7351f,0.2875f,-0.3501f,-0.9106f,0.2198f,-0.5821f,0.7552f,-0.1356f,0.6413f,0.4592f,0f,0f,0f,1f],start_interpolation: 0,interpolation_duration: 1}
data modify entity @s data merge value {"cameras":{},"locators":{"barrel1":{"px":0.10956002396965428,"py":-0.3161389100326356,"pz":0.8350430264995308,"ry":336.3057214715959,"rx":-17.405236310185895},"ammo_display":{"px":0.06851031658281123,"py":-0.5026839373976738,"pz":0.6021932910716552,"ry":336.3057214715959,"rx":-17.405236310185895}}}