# This file was generated by Animated Java via MC-Build. It is not recommended to edit this file directly.
$data merge entity $(bone_slide) {transformation: [-0.69f,0.6072f,-0.3939f,0.1023f,0.7194f,0.6354f,-0.2806f,-0.3529f,0.0799f,-0.477f,-0.8753f,0.6744f,0f,0f,0f,1f],start_interpolation: 0,interpolation_duration: 1}
$data merge entity $(bone_barrel) {transformation: [-0.69f,0.6072f,-0.3939f,0.1287f,0.7194f,0.6354f,-0.2806f,-0.483f,0.0799f,-0.477f,-0.8753f,0.7043f,0f,0f,0f,1f],start_interpolation: 0,interpolation_duration: 1}
$data merge entity $(bone_magazine) {transformation: [-0.69f,0.6072f,-0.3939f,-0.0563f,0.7194f,0.6354f,-0.2806f,-0.493f,0.0799f,-0.477f,-0.8753f,0.5657f,0f,0f,0f,1f],start_interpolation: 0,interpolation_duration: 1}
$data merge entity $(bone_grip) {transformation: [-0.69f,0.6072f,-0.3939f,-0.0563f,0.7194f,0.6354f,-0.2806f,-0.493f,0.0799f,-0.477f,-0.8753f,0.5657f,0f,0f,0f,1f],start_interpolation: 0,interpolation_duration: 1}
$data merge entity $(bone_trigger) {transformation: [-0.69f,0.6072f,-0.3939f,-0.0416f,0.7194f,0.6354f,-0.2806f,-0.4816f,0.0799f,-0.477f,-0.8753f,0.5904f,0f,0f,0f,1f],start_interpolation: 0,interpolation_duration: 1}
$data merge entity $(bone_trigger_gaurd) {transformation: [-0.69f,0.6072f,-0.3939f,-0.0112f,0.7194f,0.6354f,-0.2806f,-0.4541f,0.0799f,-0.477f,-0.8753f,0.605f,0f,0f,0f,1f],start_interpolation: 0,interpolation_duration: 1}
$data merge entity $(bone_right_arm) {transformation: [-0.69f,-0.3939f,-0.6072f,-0.2221f,0.7194f,-0.2806f,-0.6354f,-0.5738f,0.0799f,-0.8753f,0.477f,0.2914f,0f,0f,0f,1f],start_interpolation: 0,interpolation_duration: 1}
$data merge entity $(bone_magazine1) {transformation: [0f,0f,0f,0.0678f,0f,0f,0f,-0.2509f,0f,0f,0f,0.4924f,0f,0f,0f,1f],start_interpolation: 0,interpolation_duration: 1}
$data merge entity $(bone_left_arm) {transformation: [-0.3956f,0.352f,0.8483f,0.3014f,-0.3348f,-0.9154f,0.2237f,-0.5776f,0.8552f,-0.1956f,0.48f,0.4726f,0f,0f,0f,1f],start_interpolation: 0,interpolation_duration: 1}
data modify entity @s data merge value {"cameras":{},"locators":{"barrel1":{"px":0.11804868462743101,"py":-0.32628804287540486,"pz":0.8444439061032571,"ry":335.77291144108597,"rx":-16.298779768840056},"ammo_display":{"px":0.07270329908511233,"py":-0.5087458672855697,"pz":0.6091652132270684,"ry":335.77291144108597,"rx":-16.298779768840056}}}