# This file was generated by Animated Java via MC-Build. It is not recommended to edit this file directly.
$data merge entity $(slide) {transformation: [-0.6926f,0.6182f,-0.3717f,0.1287f,0.7208f,0.6124f,-0.3246f,-0.3059f,0.027f,-0.4928f,-0.8697f,0.513f,0f,0f,0f,1f],start_interpolation: 0,interpolation_duration: 1}
$data merge entity $(barrel) {transformation: [-0.6926f,0.6182f,-0.3717f,0.1544f,0.7208f,0.6124f,-0.3246f,-0.4344f,0.027f,-0.4928f,-0.8697f,0.5499f,0f,0f,0f,1f],start_interpolation: 0,interpolation_duration: 1}
$data merge entity $(magazine) {transformation: [-0.6926f,0.6182f,-0.3717f,-0.0271f,0.7208f,0.6124f,-0.3246f,-0.4516f,0.027f,-0.4928f,-0.8697f,0.4075f,0f,0f,0f,1f],start_interpolation: 0,interpolation_duration: 1}
$data merge entity $(grip) {transformation: [-0.6926f,0.6182f,-0.3717f,-0.0271f,0.7208f,0.6124f,-0.3246f,-0.4516f,0.027f,-0.4928f,-0.8697f,0.4075f,0f,0f,0f,1f],start_interpolation: 0,interpolation_duration: 1}
$data merge entity $(trigger) {transformation: [-0.6926f,0.6182f,-0.3717f,-0.013f,0.7208f,0.6124f,-0.3246f,-0.439f,0.027f,-0.4928f,-0.8697f,0.4319f,0f,0f,0f,1f],start_interpolation: 0,interpolation_duration: 1}
$data merge entity $(trigger_gaurd) {transformation: [-0.6926f,0.6182f,-0.3717f,0.0169f,0.7208f,0.6124f,-0.3246f,-0.4108f,0.027f,-0.4928f,-0.8697f,0.4459f,0f,0f,0f,1f],start_interpolation: 0,interpolation_duration: 1}
$data merge entity $(right_arm) {transformation: [-0.6926f,-0.3717f,-0.6182f,-0.1859f,0.7208f,-0.3246f,-0.6124f,-0.5463f,0.027f,-0.8697f,0.4928f,0.1335f,0f,0f,0f,1f],start_interpolation: 0,interpolation_duration: 1}
$data merge entity $(magazine1) {transformation: [0f,0f,0f,0.123f,0f,0f,0f,-0.2103f,0f,0f,0f,0.3567f,0f,0f,0f,1f],start_interpolation: 0,interpolation_duration: 1}
$data merge entity $(left_arm) {transformation: [-0.2849f,0.2814f,0.9163f,0.3372f,-0.2687f,-0.9411f,0.2054f,-0.5489f,0.9201f,-0.1877f,0.3437f,0.3241f,0f,0f,0f,1f],start_interpolation: 0,interpolation_duration: 1}
data modify entity @s data merge value {"cameras":{},"locators":{"barrel1":{"px":0.1401154213036352,"py":-0.2709156353477186,"pz":0.6818579774285898,"ry":336.857983258755,"rx":-18.944339523048868}}}