# This file was generated by Animated Java via MC-Build. It is not recommended to edit this file directly.
$data merge entity $(slide) {transformation: [-0.6693f,0.5776f,-0.4673f,0.1473f,0.7391f,0.4536f,-0.4979f,-0.2975f,-0.0757f,-0.6787f,-0.7305f,0.3611f,0f,0f,0f,1f],start_interpolation: 0,interpolation_duration: 1}
$data merge entity $(barrel) {transformation: [-0.6693f,0.5776f,-0.4673f,0.1738f,0.7391f,0.4536f,-0.4979f,-0.415f,-0.0757f,-0.6787f,-0.7305f,0.4244f,0f,0f,0f,1f],start_interpolation: 0,interpolation_duration: 1}
$data merge entity $(magazine) {transformation: [-0.6693f,0.5776f,-0.4673f,-0.0218f,0.7391f,0.4536f,-0.4979f,-0.4561f,-0.0757f,-0.6787f,-0.7305f,0.3079f,0f,0f,0f,1f],start_interpolation: 0,interpolation_duration: 1}
$data merge entity $(grip) {transformation: [-0.6693f,0.5776f,-0.4673f,-0.0218f,0.7391f,0.4536f,-0.4979f,-0.4561f,-0.0757f,-0.6787f,-0.7305f,0.3079f,0f,0f,0f,1f],start_interpolation: 0,interpolation_duration: 1}
$data merge entity $(trigger) {transformation: [-0.6693f,0.5776f,-0.4673f,-0.005f,0.7391f,0.4536f,-0.4979f,-0.4389f,-0.0757f,-0.6787f,-0.7305f,0.3273f,0f,0f,0f,1f],start_interpolation: 0,interpolation_duration: 1}
$data merge entity $(trigger_gaurd) {transformation: [-0.6693f,0.5776f,-0.4673f,0.0269f,0.7391f,0.4536f,-0.4979f,-0.4096f,-0.0757f,-0.6787f,-0.7305f,0.3314f,0f,0f,0f,1f],start_interpolation: 0,interpolation_duration: 1}
$data merge entity $(right_arm) {transformation: [-0.6693f,-0.4673f,-0.5776f,-0.2104f,0.7391f,-0.4979f,-0.4536f,-0.6037f,-0.0757f,-0.7305f,0.6787f,0.08f,0f,0f,0f,1f],start_interpolation: 0,interpolation_duration: 1}
$data merge entity $(magazine1) {transformation: [0f,0f,0f,0.0303f,0f,0f,0f,-0.3217f,0f,0f,0f,0.2859f,0f,0f,0f,1f],start_interpolation: 0,interpolation_duration: 1}
$data merge entity $(left_arm) {transformation: [-0.4121f,0.325f,0.8512f,0.2538f,-0.3839f,-0.9092f,0.1613f,-0.6532f,0.8263f,-0.2603f,0.4995f,0.2433f,0f,0f,0f,1f],start_interpolation: 0,interpolation_duration: 1}
data modify entity @s data merge value {"cameras":{},"locators":{"barrel1":{"px":0.17703498353177527,"py":-0.22519906342108584,"pz":0.5153123675756713,"ry":327.39169020462043,"rx":-29.864332841855248}}}