# This file was generated by Animated Java via MC-Build. It is not recommended to edit this file directly.
$data merge entity $(bone_slide) {transformation: [-0.7782f,0.5358f,-0.3276f,0.081f,0.6211f,0.7337f,-0.2754f,-0.3359f,0.0928f,-0.4179f,-0.9038f,0.6896f,0f,0f,0f,1f],start_interpolation: 0,interpolation_duration: 1}
$data merge entity $(bone_barrel) {transformation: [-0.7782f,0.5358f,-0.3276f,0.1227f,0.6211f,0.7337f,-0.2754f,-0.4632f,0.0928f,-0.4179f,-0.9038f,0.7133f,0f,0f,0f,1f],start_interpolation: 0,interpolation_duration: 1}
$data merge entity $(bone_magazine) {transformation: [-0.7782f,0.5358f,-0.3276f,-0.0551f,0.6211f,0.7337f,-0.2754f,-0.4881f,0.0928f,-0.4179f,-0.9038f,0.5674f,0f,0f,0f,1f],start_interpolation: 0,interpolation_duration: 1}
$data merge entity $(bone_grip) {transformation: [-0.7782f,0.5358f,-0.3276f,-0.0551f,0.6211f,0.7337f,-0.2754f,-0.4881f,0.0928f,-0.4179f,-0.9038f,0.5674f,0f,0f,0f,1f],start_interpolation: 0,interpolation_duration: 1}
$data merge entity $(bone_trigger) {transformation: [-0.7782f,0.5358f,-0.3276f,-0.0427f,0.6211f,0.7337f,-0.2754f,-0.4765f,0.0928f,-0.4179f,-0.9038f,0.5933f,0f,0f,0f,1f],start_interpolation: 0,interpolation_duration: 1}
$data merge entity $(bone_trigger_gaurd) {transformation: [-0.7782f,0.5358f,-0.3276f,-0.0166f,0.6211f,0.7337f,-0.2754f,-0.4463f,0.0928f,-0.4179f,-0.9038f,0.6105f,0f,0f,0f,1f],start_interpolation: 0,interpolation_duration: 1}
$data merge entity $(bone_right_arm) {transformation: [-0.7782f,-0.3276f,-0.5358f,-0.2007f,0.6211f,-0.2754f,-0.7337f,-0.5727f,0.0928f,-0.9038f,0.4179f,0.283f,0f,0f,0f,1f],start_interpolation: 0,interpolation_duration: 1}
$data merge entity $(bone_magazine1) {transformation: [0f,0f,0f,0.1074f,0f,0f,0f,-0.2355f,0f,0f,0f,0.5841f,0f,0f,0f,1f],start_interpolation: 0,interpolation_duration: 1}
$data merge entity $(bone_left_arm) {transformation: [-0.3274f,0.1236f,0.9368f,0.2632f,-0.4988f,-0.8646f,-0.0603f,-0.5754f,0.8025f,-0.487f,0.3447f,0.4364f,0f,0f,0f,1f],start_interpolation: 0,interpolation_duration: 1}
data modify entity @s data merge value {"cameras":{},"locators":{"barrel1":{"px":0.08789946238277943,"py":-0.31769216826232727,"pz":0.8613892227009754,"ry":340.0735819017648,"rx":-15.98882493729057},"ammo_display":{"px":0.07346723613104669,"py":-0.49012939461552957,"pz":0.6148933022214809,"ry":340.0735819017648,"rx":-15.98882493729057}}}