# This file was generated by Animated Java via MC-Build. It is not recommended to edit this file directly.
$data merge entity $(bone_slide) {transformation: [-0.9848f,0.1617f,-0.0633f,-0.022f,0.1645f,0.9854f,-0.0427f,-0.357f,0.0554f,-0.0525f,-0.9971f,0.7468f,0f,0f,0f,1f],start_interpolation: 0,interpolation_duration: 1}
$data merge entity $(bone_barrel) {transformation: [-0.9848f,0.1617f,-0.0633f,0.0726f,0.1645f,0.9854f,-0.0427f,-0.4548f,0.0554f,-0.0525f,-0.9971f,0.7449f,0f,0f,0f,1f],start_interpolation: 0,interpolation_duration: 1}
$data merge entity $(bone_magazine) {transformation: [-0.9848f,0.1617f,-0.0633f,-0.0561f,0.1645f,0.9854f,-0.0427f,-0.497f,0.0554f,-0.0525f,-0.9971f,0.5574f,0f,0f,0f,1f],start_interpolation: 0,interpolation_duration: 1}
$data merge entity $(bone_grip) {transformation: [-0.9848f,0.1617f,-0.0633f,-0.0561f,0.1645f,0.9854f,-0.0427f,-0.497f,0.0554f,-0.0525f,-0.9971f,0.5574f,0f,0f,0f,1f],start_interpolation: 0,interpolation_duration: 1}
$data merge entity $(bone_trigger) {transformation: [-0.9848f,0.1617f,-0.0633f,-0.0534f,0.1645f,0.9854f,-0.0427f,-0.4914f,0.0554f,-0.0525f,-0.9971f,0.5877f,0f,0f,0f,1f],start_interpolation: 0,interpolation_duration: 1}
$data merge entity $(bone_trigger_gaurd) {transformation: [-0.9848f,0.1617f,-0.0633f,-0.0467f,0.1645f,0.9854f,-0.0427f,-0.4615f,0.0554f,-0.0525f,-0.9971f,0.6185f,0f,0f,0f,1f],start_interpolation: 0,interpolation_duration: 1}
$data merge entity $(bone_right_arm) {transformation: [-0.9848f,-0.0633f,-0.1617f,-0.1141f,0.1645f,-0.0427f,-0.9854f,-0.5262f,0.0554f,-0.9971f,0.0525f,0.2333f,0f,0f,0f,1f],start_interpolation: 0,interpolation_duration: 1}
$data merge entity $(bone_magazine1) {transformation: [0f,0f,0f,-0.0477f,0f,0f,0f,-0.4095f,0f,0f,0f,0.6157f,0f,0f,0f,1f],start_interpolation: 0,interpolation_duration: 1}
$data merge entity $(bone_left_arm) {transformation: [-0.8064f,0.2761f,0.523f,0.119f,-0.5578f,-0.0612f,-0.8277f,-0.5287f,-0.1965f,-0.9592f,0.2034f,0.2699f,0f,0f,0f,1f],start_interpolation: 0,interpolation_duration: 1}
data modify entity @s data merge value {"cameras":{},"locators":{"barrel1":{"px":-0.04805782094392005,"py":-0.4043988180634146,"pz":0.8193859337103069,"ry":356.36964194195485,"rx":-2.448147933684861}}}