# This file was generated by Animated Java via MC-Build. It is not recommended to edit this file directly.
$data merge entity $(bone_slide) {transformation: [-0.9659f,0.2496f,-0.0692f,-0.1106f,0.2505f,0.9681f,-0.0043f,-0.2754f,0.066f,-0.0215f,-0.9976f,0.5369f,0f,0f,0f,1f],start_interpolation: 0,interpolation_duration: 1}
$data merge entity $(bone_barrel) {transformation: [-0.9659f,0.2496f,-0.0692f,-0.0251f,0.2505f,0.9681f,-0.0043f,-0.3811f,0.066f,-0.0215f,-0.9976f,0.5314f,0f,0f,0f,1f],start_interpolation: 0,interpolation_duration: 1}
$data merge entity $(bone_magazine) {transformation: [-0.9659f,0.2496f,-0.0692f,-0.1575f,0.2505f,0.9681f,-0.0043f,-0.4054f,0.066f,-0.0215f,-0.9976f,0.3433f,0f,0f,0f,1f],start_interpolation: 0,interpolation_duration: 1}
$data merge entity $(bone_grip) {transformation: [-0.9659f,0.2496f,-0.0692f,-0.1575f,0.2505f,0.9681f,-0.0043f,-0.4054f,0.066f,-0.0215f,-0.9976f,0.3433f,0f,0f,0f,1f],start_interpolation: 0,interpolation_duration: 1}
$data merge entity $(bone_trigger) {transformation: [-0.9659f,0.2496f,-0.0692f,-0.1543f,0.2505f,0.9681f,-0.0043f,-0.4011f,0.066f,-0.0215f,-0.9976f,0.3737f,0f,0f,0f,1f],start_interpolation: 0,interpolation_duration: 1}
$data merge entity $(bone_trigger_gaurd) {transformation: [-0.9659f,0.2496f,-0.0692f,-0.1449f,0.2505f,0.9681f,-0.0043f,-0.373f,0.066f,-0.0215f,-0.9976f,0.4055f,0f,0f,0f,1f],start_interpolation: 0,interpolation_duration: 1}
$data merge entity $(bone_right_arm) {transformation: [-0.9659f,-0.0692f,-0.2496f,-0.2187f,0.2505f,-0.0043f,-0.9681f,-0.4187f,0.066f,-0.9976f,0.0215f,0.0187f,0f,0f,0f,1f],start_interpolation: 0,interpolation_duration: 1}
$data merge entity $(bone_magazine1) {transformation: [0f,0f,0f,-0.1764f,0f,0f,0f,-0.3088f,0f,0f,0f,0.3913f,0f,0f,0f,1f],start_interpolation: 0,interpolation_duration: 1}
$data merge entity $(bone_left_arm) {transformation: [-0.7265f,0.1515f,0.6702f,-0.0406f,-0.6851f,-0.0848f,-0.7235f,-0.425f,-0.0528f,-0.9848f,0.1654f,0.0312f,0f,0f,0f,1f],start_interpolation: 0,interpolation_duration: 1}
data modify entity @s data merge value {"cameras":{},"locators":{"barrel1":{"px":-0.1341067892348561,"py":-0.32211978334872216,"pz":0.7016194077942681,"ry":356.0293261074651,"rx":-0.24599644647941138}}}
execute on vehicle unless entity @s[tag=aj.transforms_only] at @s run function animated_java:glock/animations/equip/zzz/frames/25_root_function