# This file was generated by Animated Java via MC-Build. It is not recommended to edit this file directly.
$data merge entity $(bone_slide) {transformation: [-0.9816f,0.1871f,-0.0378f,-0.1362f,0.1868f,0.9823f,0.0112f,-0.2791f,0.0392f,0.0039f,-0.9992f,0.5426f,0f,0f,0f,1f],start_interpolation: 0,interpolation_duration: 1}
$data merge entity $(bone_barrel) {transformation: [-0.9816f,0.1871f,-0.0378f,-0.044f,0.1868f,0.9823f,0.0112f,-0.379f,0.0392f,0.0039f,-0.9992f,0.538f,0f,0f,0f,1f],start_interpolation: 0,interpolation_duration: 1}
$data merge entity $(bone_magazine) {transformation: [-0.9816f,0.1871f,-0.0378f,-0.1686f,0.1868f,0.9823f,0.0112f,-0.408f,0.0392f,0.0039f,-0.9992f,0.3453f,0f,0f,0f,1f],start_interpolation: 0,interpolation_duration: 1}
$data merge entity $(bone_grip) {transformation: [-0.9816f,0.1871f,-0.0378f,-0.1686f,0.1868f,0.9823f,0.0112f,-0.408f,0.0392f,0.0039f,-0.9992f,0.3453f,0f,0f,0f,1f],start_interpolation: 0,interpolation_duration: 1}
$data merge entity $(bone_trigger) {transformation: [-0.9816f,0.1871f,-0.0378f,-0.1667f,0.1868f,0.9823f,0.0112f,-0.404f,0.0392f,0.0039f,-0.9992f,0.3759f,0f,0f,0f,1f],start_interpolation: 0,interpolation_duration: 1}
$data merge entity $(bone_trigger_gaurd) {transformation: [-0.9816f,0.1871f,-0.0378f,-0.16f,0.1868f,0.9823f,0.0112f,-0.376f,0.0392f,0.0039f,-0.9992f,0.4084f,0f,0f,0f,1f],start_interpolation: 0,interpolation_duration: 1}
$data merge entity $(bone_right_arm) {transformation: [-0.9816f,-0.0378f,-0.1871f,-0.2187f,0.1868f,0.0112f,-0.9823f,-0.4187f,0.0392f,-0.9992f,-0.0039f,0.0187f,0f,0f,0f,1f],start_interpolation: 0,interpolation_duration: 1}
$data merge entity $(bone_magazine1) {transformation: [0f,0f,0f,-0.1957f,0f,0f,0f,-0.3305f,0f,0f,0f,0.3899f,0f,0f,0f,1f],start_interpolation: 0,interpolation_duration: 1}
$data merge entity $(bone_left_arm) {transformation: [-0.7951f,0.235f,0.5592f,-0.0406f,-0.5753f,0f,-0.818f,-0.425f,-0.1922f,-0.972f,0.1352f,0.0312f,0f,0f,0f,1f],start_interpolation: 0,interpolation_duration: 1}
data modify entity @s data merge value {"cameras":{},"locators":{"barrel1":{"px":-0.16178397338887388,"py":-0.33052832323854364,"pz":0.7056155673139668,"ry":357.8339322625958,"rx":0.6396980913900009}}}