# This file was generated by Animated Java via MC-Build. It is not recommended to edit this file directly.
$data merge entity $(slide) {transformation: [-0.9917f,0.1281f,-0.0132f,-0.0329f,0.1277f,0.9914f,0.0273f,-0.2529f,0.0166f,0.0254f,-0.9995f,0.5469f,0f,0f,0f,1f],start_interpolation: 0,interpolation_duration: 1}
$data merge entity $(barrel) {transformation: [-0.9917f,0.1281f,-0.0132f,0.0652f,0.1277f,0.9914f,0.0273f,-0.3471f,0.0166f,0.0254f,-0.9995f,0.543f,0f,0f,0f,1f],start_interpolation: 0,interpolation_duration: 1}
$data merge entity $(magazine) {transformation: [-0.9917f,0.1281f,-0.0132f,-0.0526f,0.1277f,0.9914f,0.0273f,-0.3798f,0.0166f,0.0254f,-0.9995f,0.3466f,0f,0f,0f,1f],start_interpolation: 0,interpolation_duration: 1}
$data merge entity $(grip) {transformation: [-0.9917f,0.1281f,-0.0132f,-0.0526f,0.1277f,0.9914f,0.0273f,-0.3798f,0.0166f,0.0254f,-0.9995f,0.3466f,0f,0f,0f,1f],start_interpolation: 0,interpolation_duration: 1}
$data merge entity $(trigger) {transformation: [-0.9917f,0.1281f,-0.0132f,-0.0516f,0.1277f,0.9914f,0.0273f,-0.3763f,0.0166f,0.0254f,-0.9995f,0.3773f,0f,0f,0f,1f],start_interpolation: 0,interpolation_duration: 1}
$data merge entity $(trigger_gaurd) {transformation: [-0.9917f,0.1281f,-0.0132f,-0.0475f,0.1277f,0.9914f,0.0273f,-0.3486f,0.0166f,0.0254f,-0.9995f,0.4105f,0f,0f,0f,1f],start_interpolation: 0,interpolation_duration: 1}
$data merge entity $(right_arm) {transformation: [-0.9917f,-0.0132f,-0.1281f,-0.0937f,0.1277f,0.0273f,-0.9914f,-0.3875f,0.0166f,-0.9995f,-0.0254f,0.0188f,0f,0f,0f,1f],start_interpolation: 0,interpolation_duration: 1}
$data merge entity $(magazine1) {transformation: [0f,0f,0f,-0.0923f,0f,0f,0f,-0.3116f,0f,0f,0f,0.3829f,0f,0f,0f,1f],start_interpolation: 0,interpolation_duration: 1}
$data merge entity $(left_arm) {transformation: [-0.8269f,0.32f,0.4624f,0.0844f,-0.4724f,0.0508f,-0.8799f,-0.3937f,-0.3051f,-0.946f,0.1092f,0.0313f,0f,0f,0f,1f],start_interpolation: 0,interpolation_duration: 1}
data modify entity @s data merge value {"cameras":{},"locators":{"barrel1":{"px":-0.059445400899058295,"py":-0.3087149227622117,"pz":0.7082633110282639,"ry":359.2412456178953,"rx":1.5638730665293614}}}