# This file was generated by Animated Java via MC-Build. It is not recommended to edit this file directly.
$data merge entity $(bone_slide) {transformation: [-0.9917f,0.1281f,-0.0132f,-0.1579f,0.1277f,0.9914f,0.0273f,-0.2841f,0.0166f,0.0254f,-0.9995f,0.5469f,0f,0f,0f,1f],start_interpolation: 0,interpolation_duration: 1}
$data merge entity $(bone_barrel) {transformation: [-0.9917f,0.1281f,-0.0132f,-0.0598f,0.1277f,0.9914f,0.0273f,-0.3783f,0.0166f,0.0254f,-0.9995f,0.543f,0f,0f,0f,1f],start_interpolation: 0,interpolation_duration: 1}
$data merge entity $(bone_magazine) {transformation: [-0.9917f,0.1281f,-0.0132f,-0.1776f,0.1277f,0.9914f,0.0273f,-0.4111f,0.0166f,0.0254f,-0.9995f,0.3466f,0f,0f,0f,1f],start_interpolation: 0,interpolation_duration: 1}
$data merge entity $(bone_grip) {transformation: [-0.9917f,0.1281f,-0.0132f,-0.1776f,0.1277f,0.9914f,0.0273f,-0.4111f,0.0166f,0.0254f,-0.9995f,0.3466f,0f,0f,0f,1f],start_interpolation: 0,interpolation_duration: 1}
$data merge entity $(bone_trigger) {transformation: [-0.9917f,0.1281f,-0.0132f,-0.1766f,0.1277f,0.9914f,0.0273f,-0.4076f,0.0166f,0.0254f,-0.9995f,0.3773f,0f,0f,0f,1f],start_interpolation: 0,interpolation_duration: 1}
$data merge entity $(bone_trigger_gaurd) {transformation: [-0.9917f,0.1281f,-0.0132f,-0.1725f,0.1277f,0.9914f,0.0273f,-0.3798f,0.0166f,0.0254f,-0.9995f,0.4105f,0f,0f,0f,1f],start_interpolation: 0,interpolation_duration: 1}
$data merge entity $(bone_right_arm) {transformation: [-0.9917f,-0.0132f,-0.1281f,-0.2187f,0.1277f,0.0273f,-0.9914f,-0.4187f,0.0166f,-0.9995f,-0.0254f,0.0187f,0f,0f,0f,1f],start_interpolation: 0,interpolation_duration: 1}
$data merge entity $(bone_magazine1) {transformation: [0f,0f,0f,-0.2173f,0f,0f,0f,-0.3429f,0f,0f,0f,0.3829f,0f,0f,0f,1f],start_interpolation: 0,interpolation_duration: 1}
$data merge entity $(bone_left_arm) {transformation: [-0.8269f,0.32f,0.4624f,-0.0406f,-0.4724f,0.0508f,-0.8799f,-0.425f,-0.3051f,-0.946f,0.1092f,0.0312f,0f,0f,0f,1f],start_interpolation: 0,interpolation_duration: 1}
data modify entity @s data merge value {"cameras":{},"locators":{"barrel1":{"px":-0.1844454008990583,"py":-0.3399649227622117,"pz":0.7082633110282639,"ry":359.2412456178953,"rx":1.5638730665293614}}}