# This file was generated by Animated Java via MC-Build. It is not recommended to edit this file directly.
$data merge entity $(bone_slide) {transformation: [-0.9962f,0.0876f,-0.0006f,-0.0398f,0.0876f,0.9962f,-0.0027f,-0.2842f,0.0004f,-0.0028f,-1f,0.555f,0f,0f,0f,1f],start_interpolation: 0,interpolation_duration: 0}
$data merge entity $(bone_barrel) {transformation: [-0.9962f,0.0876f,-0.0006f,0.0621f,0.0876f,0.9962f,-0.0027f,-0.3744f,0.0004f,-0.0028f,-1f,0.5552f,0f,0f,0f,1f],start_interpolation: 0,interpolation_duration: 0}
$data merge entity $(bone_magazine) {transformation: [-0.9962f,0.0876f,-0.0006f,-0.0516f,0.0876f,0.9962f,-0.0027f,-0.4177f,0.0004f,-0.0028f,-1f,0.3584f,0f,0f,0f,1f],start_interpolation: 0,interpolation_duration: 0}
$data merge entity $(bone_grip) {transformation: [-0.9962f,0.0876f,-0.0006f,-0.0516f,0.0876f,0.9962f,-0.0027f,-0.4177f,0.0004f,-0.0028f,-1f,0.3584f,0f,0f,0f,1f],start_interpolation: 0,interpolation_duration: 0}
$data merge entity $(bone_trigger) {transformation: [-0.9962f,0.0876f,-0.0006f,-0.0512f,0.0876f,0.9962f,-0.0027f,-0.4133f,0.0004f,-0.0028f,-1f,0.389f,0f,0f,0f,1f],start_interpolation: 0,interpolation_duration: 0}
$data merge entity $(bone_trigger_gaurd) {transformation: [-0.9962f,0.0876f,-0.0006f,-0.0486f,0.0876f,0.9962f,-0.0027f,-0.3844f,0.0004f,-0.0028f,-1f,0.4214f,0f,0f,0f,1f],start_interpolation: 0,interpolation_duration: 0}
$data merge entity $(bone_right_arm) {transformation: [-0.9962f,-0.0006f,-0.0876f,-0.0879f,0.0876f,-0.0027f,-0.9962f,-0.4367f,0.0004f,-1f,0.0028f,0.0305f,0f,0f,0f,1f],start_interpolation: 0,interpolation_duration: 0}
$data merge entity $(bone_magazine1) {transformation: [0f,0f,0f,-0.1078f,0f,0f,0f,-0.3521f,0f,0f,0f,0.3808f,0f,0f,0f,1f],start_interpolation: 0,interpolation_duration: 0}
$data merge entity $(bone_left_arm) {transformation: [-0.8344f,0.4008f,0.3783f,0.0902f,-0.3969f,0.0392f,-0.917f,-0.443f,-0.3824f,-0.9153f,0.1264f,0.043f,0f,0f,0f,1f],start_interpolation: 0,interpolation_duration: 0}
data modify entity @s data merge value {"cameras":{},"locators":{"barrel1":{"px":-0.06623805627970353,"py":-0.3363149224308888,"pz":0.7176824996276432,"ry":359.96313458836704,"rx":-0.15695230713815184}}}