# This file was generated by Animated Java via MC-Build. It is not recommended to edit this file directly.
$data merge entity $(slide) {transformation: [-0.9962f,0.0876f,-0.002f,-0.0449f,0.0876f,0.996f,-0.018f,-0.227f,0.0004f,-0.0181f,-0.9998f,0.5409f,0f,0f,0f,1f],start_interpolation: 0,interpolation_duration: 1}
$data merge entity $(barrel) {transformation: [-0.9962f,0.0876f,-0.002f,0.0569f,0.0876f,0.996f,-0.018f,-0.3172f,0.0004f,-0.0181f,-0.9998f,0.5423f,0f,0f,0f,1f],start_interpolation: 0,interpolation_duration: 1}
$data merge entity $(magazine) {transformation: [-0.9962f,0.0876f,-0.002f,-0.057f,0.0876f,0.996f,-0.018f,-0.3635f,0.0004f,-0.0181f,-0.9998f,0.3463f,0f,0f,0f,1f],start_interpolation: 0,interpolation_duration: 1}
$data merge entity $(grip) {transformation: [-0.9962f,0.0876f,-0.002f,-0.057f,0.0876f,0.996f,-0.018f,-0.3635f,0.0004f,-0.0181f,-0.9998f,0.3463f,0f,0f,0f,1f],start_interpolation: 0,interpolation_duration: 1}
$data merge entity $(trigger) {transformation: [-0.9962f,0.0876f,-0.002f,-0.0566f,0.0876f,0.996f,-0.018f,-0.3586f,0.0004f,-0.0181f,-0.9998f,0.3769f,0f,0f,0f,1f],start_interpolation: 0,interpolation_duration: 1}
$data merge entity $(trigger_gaurd) {transformation: [-0.9962f,0.0876f,-0.002f,-0.054f,0.0876f,0.996f,-0.018f,-0.3292f,0.0004f,-0.0181f,-0.9998f,0.4088f,0f,0f,0f,1f],start_interpolation: 0,interpolation_duration: 1}
$data merge entity $(right_arm) {transformation: [-0.9962f,-0.002f,-0.0876f,-0.0937f,0.0876f,-0.018f,-0.996f,-0.3875f,0.0004f,-0.9998f,0.0181f,0.0188f,0f,0f,0f,1f],start_interpolation: 0,interpolation_duration: 1}
$data merge entity $(magazine1) {transformation: [0f,0f,0f,-0.1151f,0f,0f,0f,-0.2974f,0f,0f,0f,0.3667f,0f,0f,0f,1f],start_interpolation: 0,interpolation_duration: 1}
$data merge entity $(left_arm) {transformation: [-0.8344f,0.4065f,0.3722f,0.0844f,-0.3969f,0.0252f,-0.9175f,-0.3937f,-0.3824f,-0.9133f,0.1404f,0.0313f,0f,0f,0f,1f],start_interpolation: 0,interpolation_duration: 1}
data modify entity @s data merge value {"cameras":{},"locators":{"barrel1":{"px":-0.07117879222551103,"py":-0.27664031188859917,"pz":0.7043250652783719,"ry":359.8863902327671,"rx":-1.0297114481078775}}}