# This file was generated by Animated Java via MC-Build. It is not recommended to edit this file directly.
$data merge entity $(bone_slide) {transformation: [-0.9962f,0.0876f,-0.0013f,-0.1703f,0.0876f,0.9961f,-0.0104f,-0.2622f,0.0004f,-0.0105f,-0.9999f,0.5421f,0f,0f,0f,1f],start_interpolation: 0,interpolation_duration: 1}
$data merge entity $(bone_barrel) {transformation: [-0.9962f,0.0876f,-0.0013f,-0.0684f,0.0876f,0.9961f,-0.0104f,-0.3524f,0.0004f,-0.0105f,-0.9999f,0.5429f,0f,0f,0f,1f],start_interpolation: 0,interpolation_duration: 1}
$data merge entity $(bone_magazine) {transformation: [-0.9962f,0.0876f,-0.0013f,-0.1822f,0.0876f,0.9961f,-0.0104f,-0.3972f,0.0004f,-0.0105f,-0.9999f,0.3465f,0f,0f,0f,1f],start_interpolation: 0,interpolation_duration: 1}
$data merge entity $(bone_grip) {transformation: [-0.9962f,0.0876f,-0.0013f,-0.1822f,0.0876f,0.9961f,-0.0104f,-0.3972f,0.0004f,-0.0105f,-0.9999f,0.3465f,0f,0f,0f,1f],start_interpolation: 0,interpolation_duration: 1}
$data merge entity $(bone_trigger) {transformation: [-0.9962f,0.0876f,-0.0013f,-0.1818f,0.0876f,0.9961f,-0.0104f,-0.3925f,0.0004f,-0.0105f,-0.9999f,0.3771f,0f,0f,0f,1f],start_interpolation: 0,interpolation_duration: 1}
$data merge entity $(bone_trigger_gaurd) {transformation: [-0.9962f,0.0876f,-0.0013f,-0.1792f,0.0876f,0.9961f,-0.0104f,-0.3634f,0.0004f,-0.0105f,-0.9999f,0.4093f,0f,0f,0f,1f],start_interpolation: 0,interpolation_duration: 1}
$data merge entity $(bone_right_arm) {transformation: [-0.9962f,-0.0013f,-0.0876f,-0.2187f,0.0876f,-0.0104f,-0.9961f,-0.4187f,0.0004f,-0.9999f,0.0105f,0.0187f,0f,0f,0f,1f],start_interpolation: 0,interpolation_duration: 1}
$data merge entity $(bone_magazine1) {transformation: [0f,0f,0f,-0.2394f,0f,0f,0f,-0.3314f,0f,0f,0f,0.3679f,0f,0f,0f,1f],start_interpolation: 0,interpolation_duration: 1}
$data merge entity $(bone_left_arm) {transformation: [-0.8344f,0.4037f,0.3752f,-0.0406f,-0.3969f,0.0321f,-0.9173f,-0.425f,-0.3824f,-0.9143f,0.1335f,0.0312f,0f,0f,0f,1f],start_interpolation: 0,interpolation_duration: 1}
data modify entity @s data merge value {"cameras":{},"locators":{"barrel1":{"px":-0.19663239971882815,"py":-0.31305332250062545,"pz":0.7051547815417629,"ry":359.9243118432082,"rx":-0.5984905086474053}}}