# This file was generated by Animated Java via MC-Build. It is not recommended to edit this file directly.
$data merge entity $(bone_slide) {transformation: [-0.7303f,0.5747f,-0.3693f,0.0717f,0.6751f,0.6896f,-0.2621f,-0.3705f,0.104f,-0.4407f,-0.8916f,0.661f,0f,0f,0f,1f],start_interpolation: 0,interpolation_duration: 1}
$data merge entity $(bone_barrel) {transformation: [-0.7303f,0.5747f,-0.3693f,0.1258f,0.6751f,0.6896f,-0.2621f,-0.4854f,0.104f,-0.4407f,-0.8916f,0.7354f,0f,0f,0f,1f],start_interpolation: 0,interpolation_duration: 1}
$data merge entity $(bone_magazine) {transformation: [-0.7303f,0.5747f,-0.3693f,-0.057f,0.6751f,0.6896f,-0.2621f,-0.4994f,0.104f,-0.4407f,-0.8916f,0.5943f,0f,0f,0f,1f],start_interpolation: 0,interpolation_duration: 1}
$data merge entity $(bone_grip) {transformation: [-0.7303f,0.5747f,-0.3693f,-0.057f,0.6751f,0.6896f,-0.2621f,-0.4994f,0.104f,-0.4407f,-0.8916f,0.5943f,0f,0f,0f,1f],start_interpolation: 0,interpolation_duration: 1}
$data merge entity $(bone_trigger) {transformation: [-0.7303f,0.5747f,-0.3693f,-0.0432f,0.6751f,0.6896f,-0.2621f,-0.4884f,0.104f,-0.4407f,-0.8916f,0.6197f,0f,0f,0f,1f],start_interpolation: 0,interpolation_duration: 1}
$data merge entity $(bone_trigger_gaurd) {transformation: [-0.7303f,0.5747f,-0.3693f,-0.0146f,0.6751f,0.6896f,-0.2621f,-0.4599f,0.104f,-0.4407f,-0.8916f,0.6359f,0f,0f,0f,1f],start_interpolation: 0,interpolation_duration: 1}
$data merge entity $(bone_right_arm) {transformation: [-0.7303f,-0.3693f,-0.5747f,-0.2154f,0.6751f,-0.2621f,-0.6896f,-0.5768f,0.104f,-0.8916f,0.4407f,0.3148f,0f,0f,0f,1f],start_interpolation: 0,interpolation_duration: 1}
$data merge entity $(bone_magazine1) {transformation: [0f,0f,0f,-0.0538f,0f,0f,0f,-0.381f,0f,0f,0f,0.5639f,0f,0f,0f,1f],start_interpolation: 0,interpolation_duration: 1}
$data merge entity $(bone_left_arm) {transformation: [-0.3438f,0.6991f,0.6269f,0.2878f,-0.794f,-0.5729f,0.2035f,-0.5781f,0.5014f,-0.4278f,0.752f,0.4861f,0f,0f,0f,1f],start_interpolation: 0,interpolation_duration: 1}
execute on vehicle unless entity @s[tag=aj.transforms_only] positioned ^0.0704272518 ^-0.3606605738 ^0.7988012824 rotated ~337.5035372169 ~-15.1937953672 run function animated_java:glock/animations/equip/zzz/frames/8_locator_barrel1
data modify entity @s data merge value {"cameras":{},"locators":{"barrel1":{"px":0.07042725178349675,"py":-0.3606605737725852,"pz":0.798801282363458,"ry":337.5035372169267,"rx":-15.193795367169152}}}