# This file was generated by Animated Java via MC-Build. It is not recommended to edit this file directly.
$data merge entity $(bone_slide) {transformation: [-0.7052f,0.6041f,-0.3711f,0.0781f,0.7071f,0.6373f,-0.3063f,-0.3459f,0.0515f,-0.4784f,-0.8766f,0.631f,0f,0f,0f,1f],start_interpolation: 0,interpolation_duration: 1}
$data merge entity $(bone_barrel) {transformation: [-0.7052f,0.6041f,-0.3711f,0.1272f,0.7071f,0.6373f,-0.3063f,-0.4576f,0.0515f,-0.4784f,-0.8766f,0.7134f,0f,0f,0f,1f],start_interpolation: 0,interpolation_duration: 1}
$data merge entity $(bone_magazine) {transformation: [-0.7052f,0.6041f,-0.3711f,-0.0547f,0.7071f,0.6373f,-0.3063f,-0.474f,0.0515f,-0.4784f,-0.8766f,0.5715f,0f,0f,0f,1f],start_interpolation: 0,interpolation_duration: 1}
$data merge entity $(bone_grip) {transformation: [-0.7052f,0.6041f,-0.3711f,-0.0547f,0.7071f,0.6373f,-0.3063f,-0.474f,0.0515f,-0.4784f,-0.8766f,0.5715f,0f,0f,0f,1f],start_interpolation: 0,interpolation_duration: 1}
$data merge entity $(bone_trigger) {transformation: [-0.7052f,0.6041f,-0.3711f,-0.0407f,0.7071f,0.6373f,-0.3063f,-0.4619f,0.0515f,-0.4784f,-0.8766f,0.5963f,0f,0f,0f,1f],start_interpolation: 0,interpolation_duration: 1}
$data merge entity $(bone_trigger_gaurd) {transformation: [-0.7052f,0.6041f,-0.3711f,-0.0112f,0.7071f,0.6373f,-0.3063f,-0.4335f,0.0515f,-0.4784f,-0.8766f,0.6109f,0f,0f,0f,1f],start_interpolation: 0,interpolation_duration: 1}
$data merge entity $(bone_right_arm) {transformation: [-0.7052f,-0.3711f,-0.6041f,-0.2135f,0.7071f,-0.3063f,-0.6373f,-0.5637f,0.0515f,-0.8766f,0.4784f,0.2959f,0f,0f,0f,1f],start_interpolation: 0,interpolation_duration: 1}
$data merge entity $(bone_magazine1) {transformation: [0f,0f,0f,-0.0486f,0f,0f,0f,-0.3617f,0f,0f,0f,0.5305f,0f,0f,0f,1f],start_interpolation: 0,interpolation_duration: 1}
$data merge entity $(bone_left_arm) {transformation: [-0.3669f,0.6975f,0.6155f,0.2911f,-0.7589f,-0.6071f,0.2356f,-0.5682f,0.538f,-0.3807f,0.7521f,0.4708f,0f,0f,0f,1f],start_interpolation: 0,interpolation_duration: 1}
data modify entity @s data merge value {"cameras":{},"locators":{"barrel1":{"px":0.11084132708906064,"py":-0.2982518473020389,"pz":0.8500546465900182,"ry":337.05654940745956,"rx":-17.836380211325324},"ammo_display":{"px":0.07365951023478332,"py":-0.4863702451366968,"pz":0.6178217766264053,"ry":337.05654940745956,"rx":-17.836380211325324}}}