# This file was generated by Animated Java via MC-Build. It is not recommended to edit this file directly.
$data merge entity $(bone_slide) {transformation: [-0.738f,0.566f,-0.3674f,0.0692f,0.6639f,0.7066f,-0.245f,-0.3783f,0.1209f,-0.4247f,-0.8972f,0.6434f,0f,0f,0f,1f],start_interpolation: 0,interpolation_duration: 1}
$data merge entity $(bone_barrel) {transformation: [-0.738f,0.566f,-0.3674f,0.1248f,0.6639f,0.7066f,-0.245f,-0.4943f,0.1209f,-0.4247f,-0.8972f,0.7151f,0f,0f,0f,1f],start_interpolation: 0,interpolation_duration: 1}
$data merge entity $(bone_magazine) {transformation: [-0.738f,0.566f,-0.3674f,-0.0581f,0.6639f,0.7066f,-0.245f,-0.507f,0.1209f,-0.4247f,-0.8972f,0.5739f,0f,0f,0f,1f],start_interpolation: 0,interpolation_duration: 1}
$data merge entity $(bone_grip) {transformation: [-0.738f,0.566f,-0.3674f,-0.0581f,0.6639f,0.7066f,-0.245f,-0.507f,0.1209f,-0.4247f,-0.8972f,0.5739f,0f,0f,0f,1f],start_interpolation: 0,interpolation_duration: 1}
$data merge entity $(bone_trigger) {transformation: [-0.738f,0.566f,-0.3674f,-0.0443f,0.6639f,0.7066f,-0.245f,-0.4964f,0.1209f,-0.4247f,-0.8972f,0.5995f,0f,0f,0f,1f],start_interpolation: 0,interpolation_duration: 1}
$data merge entity $(bone_trigger_gaurd) {transformation: [-0.738f,0.566f,-0.3674f,-0.0161f,0.6639f,0.7066f,-0.245f,-0.4681f,0.1209f,-0.4247f,-0.8972f,0.6164f,0f,0f,0f,1f],start_interpolation: 0,interpolation_duration: 1}
$data merge entity $(bone_right_arm) {transformation: [-0.738f,-0.3674f,-0.566f,-0.2159f,0.6639f,-0.245f,-0.7066f,-0.5796f,0.1209f,-0.8972f,0.4247f,0.2927f,0f,0f,0f,1f],start_interpolation: 0,interpolation_duration: 1}
$data merge entity $(bone_magazine1) {transformation: [0f,0f,0f,-0.0563f,0f,0f,0f,-0.3879f,0f,0f,0f,0.5463f,0f,0f,0f,1f],start_interpolation: 0,interpolation_duration: 1}
$data merge entity $(bone_left_arm) {transformation: [-0.3338f,0.7052f,0.6255f,0.2875f,-0.8097f,-0.5543f,0.1927f,-0.5791f,0.4826f,-0.4422f,0.756f,0.4634f,0f,0f,0f,1f],start_interpolation: 0,interpolation_duration: 1}
data modify entity @s data merge value {"cameras":{},"locators":{"barrel1":{"px":0.06801134154105407,"py":-0.3717516457944401,"pz":0.7814734385627077,"ry":337.73314226888664,"rx":-14.180130904780107}}}