# This file was generated by Animated Java via MC-Build. It is not recommended to edit this file directly.
$data merge entity $(bone_muzzleflash) {transformation: [-0.999f,-0.0436f,0f,-0.1969f,-0.0436f,0.999f,0f,-0.3047f,0f,0f,0f,0.5094f,0f,0f,0f,1f],start_interpolation: 0,interpolation_duration: 1}
$data merge entity $(bone_slide) {transformation: [-0.9962f,0.0876f,-0.0009f,-0.1705f,0.0876f,0.9961f,-0.0061f,-0.2571f,0.0004f,-0.0061f,-1f,0.4959f,0f,0f,0f,1f],start_interpolation: 0,interpolation_duration: 1}
$data merge entity $(bone_barrel) {transformation: [-0.9962f,0.0876f,-0.0009f,-0.0686f,0.0876f,0.9961f,-0.0061f,-0.3473f,0.0004f,-0.0061f,-1f,0.4964f,0f,0f,0f,1f],start_interpolation: 0,interpolation_duration: 1}
$data merge entity $(bone_magazine) {transformation: [-0.9962f,0.0876f,-0.0009f,-0.1823f,0.0876f,0.9961f,-0.0061f,-0.3912f,0.0004f,-0.0061f,-1f,0.2998f,0f,0f,0f,1f],start_interpolation: 0,interpolation_duration: 1}
$data merge entity $(bone_grip) {transformation: [-0.9962f,0.0876f,-0.0009f,-0.1823f,0.0876f,0.9961f,-0.0061f,-0.3912f,0.0004f,-0.0061f,-1f,0.2998f,0f,0f,0f,1f],start_interpolation: 0,interpolation_duration: 1}
$data merge entity $(bone_trigger) {transformation: [-0.9962f,0.0876f,-0.0009f,-0.1819f,0.0876f,0.9961f,-0.0061f,-0.3867f,0.0004f,-0.0061f,-1f,0.3304f,0f,0f,0f,1f],start_interpolation: 0,interpolation_duration: 1}
$data merge entity $(bone_trigger_gaurd) {transformation: [-0.9962f,0.0876f,-0.0009f,-0.1794f,0.0876f,0.9961f,-0.0061f,-0.3577f,0.0004f,-0.0061f,-1f,0.3626f,0f,0f,0f,1f],start_interpolation: 0,interpolation_duration: 1}
$data merge entity $(bone_right_arm) {transformation: [-0.9962f,-0.0009f,-0.0876f,-0.2187f,0.0876f,-0.0061f,-0.9961f,-0.4113f,0.0004f,-1f,0.0061f,-0.0281f,0f,0f,0f,1f],start_interpolation: 0,interpolation_duration: 1}
$data merge entity $(bone_magazine1) {transformation: [0f,0f,0f,-0.239f,0f,0f,0f,-0.3256f,0f,0f,0f,0.3217f,0f,0f,0f,1f],start_interpolation: 0,interpolation_duration: 1}
$data merge entity $(bone_left_arm) {transformation: [-0.8344f,0.402f,0.377f,-0.0406f,-0.3969f,0.0361f,-0.9171f,-0.4176f,-0.3824f,-0.9149f,0.1294f,-0.0156f,0f,0f,0f,1f],start_interpolation: 0,interpolation_duration: 1}
data modify entity @s data merge value {"cameras":{},"locators":{"barrel1":{"px":-0.19689698424185154,"py":-0.3086614085403328,"pz":0.6587452124957757,"ry":359.946406688955,"rx":-0.34720714881170406}}}