# This file was generated by Animated Java via MC-Build. It is not recommended to edit this file directly.
$data merge entity $(bone_magazine) {transformation: [-0.0436f,0.9952f,-0.0871f,-0.17f,0.9528f,0.0152f,-0.3032f,-0.3035f,-0.3004f,-0.0962f,-0.9489f,0.262f,0f,0f,0f,1f],start_interpolation: 0,interpolation_duration: 2}
$data merge entity $(bone_chamber) {transformation: [-0.0436f,0.9952f,-0.0871f,-0.1148f,0.9528f,0.0152f,-0.3032f,-0.2461f,-0.3004f,-0.0962f,-0.9489f,0.4362f,0f,0f,0f,1f],start_interpolation: 0,interpolation_duration: 2}
$data merge entity $(bone_akm1) {transformation: [-0.0436f,0.9952f,-0.0871f,-0.1148f,0.9528f,0.0152f,-0.3032f,-0.2461f,-0.3004f,-0.0962f,-0.9489f,0.4362f,0f,0f,0f,1f],start_interpolation: 0,interpolation_duration: 2}
$data merge entity $(bone_right_arm) {transformation: [-0.0436f,-0.0871f,-0.9952f,-0.25f,0.9528f,-0.3032f,-0.0152f,-0.4156f,-0.3004f,-0.9489f,0.0962f,-0.1236f,0f,0f,0f,1f],start_interpolation: 0,interpolation_duration: 2}
$data merge entity $(bone_magazine2) {transformation: [0f,0f,0f,-0.0636f,0f,0f,0f,-0.1357f,0f,0f,0f,0.3003f,0f,0f,0f,1f],start_interpolation: 0,interpolation_duration: 2}
$data merge entity $(bone_forearm) {transformation: [-0.9914f,0.1305f,0f,0.0084f,-0.0392f,-0.2981f,-0.9537f,-0.2839f,-0.1245f,-0.9456f,0.3007f,0.0242f,0f,0f,0f,1f],start_interpolation: 0,interpolation_duration: 2}
$data merge entity $(bone_bicep) {transformation: [-0.9914f,0.1305f,0f,0.0677f,-0.0392f,-0.2981f,-0.9537f,-0.4047f,-0.1245f,-0.9456f,0.3007f,-0.3591f,0f,0f,0f,1f],start_interpolation: 0,interpolation_duration: 2}
execute on vehicle unless entity @s[tag=aj.transforms_only] positioned ^-0.035163931 ^-0.1002268897 ^0.8872466796 rotated ~354.7573625413 ~-17.6491377103 run function animated_java:akm/animations/equip/zzz/frames/0_locator_akm
data modify entity @s data merge value {"cameras":{},"locators":{"akm":{"px":-0.03516393100444745,"py":-0.10022688969404162,"pz":0.8872466795693035,"ry":354.7573625413199,"rx":-17.649137710349752}}}