# This file was generated by Animated Java via MC-Build. It is not recommended to edit this file directly.
$data merge entity $(bone_magazine) {transformation: [-0.0436f,0.9952f,-0.0871f,-0.1387f,0.9528f,0.0152f,-0.3032f,-0.8035f,-0.3004f,-0.0962f,-0.9489f,0.2308f,0f,0f,0f,1f],start_interpolation: 0,interpolation_duration: 1}
$data merge entity $(bone_chamber) {transformation: [-0.0436f,0.9952f,-0.0871f,-0.0835f,0.9528f,0.0152f,-0.3032f,-0.7461f,-0.3004f,-0.0962f,-0.9489f,0.4049f,0f,0f,0f,1f],start_interpolation: 0,interpolation_duration: 1}
$data merge entity $(bone_akm1) {transformation: [-0.0436f,0.9952f,-0.0871f,-0.0835f,0.9528f,0.0152f,-0.3032f,-0.7461f,-0.3004f,-0.0962f,-0.9489f,0.4049f,0f,0f,0f,1f],start_interpolation: 0,interpolation_duration: 1}
$data merge entity $(bone_right_arm) {transformation: [-0.0436f,-0.0871f,-0.9952f,-0.2187f,0.9528f,-0.3032f,-0.0152f,-0.9156f,-0.3004f,-0.9489f,0.0962f,-0.1548f,0f,0f,0f,1f],start_interpolation: 0,interpolation_duration: 1}
$data merge entity $(bone_left_arm) {transformation: [-0.9914f,0.1305f,0f,0.0469f,-0.0392f,-0.2981f,-0.9537f,-0.7931f,-0.1245f,-0.9456f,0.3007f,-0.0362f,0f,0f,0f,1f],start_interpolation: 0,interpolation_duration: 1}
execute on vehicle unless entity @s[tag=aj.transforms_only] positioned ^-0.003913931 ^-0.6002268897 ^0.8559966796 rotated ~354.7573625413 ~-17.6491377103 run function animated_java:akm/animations/equip/zzz/frames/0_locator_akm
data modify entity @s data merge value {"cameras":{},"locators":{"akm":{"px":-0.003913931004447452,"py":-0.6002268896940416,"pz":0.8559966795693035,"ry":354.7573625413199,"rx":-17.649137710349752}}}