# This file was generated by Animated Java via MC-Build. It is not recommended to edit this file directly.
$data merge entity $(bone_magazine) {transformation: [-0.0436f,0.9952f,-0.0871f,-0.0762f,0.9528f,0.0152f,-0.3032f,-0.6785f,-0.3004f,-0.0962f,-0.9489f,0.6995f,0f,0f,0f,1f],start_interpolation: 0,interpolation_duration: 2}
$data merge entity $(bone_chamber) {transformation: [-0.0436f,0.9952f,-0.0871f,-0.021f,0.9528f,0.0152f,-0.3032f,-0.6211f,-0.3004f,-0.0962f,-0.9489f,0.8737f,0f,0f,0f,1f],start_interpolation: 0,interpolation_duration: 2}
$data merge entity $(bone_akm1) {transformation: [-0.0436f,0.9952f,-0.0871f,-0.021f,0.9528f,0.0152f,-0.3032f,-0.6211f,-0.3004f,-0.0962f,-0.9489f,0.8737f,0f,0f,0f,1f],start_interpolation: 0,interpolation_duration: 2}
$data merge entity $(bone_right_arm) {transformation: [-0.0436f,-0.0871f,-0.9952f,-0.1563f,0.9528f,-0.3032f,-0.0152f,-0.7906f,-0.3004f,-0.9489f,0.0962f,0.3139f,0f,0f,0f,1f],start_interpolation: 0,interpolation_duration: 2}
$data merge entity $(bone_magazine2) {transformation: [0f,0f,0f,0.0301f,0f,0f,0f,-0.5107f,0f,0f,0f,0.7378f,0f,0f,0f,1f],start_interpolation: 0,interpolation_duration: 2}
$data merge entity $(bone_forearm) {transformation: [-0.9914f,0.1305f,0f,0.1022f,-0.0392f,-0.2981f,-0.9537f,-0.6589f,-0.1245f,-0.9456f,0.3007f,0.4617f,0f,0f,0f,1f],start_interpolation: 0,interpolation_duration: 2}
$data merge entity $(bone_bicep) {transformation: [-0.9914f,0.1305f,0f,0.1614f,-0.0392f,-0.2981f,-0.9537f,-0.7797f,-0.1245f,-0.9456f,0.3007f,0.0784f,0f,0f,0f,1f],start_interpolation: 0,interpolation_duration: 2}
$execute on vehicle unless entity @s[tag=aj.transforms_only] as $(locator_akm) positioned ^0.058586069 ^-0.4752268897 ^1.3247466796 rotated ~354.7573625413 ~-17.6491377103 run function animated_java:akm/animations/equip/zzz/frames/0_locator_akm
data modify entity @s data merge value {"cameras":{},"locators":{"akm":{"px":0.05858606899555249,"py":-0.4752268896940416,"pz":1.3247466795693035,"ry":354.7573625413199,"rx":-17.649137710349752}}}
execute on vehicle unless entity @s[tag=aj.transforms_only] at @s run function animated_java:akm/animations/equip/zzz/frames/0_root_function