# This file was generated by Animated Java via MC-Build. It is not recommended to edit this file directly.
$data merge entity $(bone_magazine) {transformation: [-0.0436f,0.9952f,-0.0871f,-0.1387f,0.9518f,0.0149f,-0.3064f,-0.7008f,-0.3036f,-0.0962f,-0.9479f,0.2304f,0f,0f,0f,1f],start_interpolation: 0,interpolation_duration: 1}
$data merge entity $(bone_chamber) {transformation: [-0.0436f,0.9952f,-0.0871f,-0.0853f,0.9518f,0.0149f,-0.3064f,-0.649f,-0.3036f,-0.0962f,-0.9479f,0.3851f,0f,0f,0f,1f],start_interpolation: 0,interpolation_duration: 1}
$data merge entity $(bone_akm1) {transformation: [-0.0436f,0.9952f,-0.0871f,-0.0835f,0.9518f,0.0149f,-0.3064f,-0.6428f,-0.3036f,-0.0962f,-0.9479f,0.4044f,0f,0f,0f,1f],start_interpolation: 0,interpolation_duration: 1}
$data merge entity $(bone_right_arm) {transformation: [-0.0436f,-0.0871f,-0.9952f,-0.2187f,0.9518f,-0.3064f,-0.0149f,-0.8142f,-0.3036f,-0.9479f,0.0962f,-0.1548f,0f,0f,0f,1f],start_interpolation: 0,interpolation_duration: 1}
$data merge entity $(bone_left_arm) {transformation: [-0.9739f,0.2271f,0f,0.0766f,-0.069f,-0.296f,-0.9527f,-0.6921f,-0.2163f,-0.9278f,0.3039f,-0.0445f,0f,0f,0f,1f],start_interpolation: 0,interpolation_duration: 1}
data modify entity @s data merge value {"cameras":{},"locators":{"akm":{"px":-0.003913931004447452,"py":-0.49537349999937264,"pz":0.8549640191205714,"ry":354.75173645960695,"rx":-17.84064005631552}}}