# This file was generated by Animated Java via MC-Build. It is not recommended to edit this file directly.
$data merge entity $(bone_magazine) {transformation: [-0.9861f,0.0792f,-0.146f,-0.2487f,-0.0086f,0.8533f,0.5214f,-0.6269f,0.1659f,0.5154f,-0.8407f,0.4339f,0f,0f,0f,1f],start_interpolation: 0,interpolation_duration: 1}
$data merge entity $(bone_chamber) {transformation: [-0.9861f,0.0792f,-0.146f,-0.2182f,-0.0086f,0.8533f,0.5214f,-0.6913f,0.1659f,0.5154f,-0.8407f,0.6116f,0f,0f,0f,1f],start_interpolation: 0,interpolation_duration: 1}
$data merge entity $(bone_akm1) {transformation: [-0.9861f,0.0792f,-0.146f,-0.2182f,-0.0086f,0.8533f,0.5214f,-0.6913f,0.1659f,0.5154f,-0.8407f,0.6116f,0f,0f,0f,1f],start_interpolation: 0,interpolation_duration: 1}
$data merge entity $(bone_magazine2) {transformation: [0f,0f,0f,-0.2565f,0f,0f,0f,-0.5831f,0f,0f,0f,0.3899f,0f,0f,0f,1f],start_interpolation: 0,interpolation_duration: 1}
$data merge entity $(bone_right_arm) {transformation: [-0.9861f,-0.146f,-0.0792f,-0.3239f,-0.0086f,0.5214f,-0.8533f,-0.4526f,0.1659f,-0.8407f,-0.5154f,0.0711f,0f,0f,0f,1f],start_interpolation: 0,interpolation_duration: 1}
$data merge entity $(bone_forearm) {transformation: [-0.183f,0.5359f,-0.8242f,-0.1062f,0.8577f,0.4967f,0.1325f,-0.8448f,0.4804f,-0.6827f,-0.5505f,0.3117f,0f,0f,0f,1f],start_interpolation: 0,interpolation_duration: 1}
$data merge entity $(bone_magazine1) {transformation: [0f,0f,0f,-0.3358f,0f,0f,0f,-1.1962f,0f,0f,0f,0.7222f,0f,0f,0f,1f],start_interpolation: 0,interpolation_duration: 1}
$data merge entity $(bone_chamber1) {transformation: [0f,0f,0f,-0.3358f,0f,0f,0f,-1.1962f,0f,0f,0f,0.7222f,0f,0f,0f,1f],start_interpolation: 0,interpolation_duration: 1}
$data merge entity $(bone_akm3) {transformation: [0f,0f,0f,-0.3358f,0f,0f,0f,-1.1962f,0f,0f,0f,0.7222f,0f,0f,0f,1f],start_interpolation: 0,interpolation_duration: 1}
data modify entity @s data merge value {"cameras":{},"locators":{"akm":{"px":-0.1452578077820928,"py":-0.908640124370371,"pz":1.0341449993257823,"ry":350.1511710116691,"rx":31.42525376793217},"akm2":{"px":-0.3357662756326641,"py":-1.196233438666225,"pz":0.7221742870544866,"ry":41.050855478962404,"rx":43.591510564646036}}}