# This file was generated by Animated Java via MC-Build. It is not recommended to edit this file directly.
$data merge entity $(bone_magazine) {transformation: [-0.9861f,0.0792f,-0.146f,-0.2174f,-0.0086f,0.8533f,0.5214f,-0.6269f,0.1659f,0.5154f,-0.8407f,0.6839f,0f,0f,0f,1f],start_interpolation: 0,interpolation_duration: 2}
$data merge entity $(bone_chamber) {transformation: [-0.9861f,0.0792f,-0.146f,-0.187f,-0.0086f,0.8533f,0.5214f,-0.6913f,0.1659f,0.5154f,-0.8407f,0.8616f,0f,0f,0f,1f],start_interpolation: 0,interpolation_duration: 2}
$data merge entity $(bone_akm1) {transformation: [-0.9861f,0.0792f,-0.146f,-0.187f,-0.0086f,0.8533f,0.5214f,-0.6913f,0.1659f,0.5154f,-0.8407f,0.8616f,0f,0f,0f,1f],start_interpolation: 0,interpolation_duration: 2}
$data merge entity $(bone_right_arm) {transformation: [-0.9861f,-0.146f,-0.0792f,-0.2926f,-0.0086f,0.5214f,-0.8533f,-0.4526f,0.1659f,-0.8407f,-0.5154f,0.3211f,0f,0f,0f,1f],start_interpolation: 0,interpolation_duration: 2}
$data merge entity $(bone_magazine2) {transformation: [0f,0f,0f,-0.2012f,0f,0f,0f,-0.982f,0f,0f,0f,0.8236f,0f,0f,0f,1f],start_interpolation: 0,interpolation_duration: 2}
$data merge entity $(bone_forearm) {transformation: [-0.183f,0.5359f,-0.8242f,-0.0749f,0.8577f,0.4967f,0.1325f,-0.8448f,0.4804f,-0.6827f,-0.5505f,0.5617f,0f,0f,0f,1f],start_interpolation: 0,interpolation_duration: 2}
data modify entity @s data merge value {"cameras":{},"locators":{"akm":{"px":-0.11400780778209278,"py":-0.908640124370371,"pz":1.2841449993257823,"ry":350.1511710116691,"rx":31.42525376793217}}}