# This file was generated by Animated Java via MC-Build. It is not recommended to edit this file directly.
$data merge entity $(bone_magazine) {transformation: [-0.9953f,0.0664f,-0.0709f,-0.1697f,0.0706f,0.9958f,-0.0582f,-0.5519f,0.0668f,-0.0629f,-0.9958f,0.7159f,0f,0f,0f,1f],start_interpolation: 0,interpolation_duration: 2}
$data merge entity $(bone_chamber) {transformation: [-0.9953f,0.0664f,-0.0709f,-0.1538f,0.0706f,0.9958f,-0.0582f,-0.5021f,0.0668f,-0.0629f,-0.9958f,0.9001f,0f,0f,0f,1f],start_interpolation: 0,interpolation_duration: 2}
$data merge entity $(bone_akm1) {transformation: [-0.9953f,0.0664f,-0.0709f,-0.1538f,0.0706f,0.9958f,-0.0582f,-0.5021f,0.0668f,-0.0629f,-0.9958f,0.9001f,0f,0f,0f,1f],start_interpolation: 0,interpolation_duration: 2}
$data merge entity $(bone_right_arm) {transformation: [-0.9953f,-0.0709f,-0.0664f,-0.2139f,0.0706f,-0.0582f,-0.9958f,-0.6188f,0.0668f,-0.9958f,0.0629f,0.3143f,0f,0f,0f,1f],start_interpolation: 0,interpolation_duration: 2}
$data merge entity $(bone_magazine2) {transformation: [0f,0f,0f,-0.1089f,0f,0f,0f,-0.5549f,0f,0f,0f,1.0881f,0f,0f,0f,1f],start_interpolation: 0,interpolation_duration: 2}
$data merge entity $(bone_forearm) {transformation: [-0.4377f,0.4314f,-0.7889f,-0.0055f,0.8914f,0.0937f,-0.4433f,-0.5791f,-0.1173f,-0.8973f,-0.4256f,0.7846f,0f,0f,0f,1f],start_interpolation: 0,interpolation_duration: 2}
$data merge entity $(bone_bicep) {transformation: [-0.4377f,0.4314f,-0.7889f,0.1725f,0.8914f,0.0937f,-0.4433f,-0.5466f,-0.1173f,-0.8973f,-0.4256f,0.4208f,0f,0f,0f,1f],start_interpolation: 0,interpolation_duration: 2}
data modify entity @s data merge value {"cameras":{},"locators":{"akm":{"px":-0.1172967592998494,"py":-0.43629555348192717,"pz":1.3748804407524444,"ry":355.92577232111387,"rx":-3.3357680876262212}}}