# This file was generated by Animated Java via MC-Build. It is not recommended to edit this file directly.
$data merge entity $(bone_magazine) {transformation: [-0.9924f,-0.0831f,-0.0908f,-0.2519f,-0.1104f,0.9274f,0.3574f,-0.5137f,0.0545f,0.3647f,-0.9295f,0.2096f,0f,0f,0f,1f],start_interpolation: 0,interpolation_duration: 2}
$data merge entity $(bone_chamber) {transformation: [-0.9924f,-0.0831f,-0.0908f,-0.2381f,-0.1104f,0.9274f,0.3574f,-0.5445f,0.0545f,0.3647f,-0.9295f,0.3981f,0f,0f,0f,1f],start_interpolation: 0,interpolation_duration: 2}
$data merge entity $(bone_akm1) {transformation: [-0.9924f,-0.0831f,-0.0908f,-0.2381f,-0.1104f,0.9274f,0.3574f,-0.5445f,0.0545f,0.3647f,-0.9295f,0.3981f,0f,0f,0f,1f],start_interpolation: 0,interpolation_duration: 2}
$data merge entity $(bone_magazine2) {transformation: [0f,0f,0f,-0.2586f,0f,0f,0f,-0.4789f,0f,0f,0f,0.1581f,0f,0f,0f,1f],start_interpolation: 0,interpolation_duration: 2}
$data merge entity $(bone_right_arm) {transformation: [-0.9924f,-0.0908f,0.0831f,-0.2975f,-0.1104f,0.3574f,-0.9274f,-0.4107f,0.0545f,-0.9295f,-0.3647f,-0.184f,0f,0f,0f,1f],start_interpolation: 0,interpolation_duration: 2}
$data merge entity $(bone_forearm) {transformation: [-0.1611f,0.5429f,-0.8242f,-0.0747f,0.9517f,0.3067f,0.016f,-0.7618f,0.2615f,-0.7818f,-0.566f,0.1461f,0f,0f,0f,1f],start_interpolation: 0,interpolation_duration: 2}
$data merge entity $(bone_magazine1) {transformation: [-0.3073f,0.8242f,0.4757f,-0.2524f,0.827f,-0.016f,0.562f,-0.9052f,0.4708f,0.566f,-0.6767f,0.4789f,0f,0f,0f,1f],start_interpolation: 0,interpolation_duration: 2}
$data merge entity $(bone_chamber1) {transformation: [-0.3073f,0.8242f,0.4757f,-0.3094f,0.827f,-0.016f,0.562f,-1.0112f,0.4708f,0.566f,-0.6767f,0.6279f,0f,0f,0f,1f],start_interpolation: 0,interpolation_duration: 2}
$data merge entity $(bone_akm3) {transformation: [-0.3073f,0.8242f,0.4757f,-0.3094f,0.827f,-0.016f,0.562f,-1.0112f,0.4708f,0.566f,-0.6767f,0.6279f,0f,0f,0f,1f],start_interpolation: 0,interpolation_duration: 2}
data modify entity @s data merge value {"cameras":{},"locators":{"akm":{"px":-0.1977436903635147,"py":-0.6804487516127865,"pz":0.8574405670675698,"ry":354.42172281021413,"rx":20.942114943448647},"akm2":{"px":-0.505926452170478,"py":-1.2811420154459858,"pz":0.9737420634757307,"ry":35.10259345770166,"rx":34.19200479619704}}}