# This file was generated by Animated Java via MC-Build. It is not recommended to edit this file directly.
$data merge entity $(bone_magazine) {transformation: [-0.9778f,-0.1954f,-0.0751f,-0.2404f,-0.2088f,0.9367f,0.2811f,-0.5686f,0.0154f,0.2905f,-0.9567f,0.3437f,0f,0f,0f,1f],start_interpolation: 0,interpolation_duration: 1}
$data merge entity $(bone_chamber) {transformation: [-0.9778f,-0.1954f,-0.0751f,-0.234f,-0.2088f,0.9367f,0.2811f,-0.5847f,0.0154f,0.2905f,-0.9567f,0.5345f,0f,0f,0f,1f],start_interpolation: 0,interpolation_duration: 1}
$data merge entity $(bone_akm1) {transformation: [-0.9778f,-0.1954f,-0.0751f,-0.234f,-0.2088f,0.9367f,0.2811f,-0.5847f,0.0154f,0.2905f,-0.9567f,0.5345f,0f,0f,0f,1f],start_interpolation: 0,interpolation_duration: 1}
$data merge entity $(bone_magazine2) {transformation: [0f,0f,0f,-0.2478f,0f,0f,0f,-0.5383f,0f,0f,0f,0.2895f,0f,0f,0f,1f],start_interpolation: 0,interpolation_duration: 1}
$data merge entity $(bone_right_arm) {transformation: [-0.9778f,-0.0751f,0.1954f,-0.2746f,-0.2088f,0.2811f,-0.9367f,-0.4983f,0.0154f,-0.9567f,-0.2905f,-0.0582f,0f,0f,0f,1f],start_interpolation: 0,interpolation_duration: 1}
$data merge entity $(bone_forearm) {transformation: [-0.1388f,0.549f,-0.8242f,-0.0467f,0.9896f,0.1082f,-0.0946f,-0.792f,0.0373f,-0.8288f,-0.5583f,0.3479f,0f,0f,0f,1f],start_interpolation: 0,interpolation_duration: 1}
$data merge entity $(bone_magazine1) {transformation: [0f,0f,0f,-0.2865f,0f,0f,0f,-0.9317f,0f,0f,0f,0.8747f,0f,0f,0f,1f],start_interpolation: 0,interpolation_duration: 1}
$data merge entity $(bone_chamber1) {transformation: [0f,0f,0f,-0.2865f,0f,0f,0f,-0.9317f,0f,0f,0f,0.8747f,0f,0f,0f,1f],start_interpolation: 0,interpolation_duration: 1}
$data merge entity $(bone_akm3) {transformation: [0f,0f,0f,-0.2865f,0f,0f,0f,-0.9317f,0f,0f,0f,0.8747f,0f,0f,0f,1f],start_interpolation: 0,interpolation_duration: 1}
data modify entity @s data merge value {"cameras":{},"locators":{"akm":{"px":-0.205434785783789,"py":-0.6837094019544744,"pz":1.0039988536306117,"ry":355.509838303454,"rx":16.323242461827345},"akm2":{"px":-0.28646044725629727,"py":-0.9316731117949245,"pz":0.8747109429243856,"ry":31.596675353291317,"rx":24.791267327748884}}}