# This file was generated by Animated Java via MC-Build. It is not recommended to edit this file directly.
$data merge entity $(bone_magazine) {transformation: [-0.9845f,-0.1478f,-0.0947f,-0.1893f,-0.1681f,0.9493f,0.2656f,-0.4816f,0.0507f,0.2774f,-0.9594f,0.3799f,0f,0f,0f,1f],start_interpolation: 0,interpolation_duration: 2}
$data merge entity $(bone_chamber) {transformation: [-0.9845f,-0.1478f,-0.0947f,-0.1773f,-0.1681f,0.9493f,0.2656f,-0.4943f,0.0507f,0.2774f,-0.9594f,0.5706f,0f,0f,0f,1f],start_interpolation: 0,interpolation_duration: 2}
$data merge entity $(bone_akm1) {transformation: [-0.9845f,-0.1478f,-0.0947f,-0.1773f,-0.1681f,0.9493f,0.2656f,-0.4943f,0.0507f,0.2774f,-0.9594f,0.5706f,0f,0f,0f,1f],start_interpolation: 0,interpolation_duration: 2}
$data merge entity $(bone_right_arm) {transformation: [-0.9845f,-0.0947f,0.1478f,-0.2336f,-0.1681f,0.2656f,-0.9493f,-0.4176f,0.0507f,-0.9594f,-0.2774f,-0.0221f,0f,0f,0f,1f],start_interpolation: 0,interpolation_duration: 2}
$data merge entity $(bone_magazine2) {transformation: [0f,0f,0f,-0.1328f,0f,0f,0f,-0.6437f,0f,0f,0f,0.7072f,0f,0f,0f,1f],start_interpolation: 0,interpolation_duration: 2}
$data merge entity $(bone_forearm) {transformation: [-0.1276f,0.5517f,-0.8242f,-0.0033f,0.9894f,0.0122f,-0.145f,-0.6792f,-0.0699f,-0.834f,-0.5474f,0.4151f,0f,0f,0f,1f],start_interpolation: 0,interpolation_duration: 2}
data modify entity @s data merge value {"cameras":{},"locators":{"akm":{"px":-0.1375614139751474,"py":-0.585427053727175,"pz":1.0409401832735883,"ry":354.35987991562075,"rx":15.40403935313521}}}