# This file was generated by Animated Java via MC-Build. It is not recommended to edit this file directly.
$data merge entity $(bone_magazine) {transformation: [-0.9845f,-0.1478f,-0.0947f,-0.1893f,-0.1681f,0.9493f,0.2656f,-0.5753f,0.0507f,0.2774f,-0.9594f,0.5674f,0f,0f,0f,1f],start_interpolation: 0,interpolation_duration: 2}
$data merge entity $(bone_chamber) {transformation: [-0.9845f,-0.1478f,-0.0947f,-0.1773f,-0.1681f,0.9493f,0.2656f,-0.588f,0.0507f,0.2774f,-0.9594f,0.7581f,0f,0f,0f,1f],start_interpolation: 0,interpolation_duration: 2}
$data merge entity $(bone_akm1) {transformation: [-0.9845f,-0.1478f,-0.0947f,-0.1773f,-0.1681f,0.9493f,0.2656f,-0.588f,0.0507f,0.2774f,-0.9594f,0.7581f,0f,0f,0f,1f],start_interpolation: 0,interpolation_duration: 2}
$data merge entity $(bone_right_arm) {transformation: [-0.9845f,-0.0947f,0.1478f,-0.2336f,-0.1681f,0.2656f,-0.9493f,-0.5114f,0.0507f,-0.9594f,-0.2774f,0.1654f,0f,0f,0f,1f],start_interpolation: 0,interpolation_duration: 2}
$data merge entity $(bone_magazine2) {transformation: [0f,0f,0f,-0.1328f,0f,0f,0f,-0.7375f,0f,0f,0f,0.8947f,0f,0f,0f,1f],start_interpolation: 0,interpolation_duration: 2}
$data merge entity $(bone_forearm) {transformation: [-0.1276f,0.5517f,-0.8242f,-0.0033f,0.9894f,0.0122f,-0.145f,-0.773f,-0.0699f,-0.834f,-0.5474f,0.6026f,0f,0f,0f,1f],start_interpolation: 0,interpolation_duration: 2}
data modify entity @s data merge value {"cameras":{},"locators":{"akm":{"px":-0.13756141397514737,"py":-0.679177053727175,"pz":1.228440183273588,"ry":354.35987991562075,"rx":15.40403935313521}}}