# This file was generated by Animated Java via MC-Build. It is not recommended to edit this file directly.
$data merge entity $(bone_magazine) {transformation: [-0.9905f,-0.0851f,-0.1076f,-0.2043f,-0.1098f,0.962f,0.2499f,-0.5816f,0.0822f,0.2594f,-0.9623f,0.2012f,0f,0f,0f,1f],start_interpolation: 0,interpolation_duration: 2}
$data merge entity $(bone_chamber) {transformation: [-0.9905f,-0.0851f,-0.1076f,-0.1874f,-0.1098f,0.962f,0.2499f,-0.5909f,0.0822f,0.2594f,-0.9623f,0.3918f,0f,0f,0f,1f],start_interpolation: 0,interpolation_duration: 2}
$data merge entity $(bone_akm1) {transformation: [-0.9905f,-0.0851f,-0.1076f,-0.1874f,-0.1098f,0.962f,0.2499f,-0.5909f,0.0822f,0.2594f,-0.9623f,0.3918f,0f,0f,0f,1f],start_interpolation: 0,interpolation_duration: 2}
$data merge entity $(bone_magazine2) {transformation: [0f,0f,0f,-0.212f,0f,0f,0f,-0.5529f,0f,0f,0f,0.1462f,0f,0f,0f,1f],start_interpolation: 0,interpolation_duration: 2}
$data merge entity $(bone_right_arm) {transformation: [-0.9905f,-0.1076f,0.0851f,-0.2566f,-0.1098f,0.2499f,-0.962f,-0.5239f,0.0822f,-0.9623f,-0.2594f,-0.2007f,0f,0f,0f,1f],start_interpolation: 0,interpolation_duration: 2}
$data merge entity $(bone_forearm) {transformation: [-0.1164f,0.5542f,-0.8242f,-0.0237f,0.9784f,-0.0787f,-0.191f,-0.753f,-0.1707f,-0.8287f,-0.5331f,0.2624f,0f,0f,0f,1f],start_interpolation: 0,interpolation_duration: 2}
$data merge entity $(bone_magazine1) {transformation: [0f,0f,0f,-0.2685f,0f,0f,0f,-0.7862f,0f,0f,0f,0.8091f,0f,0f,0f,1f],start_interpolation: 0,interpolation_duration: 2}
$data merge entity $(bone_chamber1) {transformation: [0f,0f,0f,-0.2685f,0f,0f,0f,-0.7862f,0f,0f,0f,0.8091f,0f,0f,0f,1f],start_interpolation: 0,interpolation_duration: 2}
$data merge entity $(bone_akm3) {transformation: [0f,0f,0f,-0.2685f,0f,0f,0f,-0.7862f,0f,0f,0f,0.8091f,0f,0f,0f,1f],start_interpolation: 0,interpolation_duration: 2}
data modify entity @s data merge value {"cameras":{},"locators":{"akm":{"px":-0.1391092547031183,"py":-0.6740342680741491,"pz":0.8627672892359846,"ry":353.62191293729177,"rx":14.473704882286482},"akm2":{"px":-0.26850488844478915,"py":-0.7862437348925493,"pz":0.8090777094520775,"ry":29.67329029268464,"rx":16.094259586946784}}}