# This file was generated by Animated Java via MC-Build. It is not recommended to edit this file directly.
$data merge entity $(bone_magazine) {transformation: [-0.9905f,-0.0851f,-0.1076f,-0.2043f,-0.1098f,0.962f,0.2499f,-0.5191f,0.0822f,0.2594f,-0.9623f,0.1075f,0f,0f,0f,1f],start_interpolation: 0,interpolation_duration: 2}
$data merge entity $(bone_chamber) {transformation: [-0.9905f,-0.0851f,-0.1076f,-0.1874f,-0.1098f,0.962f,0.2499f,-0.5284f,0.0822f,0.2594f,-0.9623f,0.298f,0f,0f,0f,1f],start_interpolation: 0,interpolation_duration: 2}
$data merge entity $(bone_akm1) {transformation: [-0.9905f,-0.0851f,-0.1076f,-0.1874f,-0.1098f,0.962f,0.2499f,-0.5284f,0.0822f,0.2594f,-0.9623f,0.298f,0f,0f,0f,1f],start_interpolation: 0,interpolation_duration: 2}
$data merge entity $(bone_right_arm) {transformation: [-0.9905f,-0.1076f,0.0851f,-0.2566f,-0.1098f,0.2499f,-0.962f,-0.4614f,0.0822f,-0.9623f,-0.2594f,-0.2945f,0f,0f,0f,1f],start_interpolation: 0,interpolation_duration: 2}
$data merge entity $(bone_magazine2) {transformation: [0f,0f,0f,-0.1537f,0f,0f,0f,-0.624f,0f,0f,0f,0.4551f,0f,0f,0f,1f],start_interpolation: 0,interpolation_duration: 2}
$data merge entity $(bone_forearm) {transformation: [-0.1164f,0.5542f,-0.8242f,-0.0237f,0.9784f,-0.0787f,-0.191f,-0.6905f,-0.1707f,-0.8287f,-0.5331f,0.1687f,0f,0f,0f,1f],start_interpolation: 0,interpolation_duration: 2}
data modify entity @s data merge value {"cameras":{},"locators":{"akm":{"px":-0.1391092547031183,"py":-0.6115342680741491,"pz":0.7690172892359846,"ry":353.62191293729177,"rx":14.473704882286482}}}