# This file was generated by Animated Java via MC-Build. It is not recommended to edit this file directly.
$data merge entity $(bone_magazine) {transformation: [-0.9905f,-0.0851f,-0.1076f,-0.173f,-0.1098f,0.962f,0.2499f,-0.4879f,0.0822f,0.2594f,-0.9623f,0.3575f,0f,0f,0f,1f],start_interpolation: 0,interpolation_duration: 2}
$data merge entity $(bone_chamber) {transformation: [-0.9905f,-0.0851f,-0.1076f,-0.1562f,-0.1098f,0.962f,0.2499f,-0.4972f,0.0822f,0.2594f,-0.9623f,0.548f,0f,0f,0f,1f],start_interpolation: 0,interpolation_duration: 2}
$data merge entity $(bone_akm1) {transformation: [-0.9905f,-0.0851f,-0.1076f,-0.1562f,-0.1098f,0.962f,0.2499f,-0.4972f,0.0822f,0.2594f,-0.9623f,0.548f,0f,0f,0f,1f],start_interpolation: 0,interpolation_duration: 2}
$data merge entity $(bone_right_arm) {transformation: [-0.9905f,-0.1076f,0.0851f,-0.2254f,-0.1098f,0.2499f,-0.962f,-0.4301f,0.0822f,-0.9623f,-0.2594f,-0.0445f,0f,0f,0f,1f],start_interpolation: 0,interpolation_duration: 2}
$data merge entity $(bone_magazine2) {transformation: [0f,0f,0f,-0.1224f,0f,0f,0f,-0.5928f,0f,0f,0f,0.7051f,0f,0f,0f,1f],start_interpolation: 0,interpolation_duration: 2}
$data merge entity $(bone_forearm) {transformation: [-0.1164f,0.5542f,-0.8242f,0.0075f,0.9784f,-0.0787f,-0.191f,-0.6593f,-0.1707f,-0.8287f,-0.5331f,0.4187f,0f,0f,0f,1f],start_interpolation: 0,interpolation_duration: 2}
data modify entity @s data merge value {"cameras":{},"locators":{"akm":{"px":-0.1078592547031183,"py":-0.5802842680741491,"pz":1.0190172892359846,"ry":353.62191293729177,"rx":14.473704882286482}}}