# This file was generated by Animated Java via MC-Build. It is not recommended to edit this file directly.
$data merge entity $(bone_magazine) {transformation: [-0.9268f,0.0346f,-0.3739f,0.0215f,0.0697f,0.9943f,-0.0809f,-0.424f,0.369f,-0.101f,-0.9239f,0.4168f,0f,0f,0f,1f],start_interpolation: 0,interpolation_duration: 2}
$data merge entity $(bone_chamber) {transformation: [-0.9268f,0.0346f,-0.3739f,0.093f,0.0697f,0.9943f,-0.0809f,-0.37f,0.369f,-0.101f,-0.9239f,0.5861f,0f,0f,0f,1f],start_interpolation: 0,interpolation_duration: 2}
$data merge entity $(bone_akm1) {transformation: [-0.9268f,0.0346f,-0.3739f,0.093f,0.0697f,0.9943f,-0.0809f,-0.37f,0.369f,-0.101f,-0.9239f,0.5861f,0f,0f,0f,1f],start_interpolation: 0,interpolation_duration: 2}
$data merge entity $(bone_right_arm) {transformation: [-0.9268f,-0.3739f,-0.0346f,-0.1437f,0.0697f,-0.0809f,-0.9943f,-0.5f,0.369f,-0.9239f,0.101f,0.05f,0f,0f,0f,1f],start_interpolation: 0,interpolation_duration: 2}
$data merge entity $(bone_magazine2) {transformation: [0f,0f,0f,0.0905f,0f,0f,0f,-1.1019f,0f,0f,0f,0.4003f,0f,0f,0f,1f],start_interpolation: 0,interpolation_duration: 2}
$data merge entity $(bone_forearm) {transformation: [-0.002f,-0.1034f,-0.9946f,0f,0.0005f,0.9946f,-0.1034f,-0.795f,1f,-0.0007f,-0.0019f,0.3687f,0f,0f,0f,1f],start_interpolation: 0,interpolation_duration: 2}
data modify entity @s data merge value {"cameras":{},"locators":{"akm":{"px":0.2734479996129848,"py":-0.2933676394377981,"pz":1.0249926309825264,"ry":337.966684941823,"rx":-4.638004953687045}}}