# This file was generated by Animated Java via MC-Build. It is not recommended to edit this file directly.
$data merge entity $(bone_magazine) {transformation: [-0.0436f,0.9952f,-0.0871f,-0.0859f,0.9508f,0.0146f,-0.3096f,-0.6473f,-0.3068f,-0.0963f,-0.9469f,0.6988f,0f,0f,0f,1f],start_interpolation: 0,interpolation_duration: 2}
$data merge entity $(bone_chamber) {transformation: [-0.0436f,0.9952f,-0.0871f,-0.0342f,0.9508f,0.0146f,-0.3096f,-0.6013f,-0.3068f,-0.0963f,-0.9469f,0.8341f,0f,0f,0f,1f],start_interpolation: 0,interpolation_duration: 2}
$data merge entity $(bone_akm1) {transformation: [-0.0436f,0.9952f,-0.0871f,-0.0307f,0.9508f,0.0146f,-0.3096f,-0.5887f,-0.3068f,-0.0963f,-0.9469f,0.8726f,0f,0f,0f,1f],start_interpolation: 0,interpolation_duration: 2}
$data merge entity $(bone_right_arm) {transformation: [-0.0436f,-0.0871f,-0.9952f,-0.1659f,0.9508f,-0.3096f,-0.0146f,-0.762f,-0.3068f,-0.9469f,0.0963f,0.314f,0f,0f,0f,1f],start_interpolation: 0,interpolation_duration: 2}
$data merge entity $(bone_magazine2) {transformation: [0f,0f,0f,0.0154f,0f,0f,0f,-0.4878f,0f,0f,0f,0.6993f,0f,0f,0f,1f],start_interpolation: 0,interpolation_duration: 2}
$data merge entity $(bone_forearm) {transformation: [-0.9469f,0.3214f,0f,0.1461f,-0.0987f,-0.2908f,-0.9517f,-0.6317f,-0.3059f,-0.9012f,0.3071f,0.4432f,0f,0f,0f,1f],start_interpolation: 0,interpolation_duration: 2}
$data merge entity $(bone_bicep) {transformation: [-0.9469f,0.3214f,0f,0.2826f,-0.0987f,-0.2908f,-0.9517f,-0.7492f,-0.3059f,-0.9012f,0.3071f,0.079f,0f,0f,0f,1f],start_interpolation: 0,interpolation_duration: 2}
data modify entity @s data merge value {"cameras":{},"locators":{"akm":{"px":0.048970684380167856,"py":-0.43980244101269705,"pz":1.3226703189591635,"ry":354.7460394032209,"rx":-18.032140664098115}}}