# This file was generated by Animated Java via MC-Build. It is not recommended to edit this file directly.
$data merge entity $(bone_magazine) {transformation: [-0.1315f,0.7935f,-0.5943f,-0.1441f,0.0082f,0.6003f,0.7997f,-0.7107f,0.9913f,0.1003f,-0.0854f,0.5769f,0f,0f,0f,1f],start_interpolation: 0,interpolation_duration: 2}
$data merge entity $(bone_chamber) {transformation: [-0.1315f,0.7935f,-0.5943f,-0.0017f,0.0082f,0.6003f,0.7997f,-0.8372f,0.9913f,0.1003f,-0.0854f,0.5968f,0f,0f,0f,1f],start_interpolation: 0,interpolation_duration: 2}
$data merge entity $(bone_akm1) {transformation: [-0.1315f,0.7935f,-0.5943f,-0.0017f,0.0082f,0.6003f,0.7997f,-0.8372f,0.9913f,0.1003f,-0.0854f,0.5968f,0f,0f,0f,1f],start_interpolation: 0,interpolation_duration: 2}
$data merge entity $(bone_right_arm) {transformation: [-0.1315f,-0.5943f,-0.7935f,-0.4226f,0.0082f,0.7997f,-0.6003f,-0.4118f,0.9913f,-0.0854f,-0.1003f,0.5501f,0f,0f,0f,1f],start_interpolation: 0,interpolation_duration: 2}
$data merge entity $(bone_magazine2) {transformation: [0f,0f,0f,-0.3446f,0f,0f,0f,-1.0428f,0f,0f,0f,0.4127f,0f,0f,0f,1f],start_interpolation: 0,interpolation_duration: 2}
$data merge entity $(bone_forearm) {transformation: [-0.2876f,0.4878f,-0.8242f,-0.2302f,-0.0448f,0.8528f,0.5203f,-0.7428f,0.9567f,0.1866f,-0.2234f,0.4285f,0f,0f,0f,1f],start_interpolation: 0,interpolation_duration: 2}
data modify entity @s data merge value {"cameras":{},"locators":{"akm":{"px":0.31331388250291226,"py":-1.1975777734962794,"pz":0.6415716156362805,"ry":278.1777143541231,"rx":53.10393910705869}}}