# This file was generated by Animated Java via MC-Build. It is not recommended to edit this file directly.
$data merge entity $(bone_magazine) {transformation: [-0.9924f,-0.0507f,-0.1122f,-0.186f,-0.0686f,0.9843f,0.1625f,-0.5084f,0.1022f,0.169f,-0.9803f,0.0709f,0f,0f,0f,1f],start_interpolation: 0,interpolation_duration: 2}
$data merge entity $(bone_chamber) {transformation: [-0.9924f,-0.0507f,-0.1122f,-0.1669f,-0.0686f,0.9843f,0.1625f,-0.5004f,0.1022f,0.169f,-0.9803f,0.2613f,0f,0f,0f,1f],start_interpolation: 0,interpolation_duration: 2}
$data merge entity $(bone_akm1) {transformation: [-0.9924f,-0.0507f,-0.1122f,-0.1669f,-0.0686f,0.9843f,0.1625f,-0.5004f,0.1022f,0.169f,-0.9803f,0.2613f,0f,0f,0f,1f],start_interpolation: 0,interpolation_duration: 2}
$data merge entity $(bone_magazine2) {transformation: [0f,0f,0f,-0.1935f,0f,0f,0f,-0.4846f,0f,0f,0f,0.0136f,0f,0f,0f,1f],start_interpolation: 0,interpolation_duration: 2}
$data merge entity $(bone_right_arm) {transformation: [-0.9924f,-0.1122f,0.0507f,-0.2418f,-0.0686f,0.1625f,-0.9843f,-0.4867f,0.1022f,-0.9803f,-0.169f,-0.3341f,0f,0f,0f,1f],start_interpolation: 0,interpolation_duration: 2}
$data merge entity $(bone_forearm) {transformation: [-0.0937f,0.5585f,-0.8242f,-0.0038f,0.9335f,-0.2384f,-0.2677f,-0.6547f,-0.346f,-0.7945f,-0.499f,0.1685f,0f,0f,0f,1f],start_interpolation: 0,interpolation_duration: 2}
$data merge entity $(bone_magazine1) {transformation: [0f,0f,0f,-0.2537f,0f,0f,0f,-0.5946f,0f,0f,0f,0.7159f,0f,0f,0f,1f],start_interpolation: 0,interpolation_duration: 2}
$data merge entity $(bone_chamber1) {transformation: [0f,0f,0f,-0.2537f,0f,0f,0f,-0.5946f,0f,0f,0f,0.7159f,0f,0f,0f,1f],start_interpolation: 0,interpolation_duration: 2}
$data merge entity $(bone_akm3) {transformation: [0f,0f,0f,-0.2537f,0f,0f,0f,-0.5946f,0f,0f,0f,0.7159f,0f,0f,0f,1f],start_interpolation: 0,interpolation_duration: 2}
data modify entity @s data merge value {"cameras":{},"locators":{"akm":{"px":-0.1151240217788713,"py":-0.5407922866098488,"pz":0.7375390433209434,"ry":353.47309751087295,"rx":9.352867298271578},"akm2":{"px":-0.2536536120705187,"py":-0.5945738971508,"pz":0.7158741477052308,"ry":28.761116565363523,"rx":8.67779328244697}}}