# This file was generated by Animated Java via MC-Build. It is not recommended to edit this file directly.
$data merge entity $(bone_magazine) {transformation: [-0.9924f,-0.0499f,-0.1125f,-0.1495f,-0.0623f,0.992f,0.1094f,-0.4652f,0.1062f,0.1156f,-0.9876f,0.1208f,0f,0f,0f,1f],start_interpolation: 0,interpolation_duration: 2}
$data merge entity $(bone_chamber) {transformation: [-0.9924f,-0.0499f,-0.1125f,-0.1303f,-0.0623f,0.992f,0.1094f,-0.447f,0.1062f,0.1156f,-0.9876f,0.3105f,0f,0f,0f,1f],start_interpolation: 0,interpolation_duration: 2}
$data merge entity $(bone_akm1) {transformation: [-0.9924f,-0.0499f,-0.1125f,-0.1303f,-0.0623f,0.992f,0.1094f,-0.447f,0.1062f,0.1156f,-0.9876f,0.3105f,0f,0f,0f,1f],start_interpolation: 0,interpolation_duration: 2}
$data merge entity $(bone_right_arm) {transformation: [-0.9924f,-0.1125f,0.0499f,-0.2054f,-0.0623f,0.1094f,-0.992f,-0.4654f,0.1062f,-0.9876f,-0.1156f,-0.2848f,0f,0f,0f,1f],start_interpolation: 0,interpolation_duration: 2}
$data merge entity $(bone_magazine2) {transformation: [0f,0f,0f,-0.0957f,0f,0f,0f,-0.4659f,0f,0f,0f,0.4882f,0f,0f,0f,1f],start_interpolation: 0,interpolation_duration: 2}
$data merge entity $(bone_forearm) {transformation: [-0.0823f,0.5602f,-0.8242f,0.0351f,0.9047f,-0.305f,-0.2976f,-0.6075f,-0.4181f,-0.7701f,-0.4817f,0.2309f,0f,0f,0f,1f],start_interpolation: 0,interpolation_duration: 2}
data modify entity @s data merge value {"cameras":{},"locators":{"akm":{"px":-0.07830447102104833,"py":-0.4616468300103673,"pz":0.7881729225338929,"ry":353.50072554740814,"rx":6.283592719936028}}}