# This file was generated by Animated Java via MC-Build. It is not recommended to edit this file directly.
$data merge entity $(bone_magazine) {transformation: [-0.9924f,-0.0499f,-0.1125f,-0.1807f,-0.0623f,0.992f,0.1094f,-0.559f,0.1062f,0.1156f,-0.9876f,0.1521f,0f,0f,0f,1f],start_interpolation: 0,interpolation_duration: 2}
$data merge entity $(bone_chamber) {transformation: [-0.9924f,-0.0499f,-0.1125f,-0.1616f,-0.0623f,0.992f,0.1094f,-0.5407f,0.1062f,0.1156f,-0.9876f,0.3418f,0f,0f,0f,1f],start_interpolation: 0,interpolation_duration: 2}
$data merge entity $(bone_akm1) {transformation: [-0.9924f,-0.0499f,-0.1125f,-0.1616f,-0.0623f,0.992f,0.1094f,-0.5407f,0.1062f,0.1156f,-0.9876f,0.3418f,0f,0f,0f,1f],start_interpolation: 0,interpolation_duration: 2}
$data merge entity $(bone_magazine2) {transformation: [0f,0f,0f,-0.1883f,0f,0f,0f,-0.5383f,0f,0f,0f,0.0935f,0f,0f,0f,1f],start_interpolation: 0,interpolation_duration: 2}
$data merge entity $(bone_right_arm) {transformation: [-0.9924f,-0.1125f,0.0499f,-0.2367f,-0.0623f,0.1094f,-0.992f,-0.5591f,0.1062f,-0.9876f,-0.1156f,-0.2535f,0f,0f,0f,1f],start_interpolation: 0,interpolation_duration: 2}
$data merge entity $(bone_forearm) {transformation: [-0.0823f,0.5602f,-0.8242f,0.0038f,0.9047f,-0.305f,-0.2976f,-0.7013f,-0.4181f,-0.7701f,-0.4817f,0.2621f,0f,0f,0f,1f],start_interpolation: 0,interpolation_duration: 2}
$data merge entity $(bone_magazine1) {transformation: [0f,0f,0f,-0.2486f,0f,0f,0f,-0.6016f,0f,0f,0f,0.8053f,0f,0f,0f,1f],start_interpolation: 0,interpolation_duration: 2}
$data merge entity $(bone_chamber1) {transformation: [0f,0f,0f,-0.2486f,0f,0f,0f,-0.6016f,0f,0f,0f,0.8053f,0f,0f,0f,1f],start_interpolation: 0,interpolation_duration: 2}
$data merge entity $(bone_akm3) {transformation: [0f,0f,0f,-0.2486f,0f,0f,0f,-0.6016f,0f,0f,0f,0.8053f,0f,0f,0f,1f],start_interpolation: 0,interpolation_duration: 2}
data modify entity @s data merge value {"cameras":{},"locators":{"akm":{"px":-0.10955447102104833,"py":-0.5553968300103674,"pz":0.8194229225338929,"ry":353.50072554740814,"rx":6.283592719936028},"akm2":{"px":-0.2485586815880445,"py":-0.6016328405996352,"pz":0.8053089015360707,"ry":28.55080847987017,"rx":5.607656522965576}}}