# This file was generated by Animated Java via MC-Build. It is not recommended to edit this file directly.
$data merge entity $(bone_magazine) {transformation: [-0.9924f,-0.0495f,-0.1127f,-0.1782f,-0.0568f,0.9964f,0.0624f,-0.4831f,0.1092f,0.0683f,-0.9917f,0.0519f,0f,0f,0f,1f],start_interpolation: 0,interpolation_duration: 2}
$data merge entity $(bone_chamber) {transformation: [-0.9924f,-0.0495f,-0.1127f,-0.159f,-0.0568f,0.9964f,0.0624f,-0.4559f,0.1092f,0.0683f,-0.9917f,0.2405f,0f,0f,0f,1f],start_interpolation: 0,interpolation_duration: 2}
$data merge entity $(bone_akm1) {transformation: [-0.9924f,-0.0495f,-0.1127f,-0.159f,-0.0568f,0.9964f,0.0624f,-0.4559f,0.1092f,0.0683f,-0.9917f,0.2405f,0f,0f,0f,1f],start_interpolation: 0,interpolation_duration: 2}
$data merge entity $(bone_magazine2) {transformation: [0f,0f,0f,-0.1857f,0f,0f,0f,-0.4653f,0f,0f,0f,-0.0076f,0f,0f,0f,1f],start_interpolation: 0,interpolation_duration: 2}
$data merge entity $(bone_right_arm) {transformation: [-0.9924f,-0.1127f,0.0495f,-0.2342f,-0.0568f,0.0624f,-0.9964f,-0.5025f,0.1092f,-0.9917f,-0.0683f,-0.3533f,0f,0f,0f,1f],start_interpolation: 0,interpolation_duration: 2}
$data merge entity $(bone_forearm) {transformation: [-0.0709f,0.5618f,-0.8242f,0.0088f,0.875f,-0.3617f,-0.3218f,-0.6238f,-0.4789f,-0.744f,-0.4659f,0.1708f,0f,0f,0f,1f],start_interpolation: 0,interpolation_duration: 2}
$data merge entity $(bone_magazine1) {transformation: [-0.3073f,0.8242f,0.4757f,-0.1891f,0.9453f,0.3218f,0.053f,-0.493f,-0.1093f,0.4659f,-0.878f,0.5255f,0f,0f,0f,1f],start_interpolation: 0,interpolation_duration: 2}
$data merge entity $(bone_chamber1) {transformation: [-0.3073f,0.8242f,0.4757f,-0.2461f,0.9453f,0.3218f,0.053f,-0.4904f,-0.1093f,0.4659f,-0.878f,0.7084f,0f,0f,0f,1f],start_interpolation: 0,interpolation_duration: 2}
$data merge entity $(bone_akm3) {transformation: [-0.3073f,0.8242f,0.4757f,-0.2461f,0.9453f,0.3218f,0.053f,-0.4904f,-0.1093f,0.4659f,-0.878f,0.7084f,0f,0f,0f,1f],start_interpolation: 0,interpolation_duration: 2}
data modify entity @s data merge value {"cameras":{},"locators":{"akm":{"px":-0.10686614037777215,"py":-0.44781625715893797,"pz":0.7182658179270321,"ry":353.5177837574665,"rx":3.5774846267838756},"akm2":{"px":-0.4426281805719808,"py":-0.5035278311648479,"pz":1.146863835677454,"ry":28.445382757182415,"rx":3.039976776488896}}}