# This file was generated by Animated Java via MC-Build. It is not recommended to edit this file directly.
$data merge entity $(bone_magazine) {transformation: [-0.9924f,-0.0497f,-0.1126f,-0.1479f,-0.0388f,0.9946f,-0.0963f,-0.4863f,0.1168f,-0.0912f,-0.989f,0.4863f,0f,0f,0f,1f],start_interpolation: 0,interpolation_duration: 2}
$data merge entity $(bone_chamber) {transformation: [-0.9924f,-0.0497f,-0.1126f,-0.1288f,-0.0388f,0.9946f,-0.0963f,-0.4294f,0.1168f,-0.0912f,-0.989f,0.6682f,0f,0f,0f,1f],start_interpolation: 0,interpolation_duration: 2}
$data merge entity $(bone_akm1) {transformation: [-0.9924f,-0.0497f,-0.1126f,-0.1288f,-0.0388f,0.9946f,-0.0963f,-0.4294f,0.1168f,-0.0912f,-0.989f,0.6682f,0f,0f,0f,1f],start_interpolation: 0,interpolation_duration: 2}
$data merge entity $(bone_right_arm) {transformation: [-0.9924f,-0.1126f,0.0497f,-0.204f,-0.0388f,-0.0963f,-0.9946f,-0.5699f,0.1168f,-0.989f,0.0912f,0.0895f,0f,0f,0f,1f],start_interpolation: 0,interpolation_duration: 2}
$data merge entity $(bone_magazine2) {transformation: [0f,0f,0f,-0.0901f,0f,0f,0f,-0.4038f,0f,0f,0f,0.8334f,0f,0f,0f,1f],start_interpolation: 0,interpolation_duration: 2}
$data merge entity $(bone_forearm) {transformation: [-0.048f,0.5642f,-0.8242f,0.0409f,0.7685f,-0.5063f,-0.3913f,-0.6099f,-0.6381f,-0.6522f,-0.4093f,0.6242f,0f,0f,0f,1f],start_interpolation: 0,interpolation_duration: 2}
data modify entity @s data merge value {"cameras":{},"locators":{"akm":{"px":-0.0767119049456354,"py":-0.3453293411972197,"pz":1.1386504470198575,"ry":353.5050072302008,"rx":-5.5257400078019225}}}