# This file was generated by Animated Java via MC-Build. It is not recommended to edit this file directly.
$data merge entity $(bone_magazine) {transformation: [-0.9924f,-0.05f,-0.1124f,-0.1505f,-0.036f,0.9917f,-0.1236f,-0.3784f,0.1177f,-0.1186f,-0.9859f,0.1158f,0f,0f,0f,1f],start_interpolation: 0,interpolation_duration: 2}
$data merge entity $(bone_chamber) {transformation: [-0.9924f,-0.05f,-0.1124f,-0.1314f,-0.036f,0.9917f,-0.1236f,-0.3165f,0.1177f,-0.1186f,-0.9859f,0.2961f,0f,0f,0f,1f],start_interpolation: 0,interpolation_duration: 2}
$data merge entity $(bone_akm1) {transformation: [-0.9924f,-0.05f,-0.1124f,-0.1314f,-0.036f,0.9917f,-0.1236f,-0.3165f,0.1177f,-0.1186f,-0.9859f,0.2961f,0f,0f,0f,1f],start_interpolation: 0,interpolation_duration: 2}
$data merge entity $(bone_right_arm) {transformation: [-0.9924f,-0.1124f,0.05f,-0.2064f,-0.036f,-0.1236f,-0.9917f,-0.473f,0.1177f,-0.9859f,0.1186f,-0.2786f,0f,0f,0f,1f],start_interpolation: 0,interpolation_duration: 2}
$data merge entity $(bone_magazine2) {transformation: [0f,0f,0f,-0.0916f,0f,0f,0f,-0.2868f,0f,0f,0f,0.454f,0f,0f,0f,1f],start_interpolation: 0,interpolation_duration: 2}
$data merge entity $(bone_forearm) {transformation: [-0.0365f,0.5651f,-0.8242f,0.0393f,0.742f,-0.5371f,-0.4011f,-0.5023f,-0.6694f,-0.6262f,-0.3997f,0.2546f,0f,0f,0f,1f],start_interpolation: 0,interpolation_duration: 2}
data modify entity @s data merge value {"cameras":{},"locators":{"akm":{"px":-0.07941762497861762,"py":-0.2194646565644875,"pz":0.7640058361887523,"ry":353.49562755215106,"rx":-7.098378779685386}}}