# This file was generated by Animated Java via MC-Build. It is not recommended to edit this file directly.
$data merge entity $(bone_magazine) {transformation: [-0.9924f,-0.0505f,-0.1122f,-0.185f,-0.036f,0.9911f,-0.1279f,-0.4651f,0.1177f,-0.1229f,-0.9854f,0.2486f,0f,0f,0f,1f],start_interpolation: 0,interpolation_duration: 2}
$data merge entity $(bone_chamber) {transformation: [-0.9924f,-0.0505f,-0.1122f,-0.1659f,-0.036f,0.9911f,-0.1279f,-0.4024f,0.1177f,-0.1229f,-0.9854f,0.4285f,0f,0f,0f,1f],start_interpolation: 0,interpolation_duration: 2}
$data merge entity $(bone_akm1) {transformation: [-0.9924f,-0.0505f,-0.1122f,-0.1659f,-0.036f,0.9911f,-0.1279f,-0.4024f,0.1177f,-0.1229f,-0.9854f,0.4285f,0f,0f,0f,1f],start_interpolation: 0,interpolation_duration: 2}
$data merge entity $(bone_magazine2) {transformation: [0f,0f,0f,-0.1925f,0f,0f,0f,-0.4589f,0f,0f,0f,0.1868f,0f,0f,0f,1f],start_interpolation: 0,interpolation_duration: 2}
$data merge entity $(bone_right_arm) {transformation: [-0.9924f,-0.1122f,0.0505f,-0.2408f,-0.036f,-0.1279f,-0.9911f,-0.5614f,0.1177f,-0.9854f,0.1229f,-0.1454f,0f,0f,0f,1f],start_interpolation: 0,interpolation_duration: 2}
$data merge entity $(bone_forearm) {transformation: [-0.025f,0.5657f,-0.8242f,0.0058f,0.7309f,-0.5521f,-0.4011f,-0.5934f,-0.682f,-0.6125f,-0.3997f,0.3849f,0f,0f,0f,1f],start_interpolation: 0,interpolation_duration: 2}
$data merge entity $(bone_magazine1) {transformation: [0f,0f,0f,-0.2527f,0f,0f,0f,-0.3593f,0f,0f,0f,0.8914f,0f,0f,0f,1f],start_interpolation: 0,interpolation_duration: 2}
$data merge entity $(bone_chamber1) {transformation: [0f,0f,0f,-0.2527f,0f,0f,0f,-0.3593f,0f,0f,0f,0.8914f,0f,0f,0f,1f],start_interpolation: 0,interpolation_duration: 2}
$data merge entity $(bone_akm3) {transformation: [0f,0f,0f,-0.2527f,0f,0f,0f,-0.3593f,0f,0f,0f,0.8914f,0f,0f,0f,1f],start_interpolation: 0,interpolation_duration: 2}
data modify entity @s data merge value {"cameras":{},"locators":{"akm":{"px":-0.11409418485538594,"py":-0.3033246253400157,"pz":0.8960723178724691,"ry":353.5052063757683,"rx":-7.350626708492645},"akm2":{"px":-0.2526670989539229,"py":-0.3592590699320558,"pz":0.8913638490913237,"ry":28.582043709312558,"rx":-6.164748273250515}}}