# This file was generated by Animated Java via MC-Build. It is not recommended to edit this file directly.
$data merge entity $(bone_magazine) {transformation: [-0.9924f,-0.0511f,-0.1119f,-0.1884f,-0.0377f,0.9923f,-0.1181f,-0.463f,0.1171f,-0.113f,-0.9867f,0.2579f,0f,0f,0f,1f],start_interpolation: 0,interpolation_duration: 2}
$data merge entity $(bone_chamber) {transformation: [-0.9924f,-0.0511f,-0.1119f,-0.1694f,-0.0377f,0.9923f,-0.1181f,-0.4021f,0.1171f,-0.113f,-0.9867f,0.4385f,0f,0f,0f,1f],start_interpolation: 0,interpolation_duration: 2}
$data merge entity $(bone_akm1) {transformation: [-0.9924f,-0.0511f,-0.1119f,-0.1694f,-0.0377f,0.9923f,-0.1181f,-0.4021f,0.1171f,-0.113f,-0.9867f,0.4385f,0f,0f,0f,1f],start_interpolation: 0,interpolation_duration: 2}
$data merge entity $(bone_magazine2) {transformation: [0f,0f,0f,-0.1959f,0f,0f,0f,-0.4562f,0f,0f,0f,0.1962f,0f,0f,0f,1f],start_interpolation: 0,interpolation_duration: 2}
$data merge entity $(bone_right_arm) {transformation: [-0.9924f,-0.1119f,0.0511f,-0.2441f,-0.0377f,-0.1181f,-0.9923f,-0.5554f,0.1171f,-0.9867f,0.113f,-0.1371f,0f,0f,0f,1f],start_interpolation: 0,interpolation_duration: 2}
$data merge entity $(bone_forearm) {transformation: [-0.0134f,0.5661f,-0.8242f,0.0034f,0.7296f,-0.5581f,-0.3952f,-0.5977f,-0.6837f,-0.6067f,-0.4055f,0.3897f,0f,0f,0f,1f],start_interpolation: 0,interpolation_duration: 2}
$data merge entity $(bone_magazine1) {transformation: [0f,0f,0f,-0.256f,0f,0f,0f,-0.3697f,0f,0f,0f,0.9f,0f,0f,0f,1f],start_interpolation: 0,interpolation_duration: 2}
$data merge entity $(bone_chamber1) {transformation: [0f,0f,0f,-0.256f,0f,0f,0f,-0.3697f,0f,0f,0f,0.9f,0f,0f,0f,1f],start_interpolation: 0,interpolation_duration: 2}
$data merge entity $(bone_akm3) {transformation: [0f,0f,0f,-0.256f,0f,0f,0f,-0.3697f,0f,0f,0f,0.9f,0f,0f,0f,1f],start_interpolation: 0,interpolation_duration: 2}
data modify entity @s data merge value {"cameras":{},"locators":{"akm":{"px":-0.11770242283314528,"py":-0.3077264027850466,"pz":0.9069857367494745,"ry":353.5272173752042,"rx":-6.781522711998241},"akm2":{"px":-0.2559540555644483,"py":-0.3696997646679404,"pz":0.9000478425409827,"ry":28.541391323703778,"rx":-5.429247302703835}}}