# This file was generated by Animated Java via MC-Build. It is not recommended to edit this file directly.
$data merge entity $(bone_magazine) {transformation: [-0.9924f,-0.0515f,-0.1117f,-0.1602f,-0.04f,0.9939f,-0.1026f,-0.3699f,0.1163f,-0.0974f,-0.9884f,0.1418f,0f,0f,0f,1f],start_interpolation: 0,interpolation_duration: 2}
$data merge entity $(bone_chamber) {transformation: [-0.9924f,-0.0515f,-0.1117f,-0.1413f,-0.04f,0.9939f,-0.1026f,-0.3118f,0.1163f,-0.0974f,-0.9884f,0.3233f,0f,0f,0f,1f],start_interpolation: 0,interpolation_duration: 2}
$data merge entity $(bone_akm1) {transformation: [-0.9924f,-0.0515f,-0.1117f,-0.1413f,-0.04f,0.9939f,-0.1026f,-0.3118f,0.1163f,-0.0974f,-0.9884f,0.3233f,0f,0f,0f,1f],start_interpolation: 0,interpolation_duration: 2}
$data merge entity $(bone_right_arm) {transformation: [-0.9924f,-0.1117f,0.0515f,-0.2158f,-0.04f,-0.1026f,-0.9939f,-0.4561f,0.1163f,-0.9884f,0.0974f,-0.2546f,0f,0f,0f,1f],start_interpolation: 0,interpolation_duration: 2}
$data merge entity $(bone_magazine2) {transformation: [0f,0f,0f,-0.0976f,0f,0f,0f,-0.2893f,0f,0f,0f,0.4611f,0f,0f,0f,1f],start_interpolation: 0,interpolation_duration: 2}
$data merge entity $(bone_forearm) {transformation: [-0.0019f,0.5663f,-0.8242f,0.0326f,0.7317f,-0.561f,-0.3871f,-0.5112f,-0.6816f,-0.6039f,-0.4133f,0.2683f,0f,0f,0f,1f],start_interpolation: 0,interpolation_duration: 2}
data modify entity @s data merge value {"cameras":{},"locators":{"akm":{"px":-0.08970183391323984,"py":-0.22479122667968776,"pz":0.7932214939845397,"ry":353.55111573797444,"rx":-5.890106608174462}}}