# This file was generated by Animated Java via MC-Build. It is not recommended to edit this file directly.
$data merge entity $(bone_magazine) {transformation: [-0.9924f,-0.0515f,-0.1117f,-0.1915f,-0.04f,0.9939f,-0.1026f,-0.4636f,0.1163f,-0.0974f,-0.9884f,0.2668f,0f,0f,0f,1f],start_interpolation: 0,interpolation_duration: 2}
$data merge entity $(bone_chamber) {transformation: [-0.9924f,-0.0515f,-0.1117f,-0.1725f,-0.04f,0.9939f,-0.1026f,-0.4056f,0.1163f,-0.0974f,-0.9884f,0.4483f,0f,0f,0f,1f],start_interpolation: 0,interpolation_duration: 2}
$data merge entity $(bone_akm1) {transformation: [-0.9924f,-0.0515f,-0.1117f,-0.1725f,-0.04f,0.9939f,-0.1026f,-0.4056f,0.1163f,-0.0974f,-0.9884f,0.4483f,0f,0f,0f,1f],start_interpolation: 0,interpolation_duration: 2}
$data merge entity $(bone_magazine2) {transformation: [0f,0f,0f,-0.199f,0f,0f,0f,-0.4559f,0f,0f,0f,0.2052f,0f,0f,0f,1f],start_interpolation: 0,interpolation_duration: 2}
$data merge entity $(bone_right_arm) {transformation: [-0.9924f,-0.1117f,0.0515f,-0.247f,-0.04f,-0.1026f,-0.9939f,-0.5499f,0.1163f,-0.9884f,0.0974f,-0.1296f,0f,0f,0f,1f],start_interpolation: 0,interpolation_duration: 2}
$data merge entity $(bone_forearm) {transformation: [-0.0019f,0.5663f,-0.8242f,0.0013f,0.7317f,-0.561f,-0.3871f,-0.605f,-0.6816f,-0.6039f,-0.4133f,0.3933f,0f,0f,0f,1f],start_interpolation: 0,interpolation_duration: 2}
$data merge entity $(bone_magazine1) {transformation: [0f,0f,0f,-0.2589f,0f,0f,0f,-0.3858f,0f,0f,0f,0.9087f,0f,0f,0f,1f],start_interpolation: 0,interpolation_duration: 2}
$data merge entity $(bone_chamber1) {transformation: [0f,0f,0f,-0.2589f,0f,0f,0f,-0.3858f,0f,0f,0f,0.9087f,0f,0f,0f,1f],start_interpolation: 0,interpolation_duration: 2}
$data merge entity $(bone_akm3) {transformation: [0f,0f,0f,-0.2589f,0f,0f,0f,-0.3858f,0f,0f,0f,0.9087f,0f,0f,0f,1f],start_interpolation: 0,interpolation_duration: 2}
data modify entity @s data merge value {"cameras":{},"locators":{"akm":{"px":-0.12095183391323983,"py":-0.31854122667968776,"pz":0.9182214939845397,"ry":353.55111573797444,"rx":-5.890106608174462},"akm2":{"px":-0.2589123229479917,"py":-0.38583692144734877,"pz":0.9086960726056175,"ry":28.494628769018703,"rx":-4.431725520346316}}}