# This file was generated by Animated Java via MC-Build. It is not recommended to edit this file directly.
$data merge entity $(bone_magazine) {transformation: [-0.0436f,0.9952f,-0.0871f,-0.1387f,0.9497f,0.0143f,-0.3127f,-0.4953f,-0.31f,-0.0963f,-0.9458f,0.2297f,0f,0f,0f,1f],start_interpolation: 0,interpolation_duration: 1}
$data merge entity $(bone_chamber) {transformation: [-0.0436f,0.9952f,-0.0871f,-0.0889f,0.9497f,0.0143f,-0.3127f,-0.4551f,-0.31f,-0.0963f,-0.9458f,0.3457f,0f,0f,0f,1f],start_interpolation: 0,interpolation_duration: 1}
$data merge entity $(bone_akm1) {transformation: [-0.0436f,0.9952f,-0.0871f,-0.0835f,0.9497f,0.0143f,-0.3127f,-0.4361f,-0.31f,-0.0963f,-0.9458f,0.4033f,0f,0f,0f,1f],start_interpolation: 0,interpolation_duration: 1}
$data merge entity $(bone_right_arm) {transformation: [-0.0436f,-0.0871f,-0.9952f,-0.2187f,0.9497f,-0.3127f,-0.0143f,-0.6113f,-0.31f,-0.9458f,0.0963f,-0.1547f,0f,0f,0f,1f],start_interpolation: 0,interpolation_duration: 1}
$data merge entity $(bone_left_arm) {transformation: [-0.9109f,0.4127f,0f,0.1359f,-0.1281f,-0.2826f,-0.9506f,-0.4903f,-0.3923f,-0.8659f,0.3103f,-0.0611f,0f,0f,0f,1f],start_interpolation: 0,interpolation_duration: 1}
data modify entity @s data merge value {"cameras":{},"locators":{"akm":{"px":-0.003913931004447452,"py":-0.28567721130649676,"pz":0.8528655908428078,"ry":354.740271014585,"rx":-18.223639509947247}}}