# This file was generated by Animated Java via MC-Build. It is not recommended to edit this file directly.
$data merge entity $(bone_magazine) {transformation: [-0.0436f,0.9952f,-0.0871f,-0.0907f,0.9497f,0.0143f,-0.3127f,-0.3697f,-0.31f,-0.0963f,-0.9458f,0.261f,0f,0f,0f,1f],start_interpolation: 0,interpolation_duration: 2}
$data merge entity $(bone_chamber) {transformation: [-0.0436f,0.9952f,-0.0871f,-0.0408f,0.9497f,0.0143f,-0.3127f,-0.3295f,-0.31f,-0.0963f,-0.9458f,0.3769f,0f,0f,0f,1f],start_interpolation: 0,interpolation_duration: 2}
$data merge entity $(bone_akm1) {transformation: [-0.0436f,0.9952f,-0.0871f,-0.0355f,0.9497f,0.0143f,-0.3127f,-0.3105f,-0.31f,-0.0963f,-0.9458f,0.4345f,0f,0f,0f,1f],start_interpolation: 0,interpolation_duration: 2}
$data merge entity $(bone_right_arm) {transformation: [-0.0436f,-0.0871f,-0.9952f,-0.1707f,0.9497f,-0.3127f,-0.0143f,-0.4857f,-0.31f,-0.9458f,0.0963f,-0.1235f,0f,0f,0f,1f],start_interpolation: 0,interpolation_duration: 2}
$data merge entity $(bone_magazine2) {transformation: [0f,0f,0f,0.0099f,0f,0f,0f,-0.2159f,0f,0f,0f,0.2381f,0f,0f,0f,1f],start_interpolation: 0,interpolation_duration: 2}
$data merge entity $(bone_forearm) {transformation: [-0.9109f,0.4127f,0f,0.1683f,-0.1281f,-0.2826f,-0.9506f,-0.3563f,-0.3923f,-0.8659f,0.3103f,-0.004f,0f,0f,0f,1f],start_interpolation: 0,interpolation_duration: 2}
$data merge entity $(bone_bicep) {transformation: [-0.9109f,0.4127f,0f,0.3416f,-0.1281f,-0.2826f,-0.9506f,-0.4703f,-0.3923f,-0.8659f,0.3103f,-0.3533f,0f,0f,0f,1f],start_interpolation: 0,interpolation_duration: 2}
data modify entity @s data merge value {"cameras":{},"locators":{"akm":{"px":0.04416299207247562,"py":-0.1600762497680352,"pz":0.8841155908428078,"ry":354.740271014585,"rx":-18.223639509947247}}}