# This file was generated by Animated Java via MC-Build. It is not recommended to edit this file directly.
$data merge entity $(bone_magazine) {transformation: [-0.4418f,0.8932f,-0.0832f,-0.1014f,0.8566f,0.3925f,-0.3348f,-0.7011f,-0.2664f,-0.2193f,-0.9386f,0.6271f,0f,0f,0f,1f],start_interpolation: 0,interpolation_duration: 2}
$data merge entity $(bone_chamber) {transformation: [-0.4418f,0.8932f,-0.0832f,-0.0559f,0.8566f,0.3925f,-0.3348f,-0.6434f,-0.2664f,-0.2193f,-0.9386f,0.7373f,0f,0f,0f,1f],start_interpolation: 0,interpolation_duration: 2}
$data merge entity $(bone_akm1) {transformation: [-0.4418f,0.8932f,-0.0832f,-0.0509f,0.8566f,0.3925f,-0.3348f,-0.623f,-0.2664f,-0.2193f,-0.9386f,0.7945f,0f,0f,0f,1f],start_interpolation: 0,interpolation_duration: 2}
$data merge entity $(bone_right_arm) {transformation: [-0.4418f,-0.0832f,-0.8932f,-0.1803f,0.8566f,-0.3348f,-0.3925f,-0.844f,-0.2664f,-0.9386f,0.2193f,0.2516f,0f,0f,0f,1f],start_interpolation: 0,interpolation_duration: 2}
$data merge entity $(bone_magazine2) {transformation: [0f,0f,0f,0.0161f,0f,0f,0f,-0.6172f,0f,0f,0f,0.6681f,0f,0f,0f,1f],start_interpolation: 0,interpolation_duration: 2}
$data merge entity $(bone_forearm) {transformation: [-0.9103f,0.4073f,-0.0744f,0.1684f,0.0027f,-0.1739f,-0.9848f,-0.7294f,-0.414f,-0.8966f,0.1572f,0.4081f,0f,0f,0f,1f],start_interpolation: 0,interpolation_duration: 2}
$data merge entity $(bone_bicep) {transformation: [-0.9103f,0.4073f,-0.0744f,0.3395f,0.0027f,-0.1739f,-0.9848f,-0.8f,-0.414f,-0.8966f,0.1572f,0.0464f,0f,0f,0f,1f],start_interpolation: 0,interpolation_duration: 2}
data modify entity @s data merge value {"cameras":{},"locators":{"akm":{"px":0.023036276653048707,"py":-0.447629479737034,"pz":1.2359288260039292,"ry":354.931361594529,"rx":-19.562760184249527}}}