# This file was generated by Animated Java via MC-Build. It is not recommended to edit this file directly.
$data merge entity $(bone_magazine) {transformation: [-0.568f,0.7004f,-0.4321f,-0.1632f,0.0709f,0.5648f,0.8222f,-0.7333f,0.8199f,0.4364f,-0.3705f,0.6531f,0f,0f,0f,1f],start_interpolation: 0,interpolation_duration: 2}
$data merge entity $(bone_chamber) {transformation: [-0.568f,0.7004f,-0.4321f,-0.0548f,0.0709f,0.5648f,0.8222f,-0.8654f,0.8199f,0.4364f,-0.3705f,0.7396f,0f,0f,0f,1f],start_interpolation: 0,interpolation_duration: 2}
$data merge entity $(bone_akm1) {transformation: [-0.568f,0.7004f,-0.4321f,-0.0548f,0.0709f,0.5648f,0.8222f,-0.8654f,0.8199f,0.4364f,-0.3705f,0.7396f,0f,0f,0f,1f],start_interpolation: 0,interpolation_duration: 2}
$data merge entity $(bone_right_arm) {transformation: [-0.568f,-0.4321f,-0.7004f,-0.3771f,0.0709f,0.8222f,-0.5648f,-0.4229f,0.8199f,-0.3705f,-0.4364f,0.4933f,0f,0f,0f,1f],start_interpolation: 0,interpolation_duration: 2}
$data merge entity $(bone_magazine2) {transformation: [0f,0f,0f,-0.2946f,0f,0f,0f,-1.0933f,0f,0f,0f,0.574f,0f,0f,0f,1f],start_interpolation: 0,interpolation_duration: 2}
$data merge entity $(bone_forearm) {transformation: [-0.247f,0.5096f,-0.8242f,-0.1746f,0.3254f,0.8448f,0.4248f,-0.8129f,0.9127f,-0.1633f,-0.3745f,0.4722f,0f,0f,0f,1f],start_interpolation: 0,interpolation_duration: 2}
data modify entity @s data merge value {"cameras":{},"locators":{"akm":{"px":0.1789065239773278,"py":-1.2378718718614714,"pz":0.9337755448106159,"ry":310.6068803391811,"rx":55.30550127153946}}}