# This file was generated by Animated Java via MC-Build. It is not recommended to edit this file directly.
$data merge entity $(bone_magazine) {transformation: [-0.6161f,0.7833f,-0.083f,-0.109f,0.7578f,0.5607f,-0.3336f,-0.2171f,-0.2148f,-0.2684f,-0.939f,0.2495f,0f,0f,0f,1f],start_interpolation: 0,interpolation_duration: 2}
$data merge entity $(bone_chamber) {transformation: [-0.6161f,0.7833f,-0.083f,-0.0662f,0.7578f,0.5607f,-0.3336f,-0.1462f,-0.2148f,-0.2684f,-0.939f,0.3769f,0f,0f,0f,1f],start_interpolation: 0,interpolation_duration: 2}
$data merge entity $(bone_akm1) {transformation: [-0.6161f,0.7833f,-0.083f,-0.0628f,0.7578f,0.5607f,-0.3336f,-0.1326f,-0.2148f,-0.2684f,-0.939f,0.4151f,0f,0f,0f,1f],start_interpolation: 0,interpolation_duration: 2}
$data merge entity $(bone_right_arm) {transformation: [-0.6161f,-0.083f,-0.7833f,-0.1851f,0.7578f,-0.3336f,-0.5607f,-0.3682f,-0.2148f,-0.939f,0.2684f,-0.1234f,0f,0f,0f,1f],start_interpolation: 0,interpolation_duration: 2}
$data merge entity $(bone_magazine2) {transformation: [0f,0f,0f,0.0208f,0f,0f,0f,-0.1812f,0f,0f,0f,0.3628f,0f,0f,0f,1f],start_interpolation: 0,interpolation_duration: 2}
$data merge entity $(bone_forearm) {transformation: [-0.9241f,0.3378f,-0.1785f,0.1456f,0.163f,-0.0741f,-0.9838f,-0.267f,-0.3455f,-0.9383f,0.0134f,0.0791f,0f,0f,0f,1f],start_interpolation: 0,interpolation_duration: 2}
$data merge entity $(bone_bicep) {transformation: [-0.9241f,0.3378f,-0.1785f,0.2886f,0.163f,-0.0741f,-0.9838f,-0.2981f,-0.3455f,-0.9383f,0.0134f,-0.2999f,0f,0f,0f,1f],start_interpolation: 0,interpolation_duration: 2}
data modify entity @s data merge value {"cameras":{},"locators":{"akm":{"px":0.00677813380306426,"py":0.04859597551393205,"pz":0.8548304843199864,"ry":354.949887333275,"rx":-19.48997921045195}}}