# This file was generated by Animated Java via MC-Build. It is not recommended to edit this file directly.
$data merge entity $(bone_magazine) {transformation: [-0.6161f,0.7833f,-0.083f,-0.1426f,0.7578f,0.5607f,-0.3336f,-0.3242f,-0.2148f,-0.2684f,-0.939f,0.2182f,0f,0f,0f,1f],start_interpolation: 0,interpolation_duration: 1}
$data merge entity $(bone_chamber) {transformation: [-0.6161f,0.7833f,-0.083f,-0.0998f,0.7578f,0.5607f,-0.3336f,-0.2533f,-0.2148f,-0.2684f,-0.939f,0.3457f,0f,0f,0f,1f],start_interpolation: 0,interpolation_duration: 1}
$data merge entity $(bone_akm1) {transformation: [-0.6161f,0.7833f,-0.083f,-0.0965f,0.7578f,0.5607f,-0.3336f,-0.2397f,-0.2148f,-0.2684f,-0.939f,0.3838f,0f,0f,0f,1f],start_interpolation: 0,interpolation_duration: 1}
$data merge entity $(bone_right_arm) {transformation: [-0.6161f,-0.083f,-0.7833f,-0.2187f,0.7578f,-0.3336f,-0.5607f,-0.4753f,-0.2148f,-0.939f,0.2684f,-0.1546f,0f,0f,0f,1f],start_interpolation: 0,interpolation_duration: 1}
$data merge entity $(bone_left_arm) {transformation: [-0.9241f,0.3378f,-0.1785f,0.1253f,0.163f,-0.0741f,-0.9838f,-0.3769f,-0.3455f,-0.9383f,0.0134f,0.0196f,0f,0f,0f,1f],start_interpolation: 0,interpolation_duration: 1}
data modify entity @s data merge value {"cameras":{},"locators":{"akm":{"px":-0.026875712350781886,"py":-0.058508725340768813,"pz":0.8235804843199864,"ry":354.949887333275,"rx":-19.48997921045195}}}