# This file was generated by Animated Java via MC-Build. It is not recommended to edit this file directly.
$data merge entity $(bone_magazine) {transformation: [-0.7632f,0.6402f,-0.0871f,-0.1166f,0.6292f,0.7058f,-0.3254f,-0.5346f,-0.1469f,-0.3031f,-0.9416f,0.6857f,0f,0f,0f,1f],start_interpolation: 0,interpolation_duration: 2}
$data merge entity $(bone_chamber) {transformation: [-0.7632f,0.6402f,-0.0871f,-0.077f,0.6292f,0.7058f,-0.3254f,-0.4527f,-0.1469f,-0.3031f,-0.9416f,0.8312f,0f,0f,0f,1f],start_interpolation: 0,interpolation_duration: 2}
$data merge entity $(bone_akm1) {transformation: [-0.7632f,0.6402f,-0.0871f,-0.0753f,0.6292f,0.7058f,-0.3254f,-0.4461f,-0.1469f,-0.3031f,-0.9416f,0.8504f,0f,0f,0f,1f],start_interpolation: 0,interpolation_duration: 2}
$data merge entity $(bone_right_arm) {transformation: [-0.7632f,-0.0871f,-0.6402f,-0.1899f,0.6292f,-0.3254f,-0.7058f,-0.6904f,-0.1469f,-0.9416f,0.3031f,0.3142f,0f,0f,0f,1f],start_interpolation: 0,interpolation_duration: 2}
$data merge entity $(bone_magazine2) {transformation: [0f,0f,0f,0.0177f,0f,0f,0f,-0.5424f,0f,0f,0f,0.8602f,0f,0f,0f,1f],start_interpolation: 0,interpolation_duration: 2}
$data merge entity $(bone_forearm) {transformation: [-0.9065f,0.2968f,-0.3002f,0.1219f,0.3195f,0.0176f,-0.9474f,-0.6021f,-0.2759f,-0.9548f,-0.1108f,0.5619f,0f,0f,0f,1f],start_interpolation: 0,interpolation_duration: 2}
$data merge entity $(bone_bicep) {transformation: [-0.9065f,0.2968f,-0.3002f,0.2482f,0.3195f,0.0176f,-0.9474f,-0.5969f,-0.2759f,-0.9548f,-0.1108f,0.1758f,0f,0f,0f,1f],start_interpolation: 0,interpolation_duration: 2}
data modify entity @s data merge value {"cameras":{},"locators":{"akm":{"px":-0.009170152800692222,"py":-0.2632395911377065,"pz":1.2900060024431643,"ry":354.7164767956628,"rx":-18.989616792621074}}}