# This file was generated by Animated Java via MC-Build. It is not recommended to edit this file directly.
$data merge entity $(bone_magazine) {transformation: [-0.6811f,0.6245f,-0.3823f,-0.1719f,0.0897f,0.5893f,0.8029f,-0.7274f,0.7267f,0.5125f,-0.4574f,0.671f,0f,0f,0f,1f],start_interpolation: 0,interpolation_duration: 2}
$data merge entity $(bone_chamber) {transformation: [-0.6811f,0.6245f,-0.3823f,-0.0759f,0.0897f,0.5893f,0.8029f,-0.8549f,0.7267f,0.5125f,-0.4574f,0.7768f,0f,0f,0f,1f],start_interpolation: 0,interpolation_duration: 2}
$data merge entity $(bone_akm1) {transformation: [-0.6811f,0.6245f,-0.3823f,-0.0759f,0.0897f,0.5893f,0.8029f,-0.8549f,0.7267f,0.5125f,-0.4574f,0.7768f,0f,0f,0f,1f],start_interpolation: 0,interpolation_duration: 2}
$data merge entity $(bone_right_arm) {transformation: [-0.6811f,-0.3823f,-0.6245f,-0.3636f,0.0897f,0.8029f,-0.5893f,-0.4257f,0.7267f,-0.4574f,-0.5125f,0.4713f,0f,0f,0f,1f],start_interpolation: 0,interpolation_duration: 2}
$data merge entity $(bone_magazine2) {transformation: [0f,0f,0f,-0.2798f,0f,0f,0f,-1.0935f,0f,0f,0f,0.6202f,0f,0f,0f,1f],start_interpolation: 0,interpolation_duration: 2}
$data merge entity $(bone_forearm) {transformation: [-0.2366f,0.5145f,-0.8242f,-0.1586f,0.4271f,0.817f,0.3874f,-0.8272f,0.8727f,-0.2604f,-0.413f,0.4869f,0f,0f,0f,1f],start_interpolation: 0,interpolation_duration: 2}
data modify entity @s data merge value {"cameras":{},"locators":{"akm":{"px":0.13111520696442683,"py":-1.2172393707823297,"pz":1.0154530317924313,"ry":320.1102903376788,"rx":53.4087691399212}}}