# This file was generated by Animated Java via MC-Build. It is not recommended to edit this file directly.
$data merge entity $(bone_magazine) {transformation: [-0.7815f,0.5289f,-0.331f,-0.1818f,0.1f,0.6298f,0.7703f,-0.622f,0.6159f,0.5689f,-0.545f,0.4978f,0f,0f,0f,1f],start_interpolation: 0,interpolation_duration: 2}
$data merge entity $(bone_chamber) {transformation: [-0.7815f,0.5289f,-0.331f,-0.099f,0.1f,0.6298f,0.7703f,-0.7419f,0.6159f,0.5689f,-0.545f,0.6222f,0f,0f,0f,1f],start_interpolation: 0,interpolation_duration: 2}
$data merge entity $(bone_akm1) {transformation: [-0.7815f,0.5289f,-0.331f,-0.099f,0.1f,0.6298f,0.7703f,-0.7419f,0.6159f,0.5689f,-0.545f,0.6222f,0f,0f,0f,1f],start_interpolation: 0,interpolation_duration: 2}
$data merge entity $(bone_right_arm) {transformation: [-0.7815f,-0.331f,-0.5289f,-0.3496f,0.1f,0.7703f,-0.6298f,-0.3352f,0.6159f,-0.545f,-0.5689f,0.2586f,0f,0f,0f,1f],start_interpolation: 0,interpolation_duration: 2}
$data merge entity $(bone_magazine2) {transformation: [0f,0f,0f,-0.2644f,0f,0f,0f,-0.9927f,0f,0f,0f,0.4789f,0f,0f,0f,1f],start_interpolation: 0,interpolation_duration: 2}
$data merge entity $(bone_forearm) {transformation: [-0.226f,0.5192f,-0.8242f,-0.142f,0.5273f,0.7767f,0.3446f,-0.7447f,0.8191f,-0.3567f,-0.4493f,0.3148f,0f,0f,0f,1f],start_interpolation: 0,interpolation_duration: 2}
data modify entity @s data merge value {"cameras":{},"locators":{"akm":{"px":0.07971121474967735,"py":-1.0870067303584967,"pz":0.9050481891448532,"ry":328.72793076352644,"rx":50.38404420173308}}}