# This file was generated by Animated Java via MC-Build. It is not recommended to edit this file directly.
$data merge entity $(bone_magazine) {transformation: [-0.7815f,0.5289f,-0.331f,-0.213f,0.1f,0.6298f,0.7703f,-0.6533f,0.6159f,0.5689f,-0.545f,0.2478f,0f,0f,0f,1f],start_interpolation: 0,interpolation_duration: 2}
$data merge entity $(bone_chamber) {transformation: [-0.7815f,0.5289f,-0.331f,-0.1303f,0.1f,0.6298f,0.7703f,-0.7731f,0.6159f,0.5689f,-0.545f,0.3722f,0f,0f,0f,1f],start_interpolation: 0,interpolation_duration: 2}
$data merge entity $(bone_akm1) {transformation: [-0.7815f,0.5289f,-0.331f,-0.1303f,0.1f,0.6298f,0.7703f,-0.7731f,0.6159f,0.5689f,-0.545f,0.3722f,0f,0f,0f,1f],start_interpolation: 0,interpolation_duration: 2}
$data merge entity $(bone_magazine2) {transformation: [0f,0f,0f,-0.2258f,0f,0f,0f,-0.5975f,0f,0f,0f,0.2226f,0f,0f,0f,1f],start_interpolation: 0,interpolation_duration: 2}
$data merge entity $(bone_right_arm) {transformation: [-0.7815f,-0.331f,-0.5289f,-0.3809f,0.1f,0.7703f,-0.6298f,-0.3665f,0.6159f,-0.545f,-0.5689f,0.0086f,0f,0f,0f,1f],start_interpolation: 0,interpolation_duration: 2}
$data merge entity $(bone_forearm) {transformation: [-0.226f,0.5192f,-0.8242f,-0.1733f,0.5273f,0.7767f,0.3446f,-0.7759f,0.8191f,-0.3567f,-0.4493f,0.0648f,0f,0f,0f,1f],start_interpolation: 0,interpolation_duration: 2}
$data merge entity $(bone_magazine1) {transformation: [-0.3073f,0.8242f,0.4757f,-0.3357f,0.3944f,-0.3446f,0.8519f,-1.0974f,0.8661f,0.4493f,-0.2192f,0.2147f,0f,0f,0f,1f],start_interpolation: 0,interpolation_duration: 2}
$data merge entity $(bone_chamber1) {transformation: [-0.3073f,0.8242f,0.4757f,-0.3927f,0.3944f,-0.3446f,0.8519f,-1.2706f,0.8661f,0.4493f,-0.2192f,0.2734f,0f,0f,0f,1f],start_interpolation: 0,interpolation_duration: 2}
$data merge entity $(bone_akm3) {transformation: [-0.3073f,0.8242f,0.4757f,-0.3927f,0.3944f,-0.3446f,0.8519f,-1.2706f,0.8661f,0.4493f,-0.2192f,0.2734f,0f,0f,0f,1f],start_interpolation: 0,interpolation_duration: 2}
data modify entity @s data merge value {"cameras":{},"locators":{"akm":{"px":0.048461214749677295,"py":-1.118256730358497,"pz":0.6550481891448531,"ry":328.72793076352644,"rx":50.38404420173308},"akm2":{"px":-0.5892613337847776,"py":-1.6919575198170986,"pz":0.3955133591304776,"ry":65.26227041752787,"rx":58.418497531573635}}}