# This file was generated by Animated Java via MC-Build. It is not recommended to edit this file directly.
$data merge entity $(bone_magazine) {transformation: [-0.7815f,0.5289f,-0.331f,-0.213f,0.1f,0.6298f,0.7703f,-0.7158f,0.6159f,0.5689f,-0.545f,0.4353f,0f,0f,0f,1f],start_interpolation: 0,interpolation_duration: 1}
$data merge entity $(bone_chamber) {transformation: [-0.7815f,0.5289f,-0.331f,-0.1303f,0.1f,0.6298f,0.7703f,-0.8356f,0.6159f,0.5689f,-0.545f,0.5597f,0f,0f,0f,1f],start_interpolation: 0,interpolation_duration: 1}
$data merge entity $(bone_akm1) {transformation: [-0.7815f,0.5289f,-0.331f,-0.1303f,0.1f,0.6298f,0.7703f,-0.8356f,0.6159f,0.5689f,-0.545f,0.5597f,0f,0f,0f,1f],start_interpolation: 0,interpolation_duration: 1}
$data merge entity $(bone_magazine2) {transformation: [0f,0f,0f,-0.2258f,0f,0f,0f,-0.66f,0f,0f,0f,0.4101f,0f,0f,0f,1f],start_interpolation: 0,interpolation_duration: 1}
$data merge entity $(bone_right_arm) {transformation: [-0.7815f,-0.331f,-0.5289f,-0.3809f,0.1f,0.7703f,-0.6298f,-0.429f,0.6159f,-0.545f,-0.5689f,0.1961f,0f,0f,0f,1f],start_interpolation: 0,interpolation_duration: 1}
$data merge entity $(bone_forearm) {transformation: [-0.226f,0.5192f,-0.8242f,-0.1733f,0.5273f,0.7767f,0.3446f,-0.8384f,0.8191f,-0.3567f,-0.4493f,0.2523f,0f,0f,0f,1f],start_interpolation: 0,interpolation_duration: 1}
$data merge entity $(bone_magazine1) {transformation: [0f,0f,0f,-0.3927f,0f,0f,0f,-1.3331f,0f,0f,0f,0.4609f,0f,0f,0f,1f],start_interpolation: 0,interpolation_duration: 1}
$data merge entity $(bone_chamber1) {transformation: [0f,0f,0f,-0.3927f,0f,0f,0f,-1.3331f,0f,0f,0f,0.4609f,0f,0f,0f,1f],start_interpolation: 0,interpolation_duration: 1}
$data merge entity $(bone_akm3) {transformation: [0f,0f,0f,-0.3927f,0f,0f,0f,-1.3331f,0f,0f,0f,0.4609f,0f,0f,0f,1f],start_interpolation: 0,interpolation_duration: 1}
data modify entity @s data merge value {"cameras":{},"locators":{"akm":{"px":0.048461214749677295,"py":-1.180756730358497,"pz":0.8425481891448531,"ry":328.72793076352644,"rx":50.38404420173308},"akm2":{"px":-0.39272606103470936,"py":-1.33311274147154,"pz":0.4608835025399583,"ry":65.2622704175278,"rx":58.41849753157366}}}