# This file was generated by Animated Java via MC-Build. It is not recommended to edit this file directly.
$data merge entity $(bone_magazine) {transformation: [-0.903f,0.4281f,-0.0375f,-0.154f,0.4246f,0.8752f,-0.232f,-0.4089f,-0.0665f,-0.2254f,-0.972f,0.513f,0f,0f,0f,1f],start_interpolation: 0,interpolation_duration: 2}
$data merge entity $(bone_chamber) {transformation: [-0.903f,0.4281f,-0.0375f,-0.1303f,0.4246f,0.8752f,-0.232f,-0.3312f,-0.0665f,-0.2254f,-0.972f,0.6865f,0f,0f,0f,1f],start_interpolation: 0,interpolation_duration: 2}
$data merge entity $(bone_akm1) {transformation: [-0.903f,0.4281f,-0.0375f,-0.1303f,0.4246f,0.8752f,-0.232f,-0.3312f,-0.0665f,-0.2254f,-0.972f,0.6865f,0f,0f,0f,1f],start_interpolation: 0,interpolation_duration: 2}
$data merge entity $(bone_right_arm) {transformation: [-0.903f,-0.0375f,-0.4281f,-0.1995f,0.4246f,-0.232f,-0.8752f,-0.5367f,-0.0665f,-0.972f,0.2254f,0.1267f,0f,0f,0f,1f],start_interpolation: 0,interpolation_duration: 2}
$data merge entity $(bone_magazine2) {transformation: [0f,0f,0f,-0.0147f,0f,0f,0f,-0.4512f,0f,0f,0f,0.7726f,0f,0f,0f,1f],start_interpolation: 0,interpolation_duration: 2}
$data merge entity $(bone_forearm) {transformation: [-0.7821f,0.3003f,-0.546f,0.0723f,0.6025f,0.1408f,-0.7856f,-0.4715f,-0.159f,-0.9434f,-0.291f,0.4638f,0f,0f,0f,1f],start_interpolation: 0,interpolation_duration: 2}
$data merge entity $(bone_bicep) {transformation: [-0.7821f,0.3003f,-0.546f,0.1992f,0.6025f,0.1408f,-0.7856f,-0.4181f,-0.159f,-0.9434f,-0.291f,0.0815f,0f,0f,0f,1f],start_interpolation: 0,interpolation_duration: 2}
data modify entity @s data merge value {"cameras":{},"locators":{"akm":{"px":-0.0959557589367919,"py":-0.18673347592792536,"pz":1.1436680991371182,"ry":357.7877375671559,"rx":-13.415452636154246}}}