# This file was generated by Animated Java via MC-Build. It is not recommended to edit this file directly.
$data merge entity $(bone_slide) {transformation: [-0.9752f,0.0511f,-0.2153f,-0.0643f,0.1493f,0.8703f,-0.4693f,-0.4679f,0.1634f,-0.4898f,-0.8564f,0.7432f,0f,0f,0f,1f],start_interpolation: 0,interpolation_duration: 1}
$data merge entity $(bone_barrel) {transformation: [-0.9752f,0.0511f,-0.2153f,0.0382f,0.1493f,0.8703f,-0.4693f,-0.5546f,0.1634f,-0.4898f,-0.8564f,0.765f,0f,0f,0f,1f],start_interpolation: 0,interpolation_duration: 1}
$data merge entity $(bone_magazine) {transformation: [-0.9752f,0.0511f,-0.2153f,-0.1135f,0.1493f,0.8703f,-0.4693f,-0.6765f,0.1634f,-0.4898f,-0.8564f,0.6399f,0f,0f,0f,1f],start_interpolation: 0,interpolation_duration: 1}
$data merge entity $(bone_grip) {transformation: [-0.9752f,0.0511f,-0.2153f,-0.1135f,0.1493f,0.8703f,-0.4693f,-0.6765f,0.1634f,-0.4898f,-0.8564f,0.6399f,0f,0f,0f,1f],start_interpolation: 0,interpolation_duration: 1}
$data merge entity $(bone_trigger) {transformation: [-0.9752f,0.0511f,-0.2153f,-0.1067f,0.1493f,0.8703f,-0.4693f,-0.6583f,0.1634f,-0.4898f,-0.8564f,0.664f,0f,0f,0f,1f],start_interpolation: 0,interpolation_duration: 1}
$data merge entity $(bone_trigger_gaurd) {transformation: [-0.9752f,0.0511f,-0.2153f,-0.0982f,0.1493f,0.8703f,-0.4693f,-0.6179f,0.1634f,-0.4898f,-0.8564f,0.6776f,0f,0f,0f,1f],start_interpolation: 0,interpolation_duration: 1}
$data merge entity $(bone_right_arm) {transformation: [-0.9752f,-0.2153f,-0.0511f,-0.2188f,0.1493f,-0.4693f,-0.8703f,-0.8437f,0.1634f,-0.8564f,0.4898f,0.375f,0f,0f,0f,1f],start_interpolation: 0,interpolation_duration: 1}
$data merge entity $(bone_magazine1) {transformation: [0f,0f,0f,0.2728f,0f,0f,0f,-1.4632f,0f,0f,0f,0.3028f,0f,0f,0f,1f],start_interpolation: 0,interpolation_duration: 1}
$data merge entity $(bone_left_arm) {transformation: [-0.9237f,-0.3236f,0.205f,0.1719f,-0.3831f,0.7823f,-0.4912f,-1.2187f,-0.0015f,-0.5323f,-0.8466f,0f,0f,0f,0f,1f],start_interpolation: 0,interpolation_duration: 1}
data modify entity @s data merge value {"cameras":{},"locators":{"barrel1":{"px":-0.053414521506092646,"py":-0.4359209656562907,"pz":0.9127287032486437,"ry":345.88665192033625,"rx":-27.990719226216278},"ammo_display":{"px":0.0015802941333944998,"py":-0.6099095510835737,"pz":0.6731318180564697,"ry":345.88665192033625,"rx":-27.990719226216278}}}