# This file was generated by Animated Java via MC-Build. It is not recommended to edit this file directly.
$data merge entity $(bone_slide) {transformation: [-0.967f,0.2287f,-0.1124f,-0.0911f,0.2234f,0.973f,0.0574f,-1.032f,0.1225f,0.0304f,-0.992f,0.8268f,0f,0f,0f,1f],start_interpolation: 0,interpolation_duration: 1}
$data merge entity $(bone_barrel) {transformation: [-0.967f,0.2287f,-0.1124f,-0.0039f,0.2234f,0.973f,0.0574f,-1.1352f,0.1225f,0.0304f,-0.992f,0.811f,0f,0f,0f,1f],start_interpolation: 0,interpolation_duration: 1}
$data merge entity $(bone_magazine) {transformation: [-0.967f,0.2287f,-0.1124f,-0.1438f,0.2234f,0.973f,0.0574f,-1.1505f,0.1225f,0.0304f,-0.992f,0.6274f,0f,0f,0f,1f],start_interpolation: 0,interpolation_duration: 1}
$data merge entity $(bone_grip) {transformation: [-0.967f,0.2287f,-0.1124f,-0.1438f,0.2234f,0.973f,0.0574f,-1.1505f,0.1225f,0.0304f,-0.992f,0.6274f,0f,0f,0f,1f],start_interpolation: 0,interpolation_duration: 1}
$data merge entity $(bone_trigger) {transformation: [-0.967f,0.2287f,-0.1124f,-0.1393f,0.2234f,0.973f,0.0574f,-1.148f,0.1225f,0.0304f,-0.992f,0.6579f,0f,0f,0f,1f],start_interpolation: 0,interpolation_duration: 1}
$data merge entity $(bone_trigger_gaurd) {transformation: [-0.967f,0.2287f,-0.1124f,-0.1291f,0.2234f,0.973f,0.0574f,-1.1218f,0.1225f,0.0304f,-0.992f,0.691f,0f,0f,0f,1f],start_interpolation: 0,interpolation_duration: 1}
$data merge entity $(bone_right_arm) {transformation: [-0.967f,-0.1124f,-0.2287f,-0.2188f,0.2234f,0.0574f,-0.973f,-1.1447f,0.1225f,-0.992f,-0.0304f,0.3056f,0f,0f,0f,1f],start_interpolation: 0,interpolation_duration: 1}
$data merge entity $(bone_magazine1) {transformation: [0f,0f,0f,0.0435f,0f,0f,0f,-0.6323f,0f,0f,0f,0.501f,0f,0f,0f,1f],start_interpolation: 0,interpolation_duration: 1}
$data merge entity $(bone_left_arm) {transformation: [-0.9237f,0.245f,0.2945f,0.1719f,-0.3831f,-0.5879f,-0.7124f,-0.941f,-0.0015f,-0.7709f,0.637f,0.2778f,0f,0f,0f,1f],start_interpolation: 0,interpolation_duration: 1}
data modify entity @s data merge value {"cameras":{},"locators":{"barrel1":{"px":-0.11705962469247666,"py":-1.0842450550829579,"pz":0.8960659194942214,"ry":353.5358050664886,"rx":3.290379294906452}}}