# This file was generated by Animated Java via MC-Build. It is not recommended to edit this file directly.
$data merge entity $(bone_slide) {transformation: [-0.9732f,-0.0181f,-0.2294f,-0.0677f,0.1753f,0.5875f,-0.79f,-0.4495f,0.1491f,-0.809f,-0.5685f,0.5189f,0f,0f,0f,1f],start_interpolation: 0,interpolation_duration: 1}
$data merge entity $(bone_barrel) {transformation: [-0.9732f,-0.0181f,-0.2294f,0.0402f,0.1753f,0.5875f,-0.79f,-0.5162f,0.1491f,-0.809f,-0.5685f,0.5681f,0f,0f,0f,1f],start_interpolation: 0,interpolation_duration: 1}
$data merge entity $(bone_magazine) {transformation: [-0.9732f,-0.0181f,-0.2294f,-0.1104f,0.1753f,0.5875f,-0.79f,-0.6835f,0.1491f,-0.809f,-0.5685f,0.5149f,0f,0f,0f,1f],start_interpolation: 0,interpolation_duration: 1}
$data merge entity $(bone_grip) {transformation: [-0.9732f,-0.0181f,-0.2294f,-0.1104f,0.1753f,0.5875f,-0.79f,-0.6835f,0.1491f,-0.809f,-0.5685f,0.5149f,0f,0f,0f,1f],start_interpolation: 0,interpolation_duration: 1}
$data merge entity $(bone_trigger) {transformation: [-0.9732f,-0.0181f,-0.2294f,-0.1035f,0.1753f,0.5875f,-0.79f,-0.6567f,0.1491f,-0.809f,-0.5685f,0.5288f,0f,0f,0f,1f],start_interpolation: 0,interpolation_duration: 1}
$data merge entity $(bone_trigger_gaurd) {transformation: [-0.9732f,-0.0181f,-0.2294f,-0.0966f,0.1753f,0.5875f,-0.79f,-0.6141f,0.1491f,-0.809f,-0.5685f,0.5239f,0f,0f,0f,1f],start_interpolation: 0,interpolation_duration: 1}
$data merge entity $(bone_right_arm) {transformation: [-0.9732f,-0.2294f,0.0181f,-0.2188f,0.1753f,-0.79f,-0.5875f,-0.9491f,0.1491f,-0.5685f,0.809f,0.3507f,0f,0f,0f,1f],start_interpolation: 0,interpolation_duration: 1}
$data merge entity $(bone_magazine1) {transformation: [0f,0f,0f,0.1853f,0f,0f,0f,-1.1555f,0f,0f,0f,0.4976f,0f,0f,0f,1f],start_interpolation: 0,interpolation_duration: 1}
$data merge entity $(bone_left_arm) {transformation: [-0.9237f,-0.1417f,0.3559f,0.1719f,-0.3831f,0.3453f,-0.8568f,-1.1215f,-0.0015f,-0.9277f,-0.3732f,0.0972f,0f,0f,0f,1f],start_interpolation: 0,interpolation_duration: 1}
data modify entity @s data merge value {"cameras":{},"locators":{"barrel1":{"px":-0.0506858728837785,"py":-0.34937701005569427,"pz":0.6588021862887508,"ry":338.02644696158626,"rx":-52.18741227334753},"ammo_display":{"px":0.002358643437333774,"py":-0.6058060274144583,"pz":0.5100286558988392,"ry":338.02644696158626,"rx":-52.18741227334753}}}