# This file was generated by Animated Java via MC-Build. It is not recommended to edit this file directly.
$data merge entity $(bone_slide) {transformation: [-0.9973f,-0.0192f,-0.0707f,-0.1542f,0.009f,0.926f,-0.3774f,-0.0711f,0.0727f,-0.377f,-0.9234f,0.3823f,0f,0f,0f,1f],start_interpolation: 0,interpolation_duration: 1}
$data merge entity $(bone_barrel) {transformation: [-0.9973f,-0.0192f,-0.0707f,-0.0395f,0.009f,0.926f,-0.3774f,-0.1258f,0.0727f,-0.377f,-0.9234f,0.4568f,0f,0f,0f,1f],start_interpolation: 0,interpolation_duration: 1}
$data merge entity $(bone_magazine) {transformation: [-0.9973f,-0.0192f,-0.0707f,-0.1615f,0.009f,0.926f,-0.3774f,-0.2478f,0.0727f,-0.377f,-0.9234f,0.3027f,0f,0f,0f,1f],start_interpolation: 0,interpolation_duration: 1}
$data merge entity $(bone_grip) {transformation: [-0.9973f,-0.0192f,-0.0707f,-0.1615f,0.009f,0.926f,-0.3774f,-0.2478f,0.0727f,-0.377f,-0.9234f,0.3027f,0f,0f,0f,1f],start_interpolation: 0,interpolation_duration: 1}
$data merge entity $(bone_trigger) {transformation: [-0.9973f,-0.0192f,-0.0707f,-0.1595f,0.009f,0.926f,-0.3774f,-0.2322f,0.0727f,-0.377f,-0.9234f,0.3294f,0f,0f,0f,1f],start_interpolation: 0,interpolation_duration: 1}
$data merge entity $(bone_trigger_gaurd) {transformation: [-0.9973f,-0.0192f,-0.0707f,-0.1577f,0.009f,0.926f,-0.3774f,-0.1932f,0.0727f,-0.377f,-0.9234f,0.3484f,0f,0f,0f,1f],start_interpolation: 0,interpolation_duration: 1}
$data merge entity $(bone_right_arm) {transformation: [-0.9973f,-0.0707f,0.0192f,-0.2187f,0.009f,-0.3774f,-0.926f,-0.3852f,0.0727f,-0.9234f,0.377f,0.008f,0f,0f,0f,1f],start_interpolation: 0,interpolation_duration: 1}
$data merge entity $(bone_magazine1) {transformation: [-0.0618f,-0.0347f,0.0088f,-0.1923f,-0.0316f,0.0611f,0.0191f,-0.226f,-0.0168f,0.0127f,-0.0683f,0.3644f,0f,0f,0f,1f],start_interpolation: 0,interpolation_duration: 1}
$data merge entity $(bone_left_arm) {transformation: [-0.8657f,0.3038f,0.398f,-0.0293f,-0.4422f,-0.091f,-0.8923f,-0.3642f,-0.2348f,-0.9484f,0.2131f,0.0239f,0f,0f,0f,1f],start_interpolation: 0,interpolation_duration: 1}
data modify entity @s data merge value {"cameras":{},"locators":{"barrel1":{"px":-0.15944712125159394,"py":-0.03900489273685792,"pz":0.6065240117299114,"ry":355.61891804007803,"rx":-22.171665759242753}}}