# This file was generated by Animated Java via MC-Build. It is not recommended to edit this file directly.
$data merge entity $(bone_slide) {transformation: [-0.988f,0.0808f,-0.1318f,0.014f,0.1532f,0.6277f,-0.7632f,-0.1535f,0.021f,-0.7742f,-0.6325f,0.3625f,0f,0f,0f,1f],start_interpolation: 0,interpolation_duration: 1}
$data merge entity $(bone_barrel) {transformation: [-0.988f,0.0808f,-0.1318f,0.1229f,0.1532f,0.6277f,-0.7632f,-0.1781f,0.021f,-0.7742f,-0.6325f,0.4584f,0f,0f,0f,1f],start_interpolation: 0,interpolation_duration: 1}
$data merge entity $(bone_magazine) {transformation: [0f,0f,0f,-0.0431f,0f,0f,0f,-0.5604f,0f,0f,0f,0.643f,0f,0f,0f,1f],start_interpolation: 0,interpolation_duration: 1}
$data merge entity $(bone_grip) {transformation: [-0.988f,0.0808f,-0.1318f,-0.0153f,0.1532f,0.6277f,-0.7632f,-0.3447f,0.021f,-0.7742f,-0.6325f,0.3768f,0f,0f,0f,1f],start_interpolation: 0,interpolation_duration: 1}
$data merge entity $(bone_trigger) {transformation: [-0.988f,0.0808f,-0.1318f,-0.011f,0.1532f,0.6277f,-0.7632f,-0.3186f,0.021f,-0.7742f,-0.6325f,0.3928f,0f,0f,0f,1f],start_interpolation: 0,interpolation_duration: 1}
$data merge entity $(bone_trigger_gaurd) {transformation: [-0.988f,0.0808f,-0.1318f,-0.0043f,0.1532f,0.6277f,-0.7632f,-0.2757f,0.021f,-0.7742f,-0.6325f,0.391f,0f,0f,0f,1f],start_interpolation: 0,interpolation_duration: 1}
$data merge entity $(bone_right_arm) {transformation: [-0.988f,-0.1318f,-0.0808f,-0.0938f,0.1532f,-0.7632f,-0.6277f,-0.5992f,0.021f,-0.6325f,0.7742f,0.1816f,0f,0f,0f,1f],start_interpolation: 0,interpolation_duration: 1}
$data merge entity $(bone_magazine1) {transformation: [-0.8725f,-0.0268f,-0.4878f,0.4036f,-0.2565f,0.875f,0.4107f,-0.4855f,0.4158f,0.4835f,-0.7703f,0.6061f,0f,0f,0f,1f],start_interpolation: -1,interpolation_duration: 0}
$data merge entity $(bone_left_arm) {transformation: [-0.8725f,-0.397f,0.2847f,0.2836f,-0.2565f,-0.1237f,-0.9586f,-0.6439f,0.4158f,-0.9094f,0.0061f,0.2567f,0f,0f,0f,1f],start_interpolation: 0,interpolation_duration: 1}
data modify entity @s data merge value {"cameras":{},"locators":{"barrel1":{"px":0.01678285529095385,"py":-0.017514312085932404,"pz":0.5436652410975049,"ry":348.2307393501351,"rx":-49.750472460039646},"ammo_display":{"px":0.09533701615660818,"py":-0.26520892422698966,"pz":0.3914162741815218,"ry":348.2307393501351,"rx":-49.750472460039646}}}