# This file was generated by Animated Java via MC-Build. It is not recommended to edit this file directly.
$data merge entity $(bone_slide) {transformation: [-0.9801f,-0.1501f,-0.1302f,-0.0213f,-0.0093f,0.6892f,-0.7245f,-0.1384f,0.1985f,-0.7088f,-0.6769f,0.3781f,0f,0f,0f,1f],start_interpolation: 0,interpolation_duration: 1}
$data merge entity $(bone_barrel) {transformation: [-0.9801f,-0.1501f,-0.1302f,0.1053f,-0.0093f,0.6892f,-0.7245f,-0.1524f,0.1985f,-0.7088f,-0.6769f,0.4518f,0f,0f,0f,1f],start_interpolation: 0,interpolation_duration: 1}
$data merge entity $(bone_magazine) {transformation: [0f,0f,0f,0.032f,0f,0f,0f,-0.5693f,0f,0f,0f,0.6211f,0f,0f,0f,1f],start_interpolation: 0,interpolation_duration: 1}
$data merge entity $(bone_grip) {transformation: [-0.9801f,-0.1501f,-0.1302f,-0.0196f,-0.0093f,0.6892f,-0.7245f,-0.3323f,0.1985f,-0.7088f,-0.6769f,0.3774f,0f,0f,0f,1f],start_interpolation: 0,interpolation_duration: 1}
$data merge entity $(bone_trigger) {transformation: [-0.9801f,-0.1501f,-0.1302f,-0.0163f,-0.0093f,0.6892f,-0.7245f,-0.3071f,0.1985f,-0.7088f,-0.6769f,0.3951f,0f,0f,0f,1f],start_interpolation: 0,interpolation_duration: 1}
$data merge entity $(bone_trigger_gaurd) {transformation: [-0.9801f,-0.1501f,-0.1302f,-0.0164f,-0.0093f,0.6892f,-0.7245f,-0.2637f,0.1985f,-0.7088f,-0.6769f,0.3966f,0f,0f,0f,1f],start_interpolation: 0,interpolation_duration: 1}
$data merge entity $(bone_right_arm) {transformation: [-0.9801f,-0.1302f,0.1501f,-0.0938f,-0.0093f,-0.7245f,-0.6892f,-0.5806f,0.1985f,-0.6769f,0.7088f,0.1728f,0f,0f,0f,1f],start_interpolation: 0,interpolation_duration: 1}
$data merge entity $(bone_magazine1) {transformation: [-0.8112f,-0.2694f,-0.519f,0.3347f,-0.3721f,0.9225f,0.1027f,-0.401f,0.4511f,0.2764f,-0.8486f,0.5735f,0f,0f,0f,1f],start_interpolation: 0,interpolation_duration: 1}
$data merge entity $(bone_left_arm) {transformation: [-0.8112f,-0.2841f,0.5111f,0.2844f,-0.3721f,-0.4235f,-0.8259f,-0.6595f,0.4511f,-0.8602f,0.2379f,0.2698f,0f,0f,0f,1f],start_interpolation: 0,interpolation_duration: 1}
data modify entity @s data merge value {"cameras":{},"locators":{"barrel1":{"px":-0.01827428673327134,"py":-0.08573651308200317,"pz":0.5057824033629238,"ry":349.1132188069765,"rx":-46.42491568035016}}}