# This file was generated by Animated Java via MC-Build. It is not recommended to edit this file directly.
$data merge entity $(bone_slide) {transformation: [-0.9702f,0.2142f,-0.113f,0.0244f,0.2256f,0.6297f,-0.7433f,-0.2089f,-0.0881f,-0.7467f,-0.6593f,0.1845f,0f,0f,0f,1f],start_interpolation: 0,interpolation_duration: 1}
$data merge entity $(bone_barrel) {transformation: [-0.9702f,0.2142f,-0.113f,0.1195f,0.2256f,0.6297f,-0.7433f,-0.2428f,-0.0881f,-0.7467f,-0.6593f,0.2916f,0f,0f,0f,1f],start_interpolation: 0,interpolation_duration: 1}
$data merge entity $(bone_magazine) {transformation: [0f,0f,0f,-0.0938f,0f,0f,0f,-0.6141f,0f,0f,0f,0.4481f,0f,0f,0f,1f],start_interpolation: 0,interpolation_duration: 1}
$data merge entity $(bone_grip) {transformation: [-0.9702f,0.2142f,-0.113f,-0.0201f,0.2256f,0.6297f,-0.7433f,-0.3976f,-0.0881f,-0.7467f,-0.6593f,0.1914f,0f,0f,0f,1f],start_interpolation: 0,interpolation_duration: 1}
$data merge entity $(bone_trigger) {transformation: [-0.9702f,0.2142f,-0.113f,-0.0157f,0.2256f,0.6297f,-0.7433f,-0.3721f,-0.0881f,-0.7467f,-0.6593f,0.2083f,0f,0f,0f,1f],start_interpolation: 0,interpolation_duration: 1}
$data merge entity $(bone_trigger_gaurd) {transformation: [-0.9702f,0.2142f,-0.113f,-0.0059f,0.2256f,0.6297f,-0.7433f,-0.3298f,-0.0881f,-0.7467f,-0.6593f,0.2081f,0f,0f,0f,1f],start_interpolation: 0,interpolation_duration: 1}
$data merge entity $(bone_right_arm) {transformation: [-0.9702f,-0.113f,-0.2142f,-0.0937f,0.2256f,-0.7433f,-0.6297f,-0.6431f,-0.0881f,-0.6593f,0.7467f,-0.0167f,0f,0f,0f,1f],start_interpolation: 0,interpolation_duration: 1}
$data merge entity $(bone_magazine1) {transformation: [-0.8618f,0.1039f,-0.3297f,0.3972f,-0.174f,0.6349f,0.6549f,-0.6431f,0.2987f,0.6696f,-0.5699f,0.4047f,0f,0f,0f,1f],start_interpolation: 0,interpolation_duration: 1}
$data merge entity $(bone_left_arm) {transformation: [-0.9281f,-0.3614f,0.0893f,0.2684f,-0.1873f,0.2463f,-0.9509f,-0.6581f,0.3216f,-0.8993f,-0.2963f,0.0242f,0f,0f,0f,1f],start_interpolation: 0,interpolation_duration: 1}
data modify entity @s data merge value {"cameras":{},"locators":{"barrel1":{"px":0.01613129276122889,"py":-0.07583474649289029,"pz":0.36761744717304823,"ry":350.27598011636906,"rx":-48.01745261894637}}}