# This file was generated by Animated Java via MC-Build. It is not recommended to edit this file directly.
$data merge entity $(slide) {transformation: [-0.9898f,0.0736f,-0.1221f,0.0084f,0.1403f,0.6554f,-0.7421f,-0.0438f,0.0255f,-0.7517f,-0.659f,0.1773f,0f,0f,0f,1f],start_interpolation: 0,interpolation_duration: 1}
$data merge entity $(barrel) {transformation: [-0.9898f,0.0736f,-0.1221f,0.1176f,0.1403f,0.6554f,-0.7421f,-0.0705f,0.0255f,-0.7517f,-0.659f,0.2724f,0f,0f,0f,1f],start_interpolation: 0,interpolation_duration: 1}
$data merge entity $(magazine) {transformation: [0f,0f,0f,-0.0438f,0f,0f,0f,-0.4611f,0f,0f,0f,0.4432f,0f,0f,0f,1f],start_interpolation: 0,interpolation_duration: 1}
$data merge entity $(grip) {transformation: [-0.9898f,0.0736f,-0.1221f,-0.0186f,0.1403f,0.6554f,-0.7421f,-0.2358f,0.0255f,-0.7517f,-0.659f,0.1849f,0f,0f,0f,1f],start_interpolation: 0,interpolation_duration: 1}
$data merge entity $(trigger) {transformation: [-0.9898f,0.0736f,-0.1221f,-0.0145f,0.1403f,0.6554f,-0.7421f,-0.2102f,0.0255f,-0.7517f,-0.659f,0.2017f,0f,0f,0f,1f],start_interpolation: 0,interpolation_duration: 1}
$data merge entity $(trigger_gaurd) {transformation: [-0.9898f,0.0736f,-0.1221f,-0.0084f,0.1403f,0.6554f,-0.7421f,-0.1672f,0.0255f,-0.7517f,-0.659f,0.2014f,0f,0f,0f,1f],start_interpolation: 0,interpolation_duration: 1}
$data merge entity $(right_arm) {transformation: [-0.9898f,-0.1221f,-0.0736f,-0.0937f,0.1403f,-0.7421f,-0.6554f,-0.4842f,0.0255f,-0.659f,0.7517f,-0.0192f,0f,0f,0f,1f],start_interpolation: 0,interpolation_duration: 1}
$data merge entity $(magazine1) {transformation: [-0.8929f,0.0292f,-0.4493f,0.4065f,-0.2392f,0.8147f,0.5282f,-0.4137f,0.3815f,0.5791f,-0.7205f,0.4098f,0f,0f,0f,1f],start_interpolation: 0,interpolation_duration: 1}
$data merge entity $(left_arm) {transformation: [-0.8929f,-0.3964f,0.2137f,0.2786f,-0.2392f,0.0155f,-0.9709f,-0.5199f,0.3815f,-0.918f,-0.1086f,0.0438f,0f,0f,0f,1f],start_interpolation: 0,interpolation_duration: 1}
data modify entity @s data merge value {"cameras":{},"locators":{"barrel1":{"px":0.009492100154137727,"py":0.08571369142234703,"pz":0.36308614717352106,"ry":349.5002506655366,"rx":-47.912071289374715}}}