# This file was generated by Animated Java via MC-Build. It is not recommended to edit this file directly.
$data merge entity $(bone_slide) {transformation: [-0.5263f,-0.8411f,-0.1246f,-0.1421f,-0.5512f,0.4491f,-0.7032f,-0.1476f,0.6474f,-0.3015f,-0.7f,0.4199f,0f,0f,0f,1f],start_interpolation: 0,interpolation_duration: 1}
$data merge entity $(bone_barrel) {transformation: [-0.5263f,-0.8411f,-0.1246f,-0.0095f,-0.5512f,0.4491f,-0.7032f,-0.0842f,0.6474f,-0.3015f,-0.7f,0.4128f,0f,0f,0f,1f],start_interpolation: 0,interpolation_duration: 1}
$data merge entity $(bone_magazine) {transformation: [0f,0f,0f,0.2418f,0f,0f,0f,-0.4609f,0f,0f,0f,0.4653f,0f,0f,0f,1f],start_interpolation: 0,interpolation_duration: 1}
$data merge entity $(bone_grip) {transformation: [-0.5263f,-0.8411f,-0.1246f,-0.0474f,-0.5512f,0.4491f,-0.7032f,-0.3065f,0.6474f,-0.3015f,-0.7f,0.3616f,0f,0f,0f,1f],start_interpolation: 0,interpolation_duration: 1}
$data merge entity $(bone_trigger) {transformation: [-0.5263f,-0.8411f,-0.1246f,-0.0472f,-0.5512f,0.4491f,-0.7032f,-0.283f,0.6474f,-0.3015f,-0.7f,0.3817f,0f,0f,0f,1f],start_interpolation: 0,interpolation_duration: 1}
$data merge entity $(bone_trigger_gaurd) {transformation: [-0.5263f,-0.8411f,-0.1246f,-0.0675f,-0.5512f,0.4491f,-0.7032f,-0.2473f,0.6474f,-0.3015f,-0.7f,0.3958f,0f,0f,0f,1f],start_interpolation: 0,interpolation_duration: 1}
$data merge entity $(bone_right_arm) {transformation: [-0.5263f,-0.1246f,0.8411f,-0.0938f,-0.5512f,-0.7032f,-0.4491f,-0.5629f,0.6474f,-0.7f,0.3015f,0.1588f,0f,0f,0f,1f],start_interpolation: 0,interpolation_duration: 1}
$data merge entity $(bone_magazine1) {transformation: [-0.5263f,-0.8488f,-0.0508f,0.0696f,-0.5512f,0.3861f,-0.7397f,-0.4606f,0.6474f,-0.3613f,-0.671f,0.3762f,0f,0f,0f,1f],start_interpolation: 0,interpolation_duration: 1}
$data merge entity $(bone_left_arm) {transformation: [-0.5263f,0.4764f,0.7043f,0.3344f,-0.5512f,-0.8219f,0.144f,-0.7604f,0.6474f,-0.3124f,0.6952f,0.3362f,0f,0f,0f,1f],start_interpolation: 0,interpolation_duration: 1}
data modify entity @s data merge value {"cameras":{},"locators":{"barrel1":{"px":-0.09204906017760543,"py":-0.09635785409665154,"pz":0.5380239933039073,"ry":349.9074949263308,"rx":-44.68642497364425}}}