# This file was generated by Animated Java via MC-Build. It is not recommended to edit this file directly.
$data merge entity $(bone_slide) {transformation: [-0.8484f,-0.5178f,-0.1098f,-0.215f,-0.2548f,0.5813f,-0.7728f,-0.0438f,0.464f,-0.6276f,-0.6251f,0.1539f,0f,0f,0f,1f],start_interpolation: 0,interpolation_duration: 1}
$data merge entity $(bone_barrel) {transformation: [-0.8484f,-0.5178f,-0.1098f,-0.0741f,-0.2548f,0.5813f,-0.7728f,-0.0195f,0.464f,-0.6276f,-0.6251f,0.1891f,0f,0f,0f,1f],start_interpolation: 0,interpolation_duration: 1}
$data merge entity $(bone_magazine) {transformation: [0f,0f,0f,0.0167f,0f,0f,0f,-0.43f,0f,0f,0f,0.3655f,0f,0f,0f,1f],start_interpolation: 0,interpolation_duration: 1}
$data merge entity $(bone_grip) {transformation: [-0.8484f,-0.5178f,-0.1098f,-0.1613f,-0.2548f,0.5813f,-0.7728f,-0.2301f,0.464f,-0.6276f,-0.6251f,0.1497f,0f,0f,0f,1f],start_interpolation: 0,interpolation_duration: 1}
$data merge entity $(bone_trigger) {transformation: [-0.8484f,-0.5178f,-0.1098f,-0.1602f,-0.2548f,0.5813f,-0.7728f,-0.2039f,0.464f,-0.6276f,-0.6251f,0.1661f,0f,0f,0f,1f],start_interpolation: 0,interpolation_duration: 1}
$data merge entity $(bone_trigger_gaurd) {transformation: [-0.8484f,-0.5178f,-0.1098f,-0.1716f,-0.2548f,0.5813f,-0.7728f,-0.1621f,0.464f,-0.6276f,-0.6251f,0.1683f,0f,0f,0f,1f],start_interpolation: 0,interpolation_duration: 1}
$data merge entity $(bone_right_arm) {transformation: [-0.8484f,-0.1098f,0.5178f,-0.2187f,-0.2548f,-0.7728f,-0.5813f,-0.5011f,0.464f,-0.6251f,0.6276f,-0.03f,0f,0f,0f,1f],start_interpolation: 0,interpolation_duration: 1}
$data merge entity $(bone_magazine1) {transformation: [-0.698f,-0.5519f,-0.4562f,0.1301f,-0.4298f,0.8325f,-0.3495f,-0.2739f,0.5727f,-0.0478f,-0.8184f,0.3032f,0f,0f,0f,1f],start_interpolation: 0,interpolation_duration: 1}
$data merge entity $(bone_left_arm) {transformation: [-0.698f,-0.06f,0.7135f,0.1895f,-0.4298f,-0.7619f,-0.4846f,-0.6233f,0.5727f,-0.6449f,0.506f,0.1133f,0f,0f,0f,1f],start_interpolation: 0,interpolation_duration: 1}
data modify entity @s data merge value {"cameras":{},"locators":{"barrel1":{"px":-0.18121940108663687,"py":0.08786383536595088,"pz":0.3351420791475346,"ry":350.0400798234364,"rx":-50.60207087501027}}}