# This file was generated by Animated Java via MC-Build. It is not recommended to edit this file directly.
$data merge entity $(bone_slide) {transformation: [-0.5263f,-0.8411f,-0.1246f,-0.1421f,-0.6165f,0.4784f,-0.6253f,-0.1538f,0.5855f,-0.2523f,-0.7704f,0.447f,0f,0f,0f,1f],start_interpolation: 0,interpolation_duration: 1}
$data merge entity $(bone_barrel) {transformation: [-0.5263f,-0.8411f,-0.1246f,-0.0095f,-0.6165f,0.4784f,-0.6253f,-0.09f,0.5855f,-0.2523f,-0.7704f,0.4467f,0f,0f,0f,1f],start_interpolation: 0,interpolation_duration: 1}
$data merge entity $(bone_magazine) {transformation: [0f,0f,0f,0.2418f,0f,0f,0f,-0.4701f,0f,0f,0f,0.459f,0f,0f,0f,1f],start_interpolation: 0,interpolation_duration: 1}
$data merge entity $(bone_grip) {transformation: [-0.5263f,-0.8411f,-0.1246f,-0.0474f,-0.6165f,0.4784f,-0.6253f,-0.3057f,0.5855f,-0.2523f,-0.7704f,0.3722f,0f,0f,0f,1f],start_interpolation: 0,interpolation_duration: 1}
$data merge entity $(bone_trigger) {transformation: [-0.5263f,-0.8411f,-0.1246f,-0.0472f,-0.6165f,0.4784f,-0.6253f,-0.2844f,0.5855f,-0.2523f,-0.7704f,0.3947f,0f,0f,0f,1f],start_interpolation: 0,interpolation_duration: 1}
$data merge entity $(bone_trigger_gaurd) {transformation: [-0.5263f,-0.8411f,-0.1246f,-0.0675f,-0.6165f,0.4784f,-0.6253f,-0.2503f,0.5855f,-0.2523f,-0.7704f,0.4124f,0f,0f,0f,1f],start_interpolation: 0,interpolation_duration: 1}
$data merge entity $(bone_right_arm) {transformation: [-0.5263f,-0.1246f,0.8411f,-0.0938f,-0.6165f,-0.6253f,-0.4784f,-0.5392f,0.5855f,-0.7704f,0.2523f,0.1434f,0f,0f,0f,1f],start_interpolation: 0,interpolation_duration: 1}
$data merge entity $(bone_magazine1) {transformation: [-0.5263f,-0.8488f,-0.0508f,0.0071f,-0.6165f,0.4221f,-0.6646f,-0.3988f,0.5855f,-0.3185f,-0.7455f,0.3603f,0f,0f,0f,1f],start_interpolation: 0,interpolation_duration: 1}
$data merge entity $(bone_left_arm) {transformation: [-0.5263f,0.4764f,0.7043f,0.2719f,-0.6165f,-0.7842f,0.0697f,-0.6927f,0.5855f,-0.3975f,0.7065f,0.2889f,0f,0f,0f,1f],start_interpolation: 0,interpolation_duration: 1}
execute on vehicle unless entity @s[tag=aj.transforms_only] positioned ^-0.0920490602 ^-0.1153259929 ^0.5698670998 rotated ~350.8134426336 ~-38.7041053079 run function animated_java:glock/animations/reload_empty/zzz/frames/20_locator_barrel1
data modify entity @s data merge value {"cameras":{},"locators":{"barrel1":{"px":-0.09204906017760545,"py":-0.1153259929207468,"pz":0.5698670998149387,"ry":350.81344263355584,"rx":-38.704105307885825}}}