# This file was generated by Animated Java via MC-Build. It is not recommended to edit this file directly.
$data merge entity $(bone_slide) {transformation: [-0.5107f,-0.8507f,-0.1247f,-0.144f,-0.6238f,0.4665f,-0.6271f,-0.1432f,0.5916f,-0.2425f,-0.7689f,0.4468f,0f,0f,0f,1f],start_interpolation: 0,interpolation_duration: 1}
$data merge entity $(bone_barrel) {transformation: [-0.5107f,-0.8507f,-0.1247f,-0.0123f,-0.6238f,0.4665f,-0.6271f,-0.0774f,0.5916f,-0.2425f,-0.7689f,0.445f,0f,0f,0f,1f],start_interpolation: 0,interpolation_duration: 1}
$data merge entity $(bone_magazine) {transformation: [0f,0f,0f,0.2444f,0f,0f,0f,-0.454f,0f,0f,0f,0.4543f,0f,0f,0f,1f],start_interpolation: 0,interpolation_duration: 1}
$data merge entity $(bone_grip) {transformation: [-0.5107f,-0.8507f,-0.1247f,-0.048f,-0.6238f,0.4665f,-0.6271f,-0.2937f,0.5916f,-0.2425f,-0.7689f,0.371f,0f,0f,0f,1f],start_interpolation: 0,interpolation_duration: 1}
$data merge entity $(bone_trigger) {transformation: [-0.5107f,-0.8507f,-0.1247f,-0.0479f,-0.6238f,0.4665f,-0.6271f,-0.2724f,0.5916f,-0.2425f,-0.7689f,0.3935f,0f,0f,0f,1f],start_interpolation: 0,interpolation_duration: 1}
$data merge entity $(bone_trigger_gaurd) {transformation: [-0.5107f,-0.8507f,-0.1247f,-0.0684f,-0.6238f,0.4665f,-0.6271f,-0.2386f,0.5916f,-0.2425f,-0.7689f,0.4114f,0f,0f,0f,1f],start_interpolation: 0,interpolation_duration: 1}
$data merge entity $(bone_right_arm) {transformation: [-0.5107f,-0.1247f,0.8507f,-0.0938f,-0.6238f,-0.6271f,-0.4665f,-0.5278f,0.5916f,-0.7689f,0.2425f,0.1427f,0f,0f,0f,1f],start_interpolation: 0,interpolation_duration: 1}
$data merge entity $(bone_magazine1) {transformation: [-0.5263f,-0.8489f,-0.0475f,0.0086f,-0.6172f,0.4199f,-0.6654f,-0.3883f,0.5848f,-0.3209f,-0.745f,0.3602f,0f,0f,0f,1f],start_interpolation: 0,interpolation_duration: 1}
$data merge entity $(bone_left_arm) {transformation: [-0.5263f,0.4791f,0.7024f,0.2742f,-0.6172f,-0.7835f,0.0719f,-0.6817f,0.5848f,-0.3957f,0.7081f,0.2896f,0f,0f,0f,1f],start_interpolation: 0,interpolation_duration: 1}
$execute on vehicle unless entity @s[tag=aj.transforms_only] as $(locator_barrel1) positioned ^-0.0813769374 ^-0.0451412822 ^0.6412384932 rotated ~350.7873535167 ~-38.8346627787 run function animated_java:glock/animations/reload_empty/zzz/frames/20_locator_barrel1
data modify entity @s data merge value {"cameras":{},"locators":{"barrel1":{"px":-0.08137693736082874,"py":-0.04514128215363064,"pz":0.6412384931789799,"ry":350.7873535167371,"rx":-38.834662778654526},"ammo_display":{"px":-0.028442323857708188,"py":-0.1580825666769062,"pz":0.36711202976563534,"ry":350.7873535167371,"rx":-38.834662778654526}}}