# This file was generated by Animated Java via MC-Build. It is not recommended to edit this file directly.
$data merge entity $(slide) {transformation: [-0.5263f,-0.8411f,-0.1246f,-0.1421f,-0.5423f,0.4449f,-0.7127f,-0.033f,0.6549f,-0.3076f,-0.6903f,0.2147f,0f,0f,0f,1f],start_interpolation: 0,interpolation_duration: 1}
$data merge entity $(barrel) {transformation: [-0.5263f,-0.8411f,-0.1246f,-0.0095f,-0.5423f,0.4449f,-0.7127f,0.0304f,0.6549f,-0.3076f,-0.6903f,0.2068f,0f,0f,0f,1f],start_interpolation: 0,interpolation_duration: 1}
$data merge entity $(magazine) {transformation: [0f,0f,0f,0.2418f,0f,0f,0f,-0.3456f,0f,0f,0f,0.2644f,0f,0f,0f,1f],start_interpolation: 0,interpolation_duration: 1}
$data merge entity $(grip) {transformation: [-0.5263f,-0.8411f,-0.1246f,-0.0474f,-0.5423f,0.4449f,-0.7127f,-0.1927f,0.6549f,-0.3076f,-0.6903f,0.1586f,0f,0f,0f,1f],start_interpolation: 0,interpolation_duration: 1}
$data merge entity $(trigger) {transformation: [-0.5263f,-0.8411f,-0.1246f,-0.0472f,-0.5423f,0.4449f,-0.7127f,-0.1689f,0.6549f,-0.3076f,-0.6903f,0.1784f,0f,0f,0f,1f],start_interpolation: 0,interpolation_duration: 1}
$data merge entity $(trigger_gaurd) {transformation: [-0.5263f,-0.8411f,-0.1246f,-0.0675f,-0.5423f,0.4449f,-0.7127f,-0.1329f,0.6549f,-0.3076f,-0.6903f,0.1919f,0f,0f,0f,1f],start_interpolation: 0,interpolation_duration: 1}
$data merge entity $(right_arm) {transformation: [-0.5263f,-0.1246f,0.8411f,-0.0937f,-0.5423f,-0.7127f,-0.4449f,-0.4517f,0.6549f,-0.6903f,0.3076f,-0.0407f,0f,0f,0f,1f],start_interpolation: 0,interpolation_duration: 1}
$data merge entity $(magazine1) {transformation: [-0.5263f,-0.8488f,-0.0508f,0.0696f,-0.5423f,0.3811f,-0.7488f,-0.3414f,0.6549f,-0.3666f,-0.6609f,0.1791f,0f,0f,0f,1f],start_interpolation: 0,interpolation_duration: 1}
$data merge entity $(left_arm) {transformation: [-0.5263f,0.4764f,0.7043f,0.3344f,-0.5423f,-0.826f,0.1534f,-0.6417f,0.6549f,-0.3012f,0.6931f,0.1433f,0f,0f,0f,1f],start_interpolation: 0,interpolation_duration: 1}
data modify entity @s data merge value {"cameras":{},"locators":{"barrel1":{"px":-0.08036891298814103,"py":0.08672405016471685,"pz":0.39686868679732284,"ry":349.7695132418618,"rx":-45.454362510941344}}}