# This file was generated by Animated Java via MC-Build. It is not recommended to edit this file directly.
$data merge entity $(bone_slide) {transformation: [-0.4463f,-0.8876f,-0.1135f,-0.157f,-0.7416f,0.4379f,-0.5083f,-0.1554f,0.5009f,-0.1427f,-0.8537f,0.4849f,0f,0f,0f,1f],start_interpolation: 0,interpolation_duration: 1}
$data merge entity $(bone_barrel) {transformation: [-0.4463f,-0.8876f,-0.1135f,-0.0299f,-0.7416f,0.4379f,-0.5083f,-0.0811f,0.5009f,-0.1427f,-0.8537f,0.4897f,0f,0f,0f,1f],start_interpolation: 0,interpolation_duration: 1}
$data merge entity $(bone_magazine) {transformation: [0f,0f,0f,0.2507f,0f,0f,0f,-0.4359f,0f,0f,0f,0.4329f,0f,0f,0f,1f],start_interpolation: 0,interpolation_duration: 1}
$data merge entity $(bone_grip) {transformation: [-0.4463f,-0.8876f,-0.1135f,-0.0545f,-0.7416f,0.4379f,-0.5083f,-0.2854f,0.5009f,-0.1427f,-0.8537f,0.3838f,0f,0f,0f,1f],start_interpolation: 0,interpolation_duration: 1}
$data merge entity $(bone_trigger) {transformation: [-0.4463f,-0.8876f,-0.1135f,-0.0549f,-0.7416f,0.4379f,-0.5083f,-0.2679f,0.5009f,-0.1427f,-0.8537f,0.4094f,0f,0f,0f,1f],start_interpolation: 0,interpolation_duration: 1}
$data merge entity $(bone_trigger_gaurd) {transformation: [-0.4463f,-0.8876f,-0.1135f,-0.0768f,-0.7416f,0.4379f,-0.5083f,-0.2388f,0.5009f,-0.1427f,-0.8537f,0.4329f,0f,0f,0f,1f],start_interpolation: 0,interpolation_duration: 1}
$data merge entity $(bone_right_arm) {transformation: [-0.4463f,-0.1135f,0.8876f,-0.0938f,-0.7416f,-0.5083f,-0.4379f,-0.4841f,0.5009f,-0.8537f,0.1427f,0.1232f,0f,0f,0f,1f],start_interpolation: 0,interpolation_duration: 1}
$data merge entity $(bone_magazine1) {transformation: [0f,0f,0f,-0.0481f,0f,0f,0f,-0.3303f,0f,0f,0f,0.3649f,0f,0f,0f,1f],start_interpolation: -1,interpolation_duration: 0}
$data merge entity $(bone_left_arm) {transformation: [-0.5341f,0.4239f,0.7315f,0.1996f,-0.698f,-0.7093f,-0.0986f,-0.6148f,0.4771f,-0.5632f,0.6747f,0.226f,0f,0f,0f,1f],start_interpolation: 0,interpolation_duration: 1}
$execute on vehicle unless entity @s[tag=aj.transforms_only] as $(locator_ammo_display) positioned ^-0.0438377505 ^-0.149787924 ^0.400639674 rotated ~352.4283293283 ~-30.5489692217 run function animated_java:glock/animations/reload_empty/zzz/frames/23_locator_ammo_display
data modify entity @s data merge value {"cameras":{},"locators":{"barrel1":{"px":-0.09337240547322777,"py":-0.08439130668194458,"pz":0.6904201519244191,"ry":352.42832932829094,"rx":-30.548969221705274},"ammo_display":{"px":-0.043837750502608075,"py":-0.14978792395757823,"pz":0.40063967396593747,"ry":352.42832932829094,"rx":-30.548969221705274}}}