# This file was generated by Animated Java via MC-Build. It is not recommended to edit this file directly.
$data merge entity $(bone_slide) {transformation: [-0.5046f,-0.8543f,-0.1247f,-0.1447f,-0.5624f,0.4349f,-0.7033f,-0.1897f,0.6551f,-0.2847f,-0.6999f,0.2201f,0f,0f,0f,1f],start_interpolation: 0,interpolation_duration: 1}
$data merge entity $(bone_barrel) {transformation: [-0.5046f,-0.8543f,-0.1247f,-0.0134f,-0.5624f,0.4349f,-0.7033f,-0.1238f,0.6551f,-0.2847f,-0.6999f,0.2108f,0f,0f,0f,1f],start_interpolation: 0,interpolation_duration: 1}
$data merge entity $(bone_magazine) {transformation: [0f,0f,0f,0.2454f,0f,0f,0f,-0.4962f,0f,0f,0f,0.2575f,0f,0f,0f,1f],start_interpolation: 0,interpolation_duration: 1}
$data merge entity $(bone_grip) {transformation: [-0.5046f,-0.8543f,-0.1247f,-0.0483f,-0.5624f,0.4349f,-0.7033f,-0.3467f,0.6551f,-0.2847f,-0.6999f,0.1596f,0f,0f,0f,1f],start_interpolation: 0,interpolation_duration: 1}
$data merge entity $(bone_trigger) {transformation: [-0.5046f,-0.8543f,-0.1247f,-0.0482f,-0.5624f,0.4349f,-0.7033f,-0.3233f,0.6551f,-0.2847f,-0.6999f,0.1798f,0f,0f,0f,1f],start_interpolation: 0,interpolation_duration: 1}
$data merge entity $(bone_trigger_gaurd) {transformation: [-0.5046f,-0.8543f,-0.1247f,-0.0688f,-0.5624f,0.4349f,-0.7033f,-0.2879f,0.6551f,-0.2847f,-0.6999f,0.1943f,0f,0f,0f,1f],start_interpolation: 0,interpolation_duration: 1}
$data merge entity $(bone_right_arm) {transformation: [-0.5046f,-0.1247f,0.8543f,-0.0937f,-0.5624f,-0.7033f,-0.4349f,-0.6032f,0.6551f,-0.6999f,0.2847f,-0.0432f,0f,0f,0f,1f],start_interpolation: 0,interpolation_duration: 1}
$data merge entity $(bone_magazine1) {transformation: [-0.4699f,-0.874f,0.1236f,0.0164f,-0.564f,0.1896f,-0.8037f,-0.5538f,0.679f,-0.4474f,-0.5821f,0.1396f,0f,0f,0f,1f],start_interpolation: 0,interpolation_duration: 1}
$data merge entity $(bone_left_arm) {transformation: [-0.4699f,0.6301f,0.6182f,0.3305f,-0.564f,-0.753f,0.3388f,-0.8046f,0.679f,-0.1895f,0.7093f,0.1486f,0f,0f,0f,1f],start_interpolation: 0,interpolation_duration: 1}
data modify entity @s data merge value {"cameras":{},"locators":{"barrel1":{"px":-0.08177669573995179,"py":-0.07192938314790989,"pz":0.4030815262653016,"ry":349.8945490607744,"rx":-44.69105967589651}}}