# This file was generated by Animated Java via MC-Build. It is not recommended to edit this file directly.
$data merge entity $(bone_slide) {transformation: [-0.4867f,-0.8646f,-0.1247f,-0.2719f,-0.5922f,0.4315f,-0.6805f,-0.0654f,0.6422f,-0.2573f,-0.7221f,0.2303f,0f,0f,0f,1f],start_interpolation: 0,interpolation_duration: 1}
$data merge entity $(bone_barrel) {transformation: [-0.4867f,-0.8646f,-0.1247f,-0.1417f,-0.5922f,0.4315f,-0.6805f,0.0027f,0.6422f,-0.2573f,-0.7221f,0.2215f,0f,0f,0f,1f],start_interpolation: 0,interpolation_duration: 1}
$data merge entity $(bone_magazine) {transformation: [0f,0f,0f,0.1232f,0f,0f,0f,-0.3671f,0f,0f,0f,0.2515f,0f,0f,0f,1f],start_interpolation: 0,interpolation_duration: 1}
$data merge entity $(bone_grip) {transformation: [-0.4867f,-0.8646f,-0.1247f,-0.174f,-0.5922f,0.4315f,-0.6805f,-0.2187f,0.6422f,-0.2573f,-0.7221f,0.1631f,0f,0f,0f,1f],start_interpolation: 0,interpolation_duration: 1}
$data merge entity $(bone_trigger) {transformation: [-0.4867f,-0.8646f,-0.1247f,-0.174f,-0.5922f,0.4315f,-0.6805f,-0.196f,0.6422f,-0.2573f,-0.7221f,0.184f,0f,0f,0f,1f],start_interpolation: 0,interpolation_duration: 1}
$data merge entity $(bone_trigger_gaurd) {transformation: [-0.4867f,-0.8646f,-0.1247f,-0.1949f,-0.5922f,0.4315f,-0.6805f,-0.1615f,0.6422f,-0.2573f,-0.7221f,0.2f,0f,0f,0f,1f],start_interpolation: 0,interpolation_duration: 1}
$data merge entity $(bone_right_arm) {transformation: [-0.4867f,-0.1247f,0.8646f,-0.2187f,-0.5922f,-0.6805f,-0.4315f,-0.4688f,0.6422f,-0.7221f,0.2573f,-0.0479f,0f,0f,0f,1f],start_interpolation: 0,interpolation_duration: 1}
$data merge entity $(bone_magazine1) {transformation: [-0.5076f,-0.8615f,0.0058f,-0.1198f,-0.5815f,0.3377f,-0.7401f,-0.3447f,0.6357f,-0.3791f,-0.6724f,0.1518f,0f,0f,0f,1f],start_interpolation: 0,interpolation_duration: 1}
$data merge entity $(bone_left_arm) {transformation: [-0.5076f,0.5291f,0.68f,0.1625f,-0.5815f,-0.7928f,0.1827f,-0.6288f,0.6357f,-0.3027f,0.7101f,0.1173f,0f,0f,0f,1f],start_interpolation: 0,interpolation_duration: 1}
data modify entity @s data merge value {"cameras":{},"locators":{"barrel1":{"px":-0.20796650872502156,"py":0.04691873449675468,"pz":0.41637545808353527,"ry":350.1987169139747,"rx":-42.88246114010265}}}