# This file was generated by Animated Java via MC-Build. It is not recommended to edit this file directly.
$data merge entity $(bone_slide) {transformation: [-0.7588f,-0.6387f,-0.1274f,-0.1028f,-0.5705f,0.7462f,-0.3431f,-0.1915f,0.3142f,-0.1876f,-0.9306f,0.5168f,0f,0f,0f,1f],start_interpolation: 0,interpolation_duration: 1}
$data merge entity $(bone_barrel) {transformation: [-0.7588f,-0.6387f,-0.1274f,0.0391f,-0.5705f,0.7462f,-0.3431f,-0.1702f,0.3142f,-0.1876f,-0.9306f,0.5499f,0f,0f,0f,1f],start_interpolation: 0,interpolation_duration: 1}
$data merge entity $(bone_magazine) {transformation: [0f,0f,0f,0.1841f,0f,0f,0f,-0.5959f,0f,0f,0f,0.4754f,0f,0f,0f,1f],start_interpolation: 0,interpolation_duration: 1}
$data merge entity $(bone_grip) {transformation: [-0.7588f,-0.6387f,-0.1274f,-0.0354f,-0.5705f,0.7462f,-0.3431f,-0.3394f,0.3142f,-0.1876f,-0.9306f,0.4108f,0f,0f,0f,1f],start_interpolation: 0,interpolation_duration: 1}
$data merge entity $(bone_trigger) {transformation: [-0.7588f,-0.6387f,-0.1274f,-0.0343f,-0.5705f,0.7462f,-0.3431f,-0.3256f,0.3142f,-0.1876f,-0.9306f,0.4385f,0f,0f,0f,1f],start_interpolation: 0,interpolation_duration: 1}
$data merge entity $(bone_trigger_gaurd) {transformation: [-0.7588f,-0.6387f,-0.1274f,-0.0486f,-0.5705f,0.7462f,-0.3431f,-0.2929f,0.3142f,-0.1876f,-0.9306f,0.4633f,0f,0f,0f,1f],start_interpolation: 0,interpolation_duration: 1}
$data merge entity $(bone_right_arm) {transformation: [-0.7588f,-0.1274f,0.6387f,-0.0938f,-0.5705f,-0.3431f,-0.7462f,-0.4827f,0.3142f,-0.9306f,0.1876f,0.1192f,0f,0f,0f,1f],start_interpolation: 0,interpolation_duration: 1}
$data merge entity $(bone_magazine1) {transformation: [0f,0f,0f,-0.0304f,0f,0f,0f,-0.401f,0f,0f,0f,0.3925f,0f,0f,0f,1f],start_interpolation: 0,interpolation_duration: 1}
$data merge entity $(bone_left_arm) {transformation: [-0.4481f,0.5281f,0.7213f,0.2563f,-0.8366f,-0.532f,-0.1303f,-0.6209f,0.315f,-0.6619f,0.6802f,0.2162f,0f,0f,0f,1f],start_interpolation: 0,interpolation_duration: 1}
data modify entity @s data merge value {"cameras":{},"locators":{"barrel1":{"px":-0.06850480971605741,"py":-0.20190121721081353,"pz":0.6502170742303406,"ry":352.2050107680416,"rx":-20.06442184648771}}}