# This file was generated by Animated Java via MC-Build. It is not recommended to edit this file directly.
$data merge entity $(bone_slide) {transformation: [-0.6296f,-0.7658f,-0.1312f,-0.1243f,-0.6899f,0.6287f,-0.3588f,-0.1793f,0.3573f,-0.1353f,-0.9241f,0.517f,0f,0f,0f,1f],start_interpolation: 0,interpolation_duration: 1}
$data merge entity $(bone_barrel) {transformation: [-0.6296f,-0.7658f,-0.1312f,0.014f,-0.6899f,0.6287f,-0.3588f,-0.1345f,0.3573f,-0.1353f,-0.9241f,0.5409f,0f,0f,0f,1f],start_interpolation: 0,interpolation_duration: 1}
$data merge entity $(bone_magazine) {transformation: [0f,0f,0f,0.2227f,0f,0f,0f,-0.5298f,0f,0f,0f,0.4515f,0f,0f,0f,1f],start_interpolation: 0,interpolation_duration: 1}
$data merge entity $(bone_grip) {transformation: [-0.6296f,-0.7658f,-0.1312f,-0.0405f,-0.6899f,0.6287f,-0.3588f,-0.3137f,0.3573f,-0.1353f,-0.9241f,0.405f,0f,0f,0f,1f],start_interpolation: 0,interpolation_duration: 1}
$data merge entity $(bone_trigger) {transformation: [-0.6296f,-0.7658f,-0.1312f,-0.0398f,-0.6899f,0.6287f,-0.3588f,-0.2999f,0.3573f,-0.1353f,-0.9241f,0.4327f,0f,0f,0f,1f],start_interpolation: 0,interpolation_duration: 1}
$data merge entity $(bone_trigger_gaurd) {transformation: [-0.6296f,-0.7658f,-0.1312f,-0.0577f,-0.6899f,0.6287f,-0.3588f,-0.2701f,0.3573f,-0.1353f,-0.9241f,0.4588f,0f,0f,0f,1f],start_interpolation: 0,interpolation_duration: 1}
$data merge entity $(bone_right_arm) {transformation: [-0.6296f,-0.1312f,0.7658f,-0.0938f,-0.6899f,-0.3588f,-0.6287f,-0.4645f,0.3573f,-0.9241f,0.1353f,0.1162f,0f,0f,0f,1f],start_interpolation: 0,interpolation_duration: 1}
$data merge entity $(bone_magazine1) {transformation: [0f,0f,0f,-0.0398f,0f,0f,0f,-0.3567f,0f,0f,0f,0.3807f,0f,0f,0f,1f],start_interpolation: 0,interpolation_duration: 1}
$data merge entity $(bone_left_arm) {transformation: [-0.5039f,0.4657f,0.7275f,0.2235f,-0.782f,-0.6036f,-0.1552f,-0.6071f,0.3668f,-0.6471f,0.6683f,0.2087f,0f,0f,0f,1f],start_interpolation: 0,interpolation_duration: 1}
data modify entity @s data merge value {"cameras":{},"locators":{"barrel1":{"px":-0.06743803074040441,"py":-0.15025668422843297,"pz":0.7343657998061738,"ry":351.91687321374525,"rx":-21.026297236464327},"ammo_display":{"px":-0.004837476633551788,"py":-0.18664616565889755,"pz":0.4420302028174785,"ry":351.91687321374525,"rx":-21.026297236464327}}}