# This file was generated by Animated Java via MC-Build. It is not recommended to edit this file directly.
$data merge entity $(bone_slide) {transformation: [-0.4927f,-0.8612f,-0.1247f,-0.2712f,-0.6119f,0.4448f,-0.654f,-0.0661f,0.6187f,-0.2459f,-0.7462f,0.2399f,0f,0f,0f,1f],start_interpolation: 0,interpolation_duration: 1}
$data merge entity $(bone_barrel) {transformation: [-0.4927f,-0.8612f,-0.1247f,-0.1406f,-0.6119f,0.4448f,-0.654f,0.0016f,0.6187f,-0.2459f,-0.7462f,0.2341f,0f,0f,0f,1f],start_interpolation: 0,interpolation_duration: 1}
$data merge entity $(bone_magazine) {transformation: [0f,0f,0f,0.1223f,0f,0f,0f,-0.3704f,0f,0f,0f,0.2522f,0f,0f,0f,1f],start_interpolation: 0,interpolation_duration: 1}
$data merge entity $(bone_grip) {transformation: [-0.4927f,-0.8612f,-0.1247f,-0.1738f,-0.6119f,0.4448f,-0.654f,-0.2175f,0.6187f,-0.2459f,-0.7462f,0.1677f,0f,0f,0f,1f],start_interpolation: 0,interpolation_duration: 1}
$data merge entity $(bone_trigger) {transformation: [-0.4927f,-0.8612f,-0.1247f,-0.1737f,-0.6119f,0.4448f,-0.654f,-0.1956f,0.6187f,-0.2459f,-0.7462f,0.1895f,0f,0f,0f,1f],start_interpolation: 0,interpolation_duration: 1}
$data merge entity $(bone_trigger_gaurd) {transformation: [-0.4927f,-0.8612f,-0.1247f,-0.1945f,-0.6119f,0.4448f,-0.654f,-0.1615f,0.6187f,-0.2459f,-0.7462f,0.2066f,0f,0f,0f,1f],start_interpolation: 0,interpolation_duration: 1}
$data merge entity $(bone_right_arm) {transformation: [-0.4927f,-0.1247f,0.8612f,-0.2187f,-0.6119f,-0.654f,-0.4448f,-0.4597f,0.6187f,-0.7462f,0.2459f,-0.0521f,0f,0f,0f,1f],start_interpolation: 0,interpolation_duration: 1}
$data merge entity $(bone_magazine1) {transformation: [-0.5263f,-0.8488f,-0.0498f,-0.1211f,-0.5986f,0.4115f,-0.6873f,-0.3082f,0.6038f,-0.3319f,-0.7247f,0.1611f,0f,0f,0f,1f],start_interpolation: 0,interpolation_duration: 1}
$data merge entity $(bone_left_arm) {transformation: [-0.5263f,0.4772f,0.7037f,0.1439f,-0.5986f,-0.7957f,0.0919f,-0.6039f,0.6038f,-0.3729f,0.7045f,0.0989f,0f,0f,0f,1f],start_interpolation: 0,interpolation_duration: 1}
data modify entity @s data merge value {"cameras":{},"locators":{"barrel1":{"px":-0.20756519064303072,"py":0.03920786628784326,"pz":0.43008672545170745,"ry":350.5087024015593,"rx":-40.840997462336475}}}