# This file was generated by Animated Java via MC-Build. It is not recommended to edit this file directly.
$data merge entity $(bone_slide) {transformation: [-0.8173f,0.5625f,-0.1246f,0.0762f,0.5431f,0.68f,-0.4926f,-0.1868f,-0.1924f,-0.4703f,-0.8613f,0.4655f,0f,0f,0f,1f],start_interpolation: 0,interpolation_duration: 1}
$data merge entity $(bone_barrel) {transformation: [-0.8173f,0.5625f,-0.1246f,0.1271f,0.5431f,0.68f,-0.4926f,-0.2735f,-0.1924f,-0.4703f,-0.8613f,0.5731f,0f,0f,0f,1f],start_interpolation: 0,interpolation_duration: 1}
$data merge entity $(bone_magazine) {transformation: [0f,0f,0f,-0.2097f,0f,0f,0f,-0.5806f,0f,0f,0f,0.5688f,0f,0f,0f,1f],start_interpolation: 0,interpolation_duration: 1}
$data merge entity $(bone_grip) {transformation: [-0.8173f,0.5625f,-0.1246f,-0.0164f,0.5431f,0.68f,-0.4926f,-0.3469f,-0.1924f,-0.4703f,-0.8613f,0.4071f,0f,0f,0f,1f],start_interpolation: 0,interpolation_duration: 1}
$data merge entity $(bone_trigger) {transformation: [-0.8173f,0.5625f,-0.1246f,-0.0101f,0.5431f,0.68f,-0.4926f,-0.3288f,-0.1924f,-0.4703f,-0.8613f,0.4314f,0f,0f,0f,1f],start_interpolation: 0,interpolation_duration: 1}
$data merge entity $(bone_trigger_gaurd) {transformation: [-0.8173f,0.5625f,-0.1246f,0.0102f,0.5431f,0.68f,-0.4926f,-0.2932f,-0.1924f,-0.4703f,-0.8613f,0.4458f,0f,0f,0f,1f],start_interpolation: 0,interpolation_duration: 1}
$data merge entity $(bone_right_arm) {transformation: [-0.8173f,-0.1246f,-0.5625f,-0.0938f,0.5431f,-0.4926f,-0.68f,-0.5f,-0.1924f,-0.8613f,0.4703f,0.125f,0f,0f,0f,1f],start_interpolation: 0,interpolation_duration: 1}
$data merge entity $(bone_magazine1) {transformation: [0f,0f,0f,-0.0288f,0f,0f,0f,-0.3297f,0f,0f,0f,0.269f,0f,0f,0f,1f],start_interpolation: 0,interpolation_duration: 1}
$data merge entity $(bone_left_arm) {transformation: [-0.4792f,0.7337f,0.4818f,0.3094f,-0.8146f,-0.5762f,0.0673f,-0.5437f,0.3269f,-0.3602f,0.8737f,0.2313f,0f,0f,0f,1f],start_interpolation: 0,interpolation_duration: 1}
data modify entity @s data merge value {"cameras":{},"locators":{"barrel1":{"px":0.04317820890179292,"py":-0.1505426355844086,"pz":0.5946962753340242,"ry":351.76894568332705,"rx":-29.513455896914476}}}