# This file was generated by Animated Java via MC-Build. It is not recommended to edit this file directly.
$data merge entity $(bone_slide) {transformation: [-0.5239f,-0.8426f,-0.1246f,-0.2674f,-0.6349f,0.4839f,-0.6023f,-0.0685f,0.5678f,-0.2364f,-0.7885f,0.2556f,0f,0f,0f,1f],start_interpolation: 0,interpolation_duration: 1}
$data merge entity $(bone_barrel) {transformation: [-0.5239f,-0.8426f,-0.1246f,-0.1349f,-0.6349f,0.4839f,-0.6023f,-0.0043f,0.5678f,-0.2364f,-0.7885f,0.257f,0f,0f,0f,1f],start_interpolation: 0,interpolation_duration: 1}
$data merge entity $(bone_magazine) {transformation: [0f,0f,0f,0.1172f,0f,0f,0f,-0.3842f,0f,0f,0f,0.2575f,0f,0f,0f,1f],start_interpolation: 0,interpolation_duration: 1}
$data merge entity $(bone_grip) {transformation: [-0.5239f,-0.8426f,-0.1246f,-0.1725f,-0.6349f,0.4839f,-0.6023f,-0.2178f,0.5678f,-0.2364f,-0.7885f,0.1762f,0f,0f,0f,1f],start_interpolation: 0,interpolation_duration: 1}
$data merge entity $(bone_trigger) {transformation: [-0.5239f,-0.8426f,-0.1246f,-0.1723f,-0.6349f,0.4839f,-0.6023f,-0.1973f,0.5678f,-0.2364f,-0.7885f,0.1993f,0f,0f,0f,1f],start_interpolation: 0,interpolation_duration: 1}
$data merge entity $(bone_trigger_gaurd) {transformation: [-0.5239f,-0.8426f,-0.1246f,-0.1926f,-0.6349f,0.4839f,-0.6023f,-0.1638f,0.5678f,-0.2364f,-0.7885f,0.2181f,0f,0f,0f,1f],start_interpolation: 0,interpolation_duration: 1}
$data merge entity $(bone_right_arm) {transformation: [-0.5239f,-0.1246f,0.8426f,-0.2187f,-0.6349f,-0.6023f,-0.4839f,-0.4445f,0.5678f,-0.7885f,0.2364f,-0.0594f,0f,0f,0f,1f],start_interpolation: 0,interpolation_duration: 1}
$data merge entity $(bone_magazine1) {transformation: [-0.5263f,-0.8471f,-0.073f,-0.1434f,-0.6339f,0.4482f,-0.6304f,-0.287f,0.5667f,-0.2855f,-0.7728f,0.161f,0f,0f,0f,1f],start_interpolation: 0,interpolation_duration: 1}
$data merge entity $(bone_left_arm) {transformation: [-0.5263f,0.4578f,0.7165f,0.1156f,-0.6339f,-0.7729f,0.0282f,-0.5814f,0.5667f,-0.4393f,0.697f,0.0724f,0f,0f,0f,1f],start_interpolation: 0,interpolation_duration: 1}
data modify entity @s data merge value {"cameras":{},"locators":{"barrel1":{"px":-0.20552281455563887,"py":0.02289493244877172,"pz":0.45345704331428427,"ry":351.01937113061604,"rx":-37.03367378552801}}}