# This file was generated by Animated Java via MC-Build. It is not recommended to edit this file directly.
$data merge entity $(bone_slide) {transformation: [-0.8173f,0.5625f,-0.1246f,0.0833f,0.5636f,0.7355f,-0.376f,-0.2262f,-0.1199f,-0.3775f,-0.9182f,0.545f,0f,0f,0f,1f],start_interpolation: 0,interpolation_duration: 1}
$data merge entity $(bone_barrel) {transformation: [-0.8173f,0.5625f,-0.1246f,0.1271f,0.5636f,0.7355f,-0.376f,-0.3474f,-0.1199f,-0.3775f,-0.9182f,0.5887f,0f,0f,0f,1f],start_interpolation: 0,interpolation_duration: 1}
$data merge entity $(bone_magazine) {transformation: [0f,0f,0f,-0.2097f,0f,0f,0f,-0.6513f,0f,0f,0f,0.5444f,0f,0f,0f,1f],start_interpolation: 0,interpolation_duration: 1}
$data merge entity $(bone_grip) {transformation: [-0.8173f,0.5625f,-0.1246f,-0.0164f,0.5636f,0.7355f,-0.376f,-0.3985f,-0.1199f,-0.3775f,-0.9182f,0.4146f,0f,0f,0f,1f],start_interpolation: 0,interpolation_duration: 1}
$data merge entity $(bone_trigger) {transformation: [-0.8173f,0.5625f,-0.1246f,-0.0101f,0.5636f,0.7355f,-0.376f,-0.3837f,-0.1199f,-0.3775f,-0.9182f,0.4411f,0f,0f,0f,1f],start_interpolation: 0,interpolation_duration: 1}
$data merge entity $(bone_trigger_gaurd) {transformation: [-0.8173f,0.5625f,-0.1246f,0.0102f,0.5636f,0.7355f,-0.376f,-0.3503f,-0.1199f,-0.3775f,-0.9182f,0.4599f,0f,0f,0f,1f],start_interpolation: 0,interpolation_duration: 1}
$data merge entity $(bone_right_arm) {transformation: [-0.8173f,-0.1246f,-0.5625f,-0.0938f,0.5636f,-0.376f,-0.7355f,-0.5134f,-0.1199f,-0.9182f,0.3775f,0.1149f,0f,0f,0f,1f],start_interpolation: 0,interpolation_duration: 1}
$data merge entity $(bone_magazine1) {transformation: [0f,0f,0f,-0.0288f,0f,0f,0f,-0.3634f,0f,0f,0f,0.2799f,0f,0f,0f,1f],start_interpolation: 0,interpolation_duration: 1}
$data merge entity $(bone_left_arm) {transformation: [-0.4792f,0.7337f,0.4818f,0.3094f,-0.8503f,-0.5242f,-0.0473f,-0.5707f,0.2178f,-0.4323f,0.875f,0.2145f,0f,0f,0f,1f],start_interpolation: 0,interpolation_duration: 1}
execute on vehicle unless entity @s[tag=aj.transforms_only] positioned ^0.0431782089 ^-0.2282813658 ^0.6261932518 rotated ~352.2729381549 ~-22.0857885368 run function animated_java:glock/animations/reload_empty/zzz/frames/32_locator_barrel1
data modify entity @s data merge value {"cameras":{},"locators":{"barrel1":{"px":0.043178208901792914,"py":-0.22828136579899994,"pz":0.6261932518426765,"ry":352.2729381548744,"rx":-22.08578853677284}}}