# This file was generated by Animated Java via MC-Build. It is not recommended to edit this file directly.
$data merge entity $(bone_slide) {transformation: [-0.8646f,0.498f,-0.067f,0.0451f,0.4983f,0.8326f,-0.2418f,-0.2751f,-0.0646f,-0.2425f,-0.968f,0.6094f,0f,0f,0f,1f],start_interpolation: 0,interpolation_duration: 1}
$data merge entity $(bone_barrel) {transformation: [-0.8646f,0.498f,-0.067f,0.0993f,0.4983f,0.8326f,-0.2418f,-0.397f,-0.0646f,-0.2425f,-0.968f,0.6361f,0f,0f,0f,1f],start_interpolation: 0,interpolation_duration: 1}
$data merge entity $(bone_magazine) {transformation: [0f,0f,0f,-0.2058f,0f,0f,0f,-0.72f,0f,0f,0f,0.5345f,0f,0f,0f,1f],start_interpolation: 0,interpolation_duration: 1}
$data merge entity $(bone_grip) {transformation: [-0.8646f,0.498f,-0.067f,-0.0346f,0.4983f,0.8326f,-0.2418f,-0.4338f,-0.0646f,-0.2425f,-0.968f,0.4511f,0f,0f,0f,1f],start_interpolation: 0,interpolation_duration: 1}
$data merge entity $(bone_trigger) {transformation: [-0.8646f,0.498f,-0.067f,-0.0304f,0.4983f,0.8326f,-0.2418f,-0.4228f,-0.0646f,-0.2425f,-0.968f,0.4797f,0f,0f,0f,1f],start_interpolation: 0,interpolation_duration: 1}
$data merge entity $(bone_trigger_gaurd) {transformation: [-0.8646f,0.498f,-0.067f,-0.0138f,0.4983f,0.8326f,-0.2418f,-0.3909f,-0.0646f,-0.2425f,-0.968f,0.5041f,0f,0f,0f,1f],start_interpolation: 0,interpolation_duration: 1}
$data merge entity $(bone_right_arm) {transformation: [-0.8646f,-0.067f,-0.498f,-0.0938f,0.4983f,-0.2418f,-0.8326f,-0.5085f,-0.0646f,-0.968f,0.2425f,0.135f,0f,0f,0f,1f],start_interpolation: 0,interpolation_duration: 1}
$data merge entity $(bone_magazine1) {transformation: [0f,0f,0f,-0.0273f,0f,0f,0f,-0.3415f,0f,0f,0f,0.3685f,0f,0f,0f,1f],start_interpolation: 0,interpolation_duration: 1}
$data merge entity $(bone_left_arm) {transformation: [-0.5767f,0.6159f,0.5368f,0.2719f,-0.8153f,-0.4761f,-0.3296f,-0.5629f,0.0525f,-0.6277f,0.7767f,0.2166f,0f,0f,0f,1f],start_interpolation: 0,interpolation_duration: 1}
data modify entity @s data merge value {"cameras":{},"locators":{"barrel1":{"px":0.003535137727131741,"py":-0.29307554026241434,"pz":0.6878258931349615,"ry":356.03936513649626,"rx":-13.993263924879063}}}