# This file was generated by Animated Java via MC-Build. It is not recommended to edit this file directly.
$data merge entity $(bone_slide) {transformation: [-0.7299f,0.6603f,-0.177f,0.1123f,0.6365f,0.5619f,-0.5284f,-0.1965f,-0.2494f,-0.4983f,-0.8303f,0.4412f,0f,0f,0f,1f],start_interpolation: -1,interpolation_duration: 0}
$data merge entity $(bone_barrel) {transformation: [-0.7299f,0.6603f,-0.177f,0.1487f,0.6365f,0.5619f,-0.5284f,-0.2819f,-0.2494f,-0.4983f,-0.8303f,0.5555f,0f,0f,0f,1f],start_interpolation: 0,interpolation_duration: 1}
$data merge entity $(bone_magazine) {transformation: [0f,0f,0f,-0.2277f,0f,0f,0f,-0.539f,0f,0f,0f,0.5622f,0f,0f,0f,1f],start_interpolation: 0,interpolation_duration: 1}
$data merge entity $(bone_grip) {transformation: [-0.7299f,0.6603f,-0.177f,-0.0007f,0.6365f,0.5619f,-0.5284f,-0.3458f,-0.2494f,-0.4983f,-0.8303f,0.3909f,0f,0f,0f,1f],start_interpolation: 0,interpolation_duration: 1}
$data merge entity $(bone_trigger) {transformation: [-0.7299f,0.6603f,-0.177f,0.0076f,0.6365f,0.5619f,-0.5284f,-0.3272f,-0.2494f,-0.4983f,-0.8303f,0.4141f,0f,0f,0f,1f],start_interpolation: 0,interpolation_duration: 1}
$data merge entity $(bone_trigger_gaurd) {transformation: [-0.7299f,0.6603f,-0.177f,0.0324f,0.6365f,0.5619f,-0.5284f,-0.2938f,-0.2494f,-0.4983f,-0.8303f,0.4267f,0f,0f,0f,1f],start_interpolation: 0,interpolation_duration: 1}
$data merge entity $(bone_right_arm) {transformation: [-0.7299f,-0.177f,-0.6603f,-0.0938f,0.6365f,-0.5284f,-0.5619f,-0.5057f,-0.2494f,-0.8303f,0.4983f,0.1174f,0f,0f,0f,1f],start_interpolation: 0,interpolation_duration: 1}
$data merge entity $(bone_magazine1) {transformation: [0f,0f,0f,-0.0278f,0f,0f,0f,-0.3378f,0f,0f,0f,0.2419f,0f,0f,0f,1f],start_interpolation: 0,interpolation_duration: 1}
$data merge entity $(bone_left_arm) {transformation: [-0.4658f,0.7654f,0.444f,0.3182f,-0.8096f,-0.5711f,0.1352f,-0.5421f,0.3571f,-0.2965f,0.8858f,0.2301f,0f,0f,0f,1f],start_interpolation: 0,interpolation_duration: 1}
data modify entity @s data merge value {"cameras":{},"locators":{"barrel1":{"px":0.09898407937019166,"py":-0.09771026995498583,"pz":0.6446454343102319,"ry":347.9642727581512,"rx":-31.89736818697873},"ammo_display":{"px":0.1163384108614564,"py":-0.33615879274045213,"pz":0.4614945288799822,"ry":347.9642727581512,"rx":-31.89736818697873}}}