# This file was generated by Animated Java via MC-Build. It is not recommended to edit this file directly.
$data merge entity $(bone_slide) {transformation: [-0.9054f,0.4239f,-0.0234f,0.0126f,0.4241f,0.9006f,-0.0956f,-0.3372f,-0.0195f,-0.0965f,-0.9951f,0.6664f,0f,0f,0f,1f],start_interpolation: 0,interpolation_duration: 1}
$data merge entity $(bone_barrel) {transformation: [-0.9054f,0.4239f,-0.0234f,0.0773f,0.4241f,0.9006f,-0.0956f,-0.4564f,-0.0195f,-0.0965f,-0.9951f,0.6763f,0f,0f,0f,1f],start_interpolation: 0,interpolation_duration: 1}
$data merge entity $(bone_magazine) {transformation: [0f,0f,0f,-0.1943f,0f,0f,0f,-0.7858f,0f,0f,0f,0.5164f,0f,0f,0f,1f],start_interpolation: 0,interpolation_duration: 1}
$data merge entity $(bone_grip) {transformation: [-0.9054f,0.4239f,-0.0234f,-0.0486f,0.4241f,0.9006f,-0.0956f,-0.4762f,-0.0195f,-0.0965f,-0.9951f,0.4833f,0f,0f,0f,1f],start_interpolation: 0,interpolation_duration: 1}
$data merge entity $(bone_trigger) {transformation: [-0.9054f,0.4239f,-0.0234f,-0.0461f,0.4241f,0.9006f,-0.0956f,-0.4693f,-0.0195f,-0.0965f,-0.9951f,0.5133f,0f,0f,0f,1f],start_interpolation: 0,interpolation_duration: 1}
$data merge entity $(bone_trigger_gaurd) {transformation: [-0.9054f,0.4239f,-0.0234f,-0.0331f,0.4241f,0.9006f,-0.0956f,-0.4402f,-0.0195f,-0.0965f,-0.9951f,0.5428f,0f,0f,0f,1f],start_interpolation: 0,interpolation_duration: 1}
$data merge entity $(bone_right_arm) {transformation: [-0.9054f,-0.0234f,-0.4239f,-0.0938f,0.4241f,-0.0956f,-0.9006f,-0.5064f,-0.0195f,-0.9951f,0.0965f,0.1576f,0f,0f,0f,1f],start_interpolation: 0,interpolation_duration: 1}
$data merge entity $(bone_magazine1) {transformation: [0f,0f,0f,-0.0253f,0f,0f,0f,-0.3557f,0f,0f,0f,0.4544f,0f,0f,0f,1f],start_interpolation: 0,interpolation_duration: 1}
$data merge entity $(bone_left_arm) {transformation: [-0.6642f,0.5107f,0.546f,0.2344f,-0.7403f,-0.3476f,-0.5754f,-0.556f,-0.104f,-0.7864f,0.6089f,0.2219f,0f,0f,0f,1f],start_interpolation: 0,interpolation_duration: 1}
data modify entity @s data merge value {"cameras":{},"locators":{"barrel1":{"px":-0.028825068365920088,"py":-0.37055368151459317,"pz":0.7396557469937407,"ry":358.65534184840067,"rx":-5.486419259036044}}}