# This file was generated by Animated Java via MC-Build. It is not recommended to edit this file directly.
$data merge entity $(bone_slide) {transformation: [-0.8173f,0.5625f,-0.1246f,0.0833f,0.5654f,0.7416f,-0.3609f,-0.229f,-0.1106f,-0.3654f,-0.9242f,0.5487f,0f,0f,0f,1f],start_interpolation: 0,interpolation_duration: 1}
$data merge entity $(bone_barrel) {transformation: [-0.8173f,0.5625f,-0.1246f,0.1271f,0.5654f,0.7416f,-0.3609f,-0.3509f,-0.1106f,-0.3654f,-0.9242f,0.5904f,0f,0f,0f,1f],start_interpolation: 0,interpolation_duration: 1}
$data merge entity $(bone_magazine) {transformation: [0f,0f,0f,-0.2097f,0f,0f,0f,-0.6541f,0f,0f,0f,0.5411f,0f,0f,0f,1f],start_interpolation: 0,interpolation_duration: 1}
$data merge entity $(bone_grip) {transformation: [-0.8173f,0.5625f,-0.1246f,-0.0164f,0.5654f,0.7416f,-0.3609f,-0.3991f,-0.1106f,-0.3654f,-0.9242f,0.4155f,0f,0f,0f,1f],start_interpolation: 0,interpolation_duration: 1}
$data merge entity $(bone_trigger) {transformation: [-0.8173f,0.5625f,-0.1246f,-0.0101f,0.5654f,0.7416f,-0.3609f,-0.3848f,-0.1106f,-0.3654f,-0.9242f,0.4422f,0f,0f,0f,1f],start_interpolation: 0,interpolation_duration: 1}
$data merge entity $(bone_trigger_gaurd) {transformation: [-0.8173f,0.5625f,-0.1246f,0.0102f,0.5654f,0.7416f,-0.3609f,-0.3517f,-0.1106f,-0.3654f,-0.9242f,0.4616f,0f,0f,0f,1f],start_interpolation: 0,interpolation_duration: 1}
$data merge entity $(bone_right_arm) {transformation: [-0.8173f,-0.1246f,-0.5625f,-0.0938f,0.5654f,-0.3609f,-0.7416f,-0.5092f,-0.1106f,-0.9242f,0.3654f,0.1139f,0f,0f,0f,1f],start_interpolation: 0,interpolation_duration: 1}
$data merge entity $(bone_magazine1) {transformation: [0f,0f,0f,-0.0288f,0f,0f,0f,-0.3618f,0f,0f,0f,0.2814f,0f,0f,0f,1f],start_interpolation: 0,interpolation_duration: 1}
$data merge entity $(bone_left_arm) {transformation: [-0.4792f,0.7337f,0.4818f,0.3094f,-0.8537f,-0.5171f,-0.0617f,-0.568f,0.2039f,-0.4408f,0.8741f,0.2126f,0f,0f,0f,1f],start_interpolation: 0,interpolation_duration: 1}
$execute on vehicle unless entity @s[tag=aj.transforms_only] as $(locator_barrel1) positioned ^0.0548583561 ^-0.198585111 ^0.7164856783 rotated ~352.3227404247 ~-21.1567460647 run function animated_java:glock/animations/reload_empty/zzz/frames/35_locator_barrel1
data modify entity @s data merge value {"cameras":{},"locators":{"barrel1":{"px":0.05485835609164891,"py":-0.19858511098514625,"pz":0.7164856783224375,"ry":352.3227404246885,"rx":-21.156746064671204},"ammo_display":{"px":0.1000760740296057,"py":-0.3881603195505393,"pz":0.4868779186933886,"ry":352.3227404246885,"rx":-21.156746064671204}}}