# This file was generated by Animated Java via MC-Build. It is not recommended to edit this file directly.
$data merge entity $(bone_slide) {transformation: [-0.6475f,-0.7507f,-0.1315f,-0.2463f,-0.6775f,0.646f,-0.3517f,-0.1025f,0.349f,-0.1386f,-0.9268f,0.3184f,0f,0f,0f,1f],start_interpolation: 0,interpolation_duration: 1}
$data merge entity $(bone_barrel) {transformation: [-0.6475f,-0.7507f,-0.1315f,-0.1073f,-0.6775f,0.646f,-0.3517f,-0.0609f,0.349f,-0.1386f,-0.9268f,0.3436f,0f,0f,0f,1f],start_interpolation: 0,interpolation_duration: 1}
$data merge entity $(bone_magazine) {transformation: [0f,0f,0f,0.0935f,0f,0f,0f,-0.4602f,0f,0f,0f,0.2542f,0f,0f,0f,1f],start_interpolation: 0,interpolation_duration: 1}
$data merge entity $(bone_grip) {transformation: [-0.6475f,-0.7507f,-0.1315f,-0.1646f,-0.6775f,0.646f,-0.3517f,-0.2382f,0.349f,-0.1386f,-0.9268f,0.2065f,0f,0f,0f,1f],start_interpolation: 0,interpolation_duration: 1}
$data merge entity $(bone_trigger) {transformation: [-0.6475f,-0.7507f,-0.1315f,-0.1638f,-0.6775f,0.646f,-0.3517f,-0.2246f,0.349f,-0.1386f,-0.9268f,0.2343f,0f,0f,0f,1f],start_interpolation: 0,interpolation_duration: 1}
$data merge entity $(bone_trigger_gaurd) {transformation: [-0.6475f,-0.7507f,-0.1315f,-0.1812f,-0.6775f,0.646f,-0.3517f,-0.1945f,0.349f,-0.1386f,-0.9268f,0.2604f,0f,0f,0f,1f],start_interpolation: 0,interpolation_duration: 1}
$data merge entity $(bone_right_arm) {transformation: [-0.6475f,-0.1315f,0.7507f,-0.2187f,-0.6775f,-0.3517f,-0.646f,-0.3865f,0.349f,-0.9268f,0.1386f,-0.0835f,0f,0f,0f,1f],start_interpolation: 0,interpolation_duration: 1}
$data merge entity $(bone_magazine1) {transformation: [0f,0f,0f,-0.1633f,0f,0f,0f,-0.285f,0f,0f,0f,0.1841f,0f,0f,0f,1f],start_interpolation: 0,interpolation_duration: 1}
$data merge entity $(bone_left_arm) {transformation: [-0.4954f,0.474f,0.7279f,0.1033f,-0.7931f,-0.5886f,-0.1565f,-0.5297f,0.3543f,-0.6549f,0.6675f,0.0091f,0f,0f,0f,1f],start_interpolation: 0,interpolation_duration: 1}
data modify entity @s data merge value {"cameras":{},"locators":{"barrel1":{"px":-0.19060282535178139,"py":-0.0756783917113845,"pz":0.5363733971984717,"ry":351.922584890227,"rx":-20.59355175147348}}}