# This file was generated by Animated Java via MC-Build. It is not recommended to edit this file directly.
$data merge entity $(bone_slide) {transformation: [-0.9659f,0.2581f,0.0186f,-0.032f,0.257f,0.9651f,-0.0504f,-0.3483f,-0.0309f,-0.0439f,-0.9986f,0.7245f,0f,0f,0f,1f],start_interpolation: 0,interpolation_duration: 1}
$data merge entity $(bone_barrel) {transformation: [-0.9659f,0.2581f,0.0186f,0.0528f,0.257f,0.9651f,-0.0504f,-0.4546f,-0.0309f,-0.0439f,-0.9986f,0.7314f,0f,0f,0f,1f],start_interpolation: 0,interpolation_duration: 1}
$data merge entity $(bone_magazine) {transformation: [0f,0f,0f,-0.1515f,0f,0f,0f,-0.8188f,0f,0f,0f,0.5487f,0f,0f,0f,1f],start_interpolation: 0,interpolation_duration: 1}
$data merge entity $(bone_grip) {transformation: [-0.9659f,0.2581f,0.0186f,-0.0628f,0.257f,0.9651f,-0.0504f,-0.4871f,-0.0309f,-0.0439f,-0.9986f,0.5337f,0f,0f,0f,1f],start_interpolation: 0,interpolation_duration: 1}
$data merge entity $(bone_trigger) {transformation: [-0.9659f,0.2581f,0.0186f,-0.0622f,0.257f,0.9651f,-0.0504f,-0.4813f,-0.0309f,-0.0439f,-0.9986f,0.564f,0f,0f,0f,1f],start_interpolation: 0,interpolation_duration: 1}
$data merge entity $(bone_trigger_gaurd) {transformation: [-0.9659f,0.2581f,0.0186f,-0.0554f,0.257f,0.9651f,-0.0504f,-0.4518f,-0.0309f,-0.0439f,-0.9986f,0.5952f,0f,0f,0f,1f],start_interpolation: 0,interpolation_duration: 1}
$data merge entity $(bone_right_arm) {transformation: [-0.9659f,0.0186f,-0.2581f,-0.0938f,0.257f,-0.0504f,-0.9651f,-0.5092f,-0.0309f,-0.9986f,0.0439f,0.2057f,0f,0f,0f,1f],start_interpolation: 0,interpolation_duration: 1}
$data merge entity $(bone_magazine1) {transformation: [0f,0f,0f,-0.0441f,0f,0f,0f,-0.3719f,0f,0f,0f,0.5533f,0f,0f,0f,1f],start_interpolation: 0,interpolation_duration: 1}
$data merge entity $(bone_left_arm) {transformation: [-0.7916f,0.3865f,0.4733f,0.1594f,-0.5677f,-0.1787f,-0.8036f,-0.5335f,-0.226f,-0.9048f,0.3608f,0.2466f,0f,0f,0f,1f],start_interpolation: 0,interpolation_duration: 1}
data modify entity @s data merge value {"cameras":{},"locators":{"barrel1":{"px":-0.06851145673062566,"py":-0.39203546626113106,"pz":0.7948434102576856,"ry":1.066416353890645,"rx":-2.889012072880305}}}