# This file was generated by Animated Java via MC-Build. It is not recommended to edit this file directly.
$data merge entity $(bone_slide) {transformation: [-0.8969f,0.441f,-0.0318f,0.0192f,0.4416f,0.8899f,-0.1144f,-0.3316f,-0.0222f,-0.1167f,-0.9929f,0.6569f,0f,0f,0f,1f],start_interpolation: 0,interpolation_duration: 1}
$data merge entity $(bone_barrel) {transformation: [-0.8969f,0.441f,-0.0318f,0.0816f,0.4416f,0.8899f,-0.1144f,-0.452f,-0.0222f,-0.1167f,-0.9929f,0.6688f,0f,0f,0f,1f],start_interpolation: 0,interpolation_duration: 1}
$data merge entity $(bone_magazine) {transformation: [0f,0f,0f,-0.1975f,0f,0f,0f,-0.7788f,0f,0f,0f,0.5171f,0f,0f,0f,1f],start_interpolation: 0,interpolation_duration: 1}
$data merge entity $(bone_grip) {transformation: [-0.8969f,0.441f,-0.0318f,-0.0459f,0.4416f,0.8899f,-0.1144f,-0.4729f,-0.0222f,-0.1167f,-0.9929f,0.477f,0f,0f,0f,1f],start_interpolation: 0,interpolation_duration: 1}
$data merge entity $(bone_trigger) {transformation: [-0.8969f,0.441f,-0.0318f,-0.043f,0.4416f,0.8899f,-0.1144f,-0.4655f,-0.0222f,-0.1167f,-0.9929f,0.5068f,0f,0f,0f,1f],start_interpolation: 0,interpolation_duration: 1}
$data merge entity $(bone_trigger_gaurd) {transformation: [-0.8969f,0.441f,-0.0318f,-0.0292f,0.4416f,0.8899f,-0.1144f,-0.4361f,-0.0222f,-0.1167f,-0.9929f,0.5357f,0f,0f,0f,1f],start_interpolation: 0,interpolation_duration: 1}
$data merge entity $(bone_right_arm) {transformation: [-0.8969f,-0.0318f,-0.441f,-0.0938f,0.4416f,-0.1144f,-0.8899f,-0.5086f,-0.0222f,-0.9929f,0.1167f,0.1522f,0f,0f,0f,1f],start_interpolation: 0,interpolation_duration: 1}
$data merge entity $(bone_magazine1) {transformation: [0f,0f,0f,-0.0255f,0f,0f,0f,-0.3557f,0f,0f,0f,0.4382f,0f,0f,0f,1f],start_interpolation: 0,interpolation_duration: 1}
$data merge entity $(bone_left_arm) {transformation: [-0.6458f,0.5322f,0.5474f,0.2427f,-0.7591f,-0.3712f,-0.5347f,-0.5604f,-0.0814f,-0.7609f,0.6437f,0.2196f,0f,0f,0f,1f],start_interpolation: 0,interpolation_duration: 1}
data modify entity @s data merge value {"cameras":{},"locators":{"barrel1":{"px":-0.019331425941256697,"py":-0.35203754053896713,"pz":0.8241933659063463,"ry":358.1657232739733,"rx":-6.569975283340081},"ammo_display":{"px":0.06465319261199072,"py":-0.463751775607811,"pz":0.5574169829009376,"ry":358.1657232739733,"rx":-6.569975283340081}}}