# This file was generated by Animated Java via MC-Build. It is not recommended to edit this file directly.
$data merge entity $(bone_slide) {transformation: [-0.9756f,0.2092f,-0.0671f,-0.1227f,0.2185f,0.8922f,-0.3953f,-0.1043f,-0.0228f,-0.4003f,-0.9161f,0.2866f,0f,0f,0f,1f],start_interpolation: 0,interpolation_duration: 1}
$data merge entity $(bone_barrel) {transformation: [-0.9756f,0.2092f,-0.0671f,-0.0292f,0.2185f,0.8922f,-0.3953f,-0.1782f,-0.0228f,-0.4003f,-0.9161f,0.3731f,0f,0f,0f,1f],start_interpolation: 0,interpolation_duration: 1}
$data merge entity $(bone_magazine) {transformation: [0f,0f,0f,-0.232f,0f,0f,0f,-0.5857f,0f,0f,0f,0.3487f,0f,0f,0f,1f],start_interpolation: 0,interpolation_duration: 1}
$data merge entity $(bone_grip) {transformation: [-0.9756f,0.2092f,-0.0671f,-0.1601f,0.2185f,0.8922f,-0.3953f,-0.279f,-0.0228f,-0.4003f,-0.9161f,0.2111f,0f,0f,0f,1f],start_interpolation: 0,interpolation_duration: 1}
$data merge entity $(bone_trigger) {transformation: [-0.9756f,0.2092f,-0.0671f,-0.1571f,0.2185f,0.8922f,-0.3953f,-0.263f,-0.0228f,-0.4003f,-0.9161f,0.2375f,0f,0f,0f,1f],start_interpolation: 0,interpolation_duration: 1}
$data merge entity $(bone_trigger_gaurd) {transformation: [-0.9756f,0.2092f,-0.0671f,-0.1489f,0.2185f,0.8922f,-0.3953f,-0.2244f,-0.0228f,-0.4003f,-0.9161f,0.2556f,0f,0f,0f,1f],start_interpolation: 0,interpolation_duration: 1}
$data merge entity $(bone_right_arm) {transformation: [-0.9756f,-0.0671f,-0.2092f,-0.2187f,0.2185f,-0.3953f,-0.8922f,-0.4145f,-0.0228f,-0.9161f,0.4003f,-0.0842f,0f,0f,0f,1f],start_interpolation: 0,interpolation_duration: 1}
$data merge entity $(bone_magazine1) {transformation: [0f,0f,0f,-0.1415f,0f,0f,0f,-0.3382f,0f,0f,0f,0.1776f,0f,0f,0f,1f],start_interpolation: 0,interpolation_duration: 1}
$data merge entity $(bone_left_arm) {transformation: [-0.3701f,0.6554f,0.6584f,0.1869f,-0.8949f,-0.4418f,-0.0632f,-0.5156f,0.2494f,-0.6126f,0.75f,0.0284f,0f,0f,0f,1f],start_interpolation: 0,interpolation_duration: 1}
data modify entity @s data merge value {"cameras":{},"locators":{"barrel1":{"px":-0.14082549686303303,"py":-0.0618292403830189,"pz":0.5084221356082738,"ry":355.81204033905533,"rx":-23.281798935173498}}}