# This file was generated by Animated Java via MC-Build. It is not recommended to edit this file directly.
$data merge entity $(bone_slide) {transformation: [-0.8173f,0.5625f,-0.1246f,-0.0488f,0.5418f,0.6769f,-0.4981f,-0.1057f,-0.1959f,-0.4747f,-0.8581f,0.255f,0f,0f,0f,1f],start_interpolation: 0,interpolation_duration: 1}
$data merge entity $(bone_barrel) {transformation: [-0.8173f,0.5625f,-0.1246f,0.0021f,0.5418f,0.6769f,-0.4981f,-0.1917f,-0.1959f,-0.4747f,-0.8581f,0.3631f,0f,0f,0f,1f],start_interpolation: 0,interpolation_duration: 1}
$data merge entity $(bone_magazine) {transformation: [0f,0f,0f,-0.3347f,0f,0f,0f,-0.4988f,0f,0f,0f,0.3608f,0f,0f,0f,1f],start_interpolation: 0,interpolation_duration: 1}
$data merge entity $(bone_grip) {transformation: [-0.8173f,0.5625f,-0.1246f,-0.1414f,0.5418f,0.6769f,-0.4981f,-0.2661f,-0.1959f,-0.4747f,-0.8581f,0.1976f,0f,0f,0f,1f],start_interpolation: 0,interpolation_duration: 1}
$data merge entity $(bone_trigger) {transformation: [-0.8173f,0.5625f,-0.1246f,-0.1351f,0.5418f,0.6769f,-0.4981f,-0.2479f,-0.1959f,-0.4747f,-0.8581f,0.2218f,0f,0f,0f,1f],start_interpolation: 0,interpolation_duration: 1}
$data merge entity $(bone_trigger_gaurd) {transformation: [-0.8173f,0.5625f,-0.1246f,-0.1148f,0.5418f,0.6769f,-0.4981f,-0.2122f,-0.1959f,-0.4747f,-0.8581f,0.2359f,0f,0f,0f,1f],start_interpolation: 0,interpolation_duration: 1}
$data merge entity $(bone_right_arm) {transformation: [-0.8173f,-0.1246f,-0.5625f,-0.2187f,0.5418f,-0.4981f,-0.6769f,-0.421f,-0.1959f,-0.8581f,0.4747f,-0.0835f,0f,0f,0f,1f],start_interpolation: 0,interpolation_duration: 1}
$data merge entity $(bone_magazine1) {transformation: [0f,0f,0f,-0.1538f,0f,0f,0f,-0.2429f,0f,0f,0f,0.0685f,0f,0f,0f,1f],start_interpolation: 0,interpolation_duration: 1}
$data merge entity $(bone_left_arm) {transformation: [-0.4792f,0.7337f,0.4818f,0.1844f,-0.8124f,-0.5785f,0.0729f,-0.4572f,0.3322f,-0.3565f,0.8733f,0.0321f,0f,0f,0f,1f],start_interpolation: 0,interpolation_duration: 1}
data modify entity @s data merge value {"cameras":{},"locators":{"barrel1":{"px":-0.07014164390835104,"py":-0.021885003312645535,"pz":0.46436693708868815,"ry":351.73888680269374,"rx":-29.8771564232912}}}