# This file was generated by Animated Java via MC-Build. It is not recommended to edit this file directly.
$data merge entity $(slide) {transformation: [-0.7567f,0.6303f,-0.1734f,0.1103f,0.6075f,0.58f,-0.5427f,-0.0538f,-0.2415f,-0.5161f,-0.8218f,0.2535f,0f,0f,0f,1f],start_interpolation: 0,interpolation_duration: 1}
$data merge entity $(barrel) {transformation: [-0.7567f,0.6303f,-0.1734f,0.1486f,0.6075f,0.58f,-0.5427f,-0.1466f,-0.2415f,-0.5161f,-0.8218f,0.3529f,0f,0f,0f,1f],start_interpolation: 0,interpolation_duration: 1}
$data merge entity $(magazine) {transformation: [0f,0f,0f,-0.2181f,0f,0f,0f,-0.4169f,0f,0f,0f,0.3691f,0f,0f,0f,1f],start_interpolation: 0,interpolation_duration: 1}
$data merge entity $(grip) {transformation: [-0.7567f,0.6303f,-0.1734f,-0.0014f,0.6075f,0.58f,-0.5427f,-0.2175f,-0.2415f,-0.5161f,-0.8218f,0.1917f,0f,0f,0f,1f],start_interpolation: 0,interpolation_duration: 1}
$data merge entity $(trigger) {transformation: [-0.7567f,0.6303f,-0.1734f,0.0067f,0.6075f,0.58f,-0.5427f,-0.1984f,-0.2415f,-0.5161f,-0.8218f,0.2146f,0f,0f,0f,1f],start_interpolation: 0,interpolation_duration: 1}
$data merge entity $(trigger_gaurd) {transformation: [-0.7567f,0.6303f,-0.1734f,0.0305f,0.6075f,0.58f,-0.5427f,-0.164f,-0.2415f,-0.5161f,-0.8218f,0.2264f,0f,0f,0f,1f],start_interpolation: 0,interpolation_duration: 1}
$data merge entity $(right_arm) {transformation: [-0.7567f,-0.1734f,-0.6303f,-0.0937f,0.6075f,-0.5427f,-0.58f,-0.3833f,-0.2415f,-0.8218f,0.5161f,-0.0784f,0f,0f,0f,1f],start_interpolation: 0,interpolation_duration: 1}
$data merge entity $(magazine1) {transformation: [0f,0f,0f,-0.0271f,0f,0f,0f,-0.2364f,0f,0f,0f,0.0311f,0f,0f,0f,1f],start_interpolation: 0,interpolation_duration: 1}
$data merge entity $(left_arm) {transformation: [-0.4385f,0.7883f,0.4316f,0.3263f,-0.8083f,-0.5559f,0.1941f,-0.428f,0.3929f,-0.2637f,0.881f,0.0313f,0f,0f,0f,1f],start_interpolation: 0,interpolation_duration: 1}
data modify entity @s data merge value {"cameras":{},"locators":{"barrel1":{"px":0.09403517361217492,"py":0.03655582778715333,"pz":0.44120150496215405,"ry":348.083159878469,"rx":-32.86898384139614}}}