# This file was generated by Animated Java via MC-Build. It is not recommended to edit this file directly.
$data merge entity $(bone_slide) {transformation: [-0.8839f,0.4655f,-0.0455f,-0.0954f,0.4665f,0.8704f,-0.1577f,-0.2375f,-0.0338f,-0.1606f,-0.9864f,0.4398f,0f,0f,0f,1f],start_interpolation: 0,interpolation_duration: 1}
$data merge entity $(bone_barrel) {transformation: [-0.8839f,0.4655f,-0.0455f,-0.0364f,0.4665f,0.8704f,-0.1577f,-0.359f,-0.0338f,-0.1606f,-0.9864f,0.4565f,0f,0f,0f,1f],start_interpolation: 0,interpolation_duration: 1}
$data merge entity $(bone_magazine) {transformation: [0f,0f,0f,-0.3265f,0f,0f,0f,-0.6839f,0f,0f,0f,0.3221f,0f,0f,0f,1f],start_interpolation: 0,interpolation_duration: 1}
$data merge entity $(bone_grip) {transformation: [-0.8839f,0.4655f,-0.0455f,-0.1665f,0.4665f,0.8704f,-0.1577f,-0.3848f,-0.0338f,-0.1606f,-0.9864f,0.2669f,0f,0f,0f,1f],start_interpolation: 0,interpolation_duration: 1}
$data merge entity $(bone_trigger) {transformation: [-0.8839f,0.4655f,-0.0455f,-0.1631f,0.4665f,0.8704f,-0.1577f,-0.3761f,-0.0338f,-0.1606f,-0.9864f,0.2964f,0f,0f,0f,1f],start_interpolation: 0,interpolation_duration: 1}
$data merge entity $(bone_trigger_gaurd) {transformation: [-0.8839f,0.4655f,-0.0455f,-0.1481f,0.4665f,0.8704f,-0.1577f,-0.3459f,-0.0338f,-0.1606f,-0.9864f,0.3238f,0f,0f,0f,1f],start_interpolation: 0,interpolation_duration: 1}
$data merge entity $(bone_right_arm) {transformation: [-0.8839f,-0.0455f,-0.4655f,-0.2187f,0.4665f,-0.1577f,-0.8704f,-0.4335f,-0.0338f,-0.9864f,0.1606f,-0.0554f,0f,0f,0f,1f],start_interpolation: 0,interpolation_duration: 1}
$data merge entity $(bone_magazine1) {transformation: [0f,0f,0f,-0.151f,0f,0f,0f,-0.2751f,0f,0f,0f,0.2111f,0f,0f,0f,1f],start_interpolation: 0,interpolation_duration: 1}
$data merge entity $(bone_left_arm) {transformation: [-0.6177f,0.5659f,0.5461f,0.1299f,-0.7856f,-0.4131f,-0.4606f,-0.4874f,-0.0351f,-0.7135f,0.6997f,0.0172f,0f,0f,0f,1f],start_interpolation: 0,interpolation_duration: 1}
data modify entity @s data merge value {"cameras":{},"locators":{"barrel1":{"px":-0.13278420104540803,"py":-0.24929768912357217,"pz":0.6081129271916847,"ry":357.3594373450534,"rx":-9.071976731026506}}}