# This file was generated by Animated Java via MC-Build. It is not recommended to edit this file directly.
$data merge entity $(bone_slide) {transformation: [-0.5495f,0.8271f,-0.1181f,0.1033f,0.5143f,0.2235f,-0.828f,-0.2076f,-0.6584f,-0.5157f,-0.5482f,0.3959f,0f,0f,0f,1f],start_interpolation: 0,interpolation_duration: 1}
$data merge entity $(bone_barrel) {transformation: [-0.5495f,0.8271f,-0.1181f,0.1031f,0.5143f,0.2235f,-0.828f,-0.2354f,-0.6584f,-0.5157f,-0.5482f,0.5405f,0f,0f,0f,1f],start_interpolation: 0,interpolation_duration: 1}
$data merge entity $(bone_magazine) {transformation: [0f,0f,0f,-0.3081f,0f,0f,0f,-0.4308f,0f,0f,0f,0.5649f,0f,0f,0f,1f],start_interpolation: -1,interpolation_duration: 0}
$data merge entity $(bone_grip) {transformation: [-0.5495f,0.8271f,-0.1181f,-0.0237f,0.5143f,0.2235f,-0.828f,-0.3539f,-0.6584f,-0.5157f,-0.5482f,0.3876f,0f,0f,0f,1f],start_interpolation: 0,interpolation_duration: 1}
$data merge entity $(bone_trigger) {transformation: [-0.5495f,0.8271f,-0.1181f,-0.0165f,0.5143f,0.2235f,-0.828f,-0.3276f,-0.6584f,-0.5157f,-0.5482f,0.4021f,0f,0f,0f,1f],start_interpolation: 0,interpolation_duration: 1}
$data merge entity $(bone_trigger_gaurd) {transformation: [-0.5495f,0.8271f,-0.1181f,0.0112f,0.5143f,0.2235f,-0.828f,-0.2943f,-0.6584f,-0.5157f,-0.5482f,0.405f,0f,0f,0f,1f],start_interpolation: 0,interpolation_duration: 1}
$data merge entity $(bone_right_arm) {transformation: [-0.5495f,-0.1181f,-0.8271f,-0.0938f,0.5143f,-0.828f,-0.2235f,-0.6112f,-0.6584f,-0.5482f,0.5157f,0.1929f,0f,0f,0f,1f],start_interpolation: 0,interpolation_duration: 1}
$data merge entity $(bone_magazine1) {transformation: [0f,0f,0f,0.2453f,0f,0f,0f,-0.8128f,0f,0f,0f,0.4566f,0f,0f,0f,1f],start_interpolation: 0,interpolation_duration: 1}
$data merge entity $(bone_left_arm) {transformation: [-0.998f,-0.0456f,-0.0438f,0.2227f,-0.0146f,0.8401f,-0.5422f,-0.5519f,0.0615f,-0.5405f,-0.8391f,0.1515f,0f,0f,0f,1f],start_interpolation: 0,interpolation_duration: 1}
data modify entity @s data merge value {"cameras":{},"locators":{"barrel1":{"px":0.07185293254076305,"py":-0.02745919207665809,"pz":0.5296282316515085,"ry":347.84274539925923,"rx":-55.88987463015056},"ammo_display":{"px":0.07878150175572077,"py":-0.32320913070197227,"pz":0.4731738807850212,"ry":347.84274539925923,"rx":-55.88987463015056}}}