# This file was generated by Animated Java via MC-Build. It is not recommended to edit this file directly.
$data merge entity $(bone_slide) {transformation: [-0.8111f,0.575f,-0.1069f,0.0696f,0.4256f,0.455f,-0.7822f,-0.1881f,-0.4011f,-0.6799f,-0.6138f,0.3892f,0f,0f,0f,1f],start_interpolation: 0,interpolation_duration: 1}
$data merge entity $(bone_barrel) {transformation: [-0.8111f,0.575f,-0.1069f,0.1178f,0.4256f,0.455f,-0.7822f,-0.2275f,-0.4011f,-0.6799f,-0.6138f,0.5226f,0f,0f,0f,1f],start_interpolation: 0,interpolation_duration: 1}
$data merge entity $(bone_magazine) {transformation: [0f,0f,0f,-0.2199f,0f,0f,0f,-0.5153f,0f,0f,0f,0.6273f,0f,0f,0f,1f],start_interpolation: 0,interpolation_duration: 1}
$data merge entity $(bone_grip) {transformation: [-0.8111f,0.575f,-0.1069f,-0.0222f,0.4256f,0.455f,-0.7822f,-0.3589f,-0.4011f,-0.6799f,-0.6138f,0.3936f,0f,0f,0f,1f],start_interpolation: 0,interpolation_duration: 1}
$data merge entity $(bone_trigger) {transformation: [-0.8111f,0.575f,-0.1069f,-0.0164f,0.4256f,0.455f,-0.7822f,-0.3329f,-0.4011f,-0.6799f,-0.6138f,0.4094f,0f,0f,0f,1f],start_interpolation: 0,interpolation_duration: 1}
$data merge entity $(bone_trigger_gaurd) {transformation: [-0.8111f,0.575f,-0.1069f,0.0037f,0.4256f,0.455f,-0.7822f,-0.2944f,-0.4011f,-0.6799f,-0.6138f,0.4097f,0f,0f,0f,1f],start_interpolation: 0,interpolation_duration: 1}
$data merge entity $(bone_right_arm) {transformation: [-0.8111f,-0.1069f,-0.575f,-0.0938f,0.4256f,-0.7822f,-0.455f,-0.6076f,-0.4011f,-0.6138f,0.6799f,0.1886f,0f,0f,0f,1f],start_interpolation: 0,interpolation_duration: 1}
$data merge entity $(bone_magazine1) {transformation: [0f,0f,0f,0.3543f,0f,0f,0f,-0.6978f,0f,0f,0f,0.5723f,0f,0f,0f,1f],start_interpolation: 0,interpolation_duration: 1}
$data merge entity $(bone_left_arm) {transformation: [-0.9666f,-0.2545f,-0.0308f,0.2528f,-0.111f,0.5235f,-0.8448f,-0.5938f,0.2311f,-0.8131f,-0.5342f,0.1975f,0f,0f,0f,1f],start_interpolation: 0,interpolation_duration: 1}
data modify entity @s data merge value {"cameras":{},"locators":{"barrel1":{"px":0.043771055604512284,"py":-0.032566285954634344,"pz":0.5518738797116987,"ry":350.12357740513494,"rx":-51.45942224637792},"ammo_display":{"px":0.09273378392581802,"py":-0.3124256690128586,"pz":0.45195140001066175,"ry":350.12357740513494,"rx":-51.45942224637792}}}