# This file was generated by Animated Java via MC-Build. It is not recommended to edit this file directly.
$data merge entity $(bone_shotgun_shell) {transformation: [0f,0f,0f,-0.1737f,0f,0f,0f,-0.5587f,0f,0f,0f,0.6595f,0f,0f,0f,1f],start_interpolation: 0,interpolation_duration: 1}
$data merge entity $(bone_clock) {transformation: [0.7968f,0.6042f,0.0003f,-0.2279f,0.6042f,-0.7968f,0.002f,-0.5864f,0.0015f,-0.0014f,-1f,0.9688f,0f,0f,0f,1f],start_interpolation: 0,interpolation_duration: 1}
$data merge entity $(bone_barrel1) {transformation: [0.7968f,0.6042f,0.0003f,-0.209f,0.6042f,-0.7968f,0.002f,-0.6108f,0.0015f,-0.0014f,-1f,0.7344f,0f,0f,0f,1f],start_interpolation: 0,interpolation_duration: 1}
$data merge entity $(bone_trigger) {transformation: [0.7968f,0.6042f,0.0003f,-0.194f,0.6042f,-0.7968f,0.002f,-0.5784f,0.0015f,-0.0014f,-1f,0.5587f,0f,0f,0f,1f],start_interpolation: 0,interpolation_duration: 1}
$data merge entity $(bone_trigger_part) {transformation: [0.7968f,0.6042f,0.0003f,-0.1991f,0.6042f,-0.7968f,0.002f,-0.5717f,0.0015f,-0.0014f,-1f,0.5782f,0f,0f,0f,1f],start_interpolation: 0,interpolation_duration: 1}
$data merge entity $(bone_chrome_shotgun) {transformation: [0.7968f,0.6042f,0.0003f,-0.187f,0.6042f,-0.7968f,0.002f,-0.6135f,0.0015f,-0.0014f,-1f,0.5938f,0f,0f,0f,1f],start_interpolation: 0,interpolation_duration: 1}
$data merge entity $(bone_shotgun_shell1) {transformation: [0f,0f,0f,-0.1752f,0f,0f,0f,-0.514f,0f,0f,0f,0.2116f,0f,0f,0f,1f],start_interpolation: 0,interpolation_duration: 1}
$data merge entity $(bone_right_arm) {transformation: [-0.9914f,-0.1113f,-0.069f,-0.2774f,0.014f,0.434f,-0.9008f,-0.3962f,0.1302f,-0.894f,-0.4287f,-0.0995f,0f,0f,0f,1f],start_interpolation: 0,interpolation_duration: 1}
$data merge entity $(bone_left_arm) {transformation: [-0.8655f,0.444f,-0.232f,-0.0164f,0.3059f,0.1017f,-0.9466f,-0.6987f,-0.3967f,-0.8902f,-0.2238f,0.8124f,0f,0f,0f,1f],start_interpolation: 0,interpolation_duration: 1}
data modify entity @s data merge value {"cameras":{},"locators":{"barrel":{"px":-0.15401659103794377,"py":-0.6328143328728566,"pz":1.2500182726609415,"ry":0.019479724832393686,"rx":0.11547539906921493}}}