# This file was generated by Animated Java via MC-Build. It is not recommended to edit this file directly.
$data merge entity $(bone_shotgun_shell) {transformation: [0f,0f,0f,-0.1737f,0f,0f,0f,-0.6212f,0f,0f,0f,0.597f,0f,0f,0f,1f],start_interpolation: 0,interpolation_duration: 1}
$data merge entity $(bone_clock) {transformation: [0.7968f,0.6042f,0.0003f,-0.2279f,0.6042f,-0.7968f,0.002f,-0.6489f,0.0015f,-0.0014f,-1f,0.9063f,0f,0f,0f,1f],start_interpolation: 0,interpolation_duration: 1}
$data merge entity $(bone_barrel1) {transformation: [0.7968f,0.6042f,0.0003f,-0.209f,0.6042f,-0.7968f,0.002f,-0.6733f,0.0015f,-0.0014f,-1f,0.6719f,0f,0f,0f,1f],start_interpolation: 0,interpolation_duration: 1}
$data merge entity $(bone_trigger) {transformation: [0.7968f,0.6042f,0.0003f,-0.194f,0.6042f,-0.7968f,0.002f,-0.6409f,0.0015f,-0.0014f,-1f,0.4962f,0f,0f,0f,1f],start_interpolation: 0,interpolation_duration: 1}
$data merge entity $(bone_trigger_part) {transformation: [0.7968f,0.6042f,0.0003f,-0.1991f,0.6042f,-0.7968f,0.002f,-0.6342f,0.0015f,-0.0014f,-1f,0.5157f,0f,0f,0f,1f],start_interpolation: 0,interpolation_duration: 1}
$data merge entity $(bone_chrome_shotgun) {transformation: [0.7968f,0.6042f,0.0003f,-0.187f,0.6042f,-0.7968f,0.002f,-0.676f,0.0015f,-0.0014f,-1f,0.5313f,0f,0f,0f,1f],start_interpolation: 0,interpolation_duration: 1}
$data merge entity $(bone_shotgun_shell1) {transformation: [0f,0f,0f,-0.1752f,0f,0f,0f,-0.5765f,0f,0f,0f,0.1491f,0f,0f,0f,1f],start_interpolation: 0,interpolation_duration: 1}
$data merge entity $(bone_right_arm) {transformation: [-0.9914f,-0.1113f,-0.069f,-0.2774f,0.014f,0.434f,-0.9008f,-0.4587f,0.1302f,-0.894f,-0.4287f,-0.162f,0f,0f,0f,1f],start_interpolation: 0,interpolation_duration: 1}
$data merge entity $(bone_left_arm) {transformation: [-0.8655f,0.444f,-0.232f,-0.0164f,0.3059f,0.1017f,-0.9466f,-0.7612f,-0.3967f,-0.8902f,-0.2238f,0.7499f,0f,0f,0f,1f],start_interpolation: 0,interpolation_duration: 1}
data modify entity @s data merge value {"cameras":{},"locators":{"barrel":{"px":-0.15401659103794377,"py":-0.6953143328728566,"pz":1.1875182726609415,"ry":0.019479724832393686,"rx":0.11547539906921493}}}