# This file was generated by Animated Java via MC-Build. It is not recommended to edit this file directly.
$data merge entity $(bone_shotgun_shell) {transformation: [0f,0f,0f,-0.2076f,0f,0f,0f,-0.5802f,0f,0f,0f,0.4224f,0f,0f,0f,1f],start_interpolation: 0,interpolation_duration: 1}
$data merge entity $(bone_clock) {transformation: [-0.9892f,-0.1389f,0.0462f,-0.2012f,-0.1464f,0.9409f,-0.3054f,-0.6039f,-0.001f,-0.3088f,-0.9511f,0.7117f,0f,0f,0f,1f],start_interpolation: 0,interpolation_duration: 1}
$data merge entity $(bone_barrel1) {transformation: [-0.9892f,-0.1389f,0.0462f,-0.1967f,-0.1464f,0.9409f,-0.3054f,-0.6333f,-0.001f,-0.3088f,-0.9511f,0.5188f,0f,0f,0f,1f],start_interpolation: 0,interpolation_duration: 1}
$data merge entity $(bone_trigger) {transformation: [-0.9892f,-0.1389f,0.0462f,-0.2172f,-0.1464f,0.9409f,-0.3054f,-0.7072f,-0.001f,-0.3088f,-0.9511f,0.3567f,0f,0f,0f,1f],start_interpolation: 0,interpolation_duration: 1}
$data merge entity $(bone_trigger_part) {transformation: [-0.9892f,-0.1389f,0.0462f,-0.2169f,-0.1464f,0.9409f,-0.3054f,-0.7091f,-0.001f,-0.3088f,-0.9511f,0.3779f,0f,0f,0f,1f],start_interpolation: 0,interpolation_duration: 1}
$data merge entity $(bone_chrome_shotgun) {transformation: [-0.9892f,-0.1389f,0.0462f,-0.2078f,-0.1464f,0.9409f,-0.3054f,-0.6639f,-0.001f,-0.3088f,-0.9511f,0.3802f,0f,0f,0f,1f],start_interpolation: 0,interpolation_duration: 1}
$data merge entity $(bone_shotgun_shell1) {transformation: [0f,0f,0f,-0.193f,0f,0f,0f,-0.6756f,0f,0f,0f,0.3714f,0f,0f,0f,1f],start_interpolation: 0,interpolation_duration: 1}
$data merge entity $(bone_right_arm) {transformation: [-0.9868f,-0.1008f,0.1268f,-0.2847f,-0.1053f,-0.1963f,-0.9749f,-0.7826f,0.1231f,-0.9754f,0.1831f,0.0532f,0f,0f,0f,1f],start_interpolation: 0,interpolation_duration: 1}
$data merge entity $(bone_left_arm) {transformation: [-0.8711f,0.4855f,0.0747f,-0.0522f,-0.1481f,-0.1147f,-0.9823f,-0.6283f,-0.4683f,-0.8667f,0.1719f,0.5603f,0f,0f,0f,1f],start_interpolation: 0,interpolation_duration: 1}
data modify entity @s data merge value {"cameras":{},"locators":{"barrel":{"px":-0.2583377381604684,"py":-0.433398474062163,"pz":0.9937303318553619,"ry":2.7790567195150118,"rx":-17.78080532288954}}}