# This file was generated by Animated Java via MC-Build. It is not recommended to edit this file directly.
$data merge entity $(bone_shotgun_shell) {transformation: [0f,0f,0f,-0.2108f,0f,0f,0f,-0.6043f,0f,0f,0f,0.5606f,0f,0f,0f,1f],start_interpolation: 0,interpolation_duration: 1}
$data merge entity $(bone_clock) {transformation: [-0.9892f,-0.136f,0.0542f,-0.2047f,-0.1464f,0.9216f,-0.3596f,-0.6262f,-0.001f,-0.3636f,-0.9315f,0.812f,0f,0f,0f,1f],start_interpolation: 0,interpolation_duration: 1}
$data merge entity $(bone_barrel1) {transformation: [-0.9892f,-0.136f,0.0542f,-0.2008f,-0.1464f,0.9216f,-0.3596f,-0.6517f,-0.001f,-0.3636f,-0.9315f,0.66f,0f,0f,0f,1f],start_interpolation: 0,interpolation_duration: 1}
$data merge entity $(bone_trigger) {transformation: [-0.9892f,-0.136f,0.0542f,-0.2199f,-0.1464f,0.9216f,-0.3596f,-0.7348f,-0.001f,-0.3636f,-0.9315f,0.5023f,0f,0f,0f,1f],start_interpolation: 0,interpolation_duration: 1}
$data merge entity $(bone_trigger_part) {transformation: [-0.9892f,-0.136f,0.0542f,-0.2198f,-0.1464f,0.9216f,-0.3596f,-0.7355f,-0.001f,-0.3636f,-0.9315f,0.5235f,0f,0f,0f,1f],start_interpolation: 0,interpolation_duration: 1}
$data merge entity $(bone_chrome_shotgun) {transformation: [-0.9892f,-0.136f,0.0542f,-0.2107f,-0.1464f,0.9216f,-0.3596f,-0.6902f,-0.001f,-0.3636f,-0.9315f,0.5233f,0f,0f,0f,1f],start_interpolation: 0,interpolation_duration: 1}
$data merge entity $(bone_shotgun_shell1) {transformation: [0f,0f,0f,-0.1959f,0f,0f,0f,-0.7024f,0f,0f,0f,0.5153f,0f,0f,0f,1f],start_interpolation: 0,interpolation_duration: 1}
$data merge entity $(bone_right_arm) {transformation: [-0.9878f,-0.0925f,0.125f,-0.2848f,-0.0982f,-0.2521f,-0.9627f,-0.8275f,0.1206f,-0.9633f,0.2399f,0.203f,0f,0f,0f,1f],start_interpolation: 0,interpolation_duration: 1}
$data merge entity $(bone_left_arm) {transformation: [-0.8524f,0.5178f,0.0729f,-0.0549f,-0.1797f,-0.1592f,-0.9708f,-0.6555f,-0.4911f,-0.8406f,0.2287f,0.6733f,0f,0f,0f,1f],start_interpolation: 0,interpolation_duration: 1}
data modify entity @s data merge value {"cameras":{},"locators":{"barrel":{"px":-0.2663950739336409,"py":-0.4248211585743217,"pz":1.1220918549105074,"ry":3.3278954271380883,"rx":-21.073723921038535}}}