# This file was generated by Animated Java via MC-Build. It is not recommended to edit this file directly.
$data merge entity $(bone_shotgun_shell) {transformation: [0f,0f,0f,-0.0858f,0f,0f,0f,-0.3543f,0f,0f,0f,0.2793f,0f,0f,0f,1f],start_interpolation: 0,interpolation_duration: 0}
$data merge entity $(bone_clock) {transformation: [-0.9892f,-0.136f,0.0542f,-0.0797f,-0.1464f,0.9216f,-0.3596f,-0.3762f,-0.001f,-0.3636f,-0.9315f,0.5308f,0f,0f,0f,1f],start_interpolation: 0,interpolation_duration: 0}
$data merge entity $(bone_barrel1) {transformation: [-0.9892f,-0.136f,0.0542f,-0.0758f,-0.1464f,0.9216f,-0.3596f,-0.4017f,-0.001f,-0.3636f,-0.9315f,0.3787f,0f,0f,0f,1f],start_interpolation: 0,interpolation_duration: 0}
$data merge entity $(bone_trigger) {transformation: [-0.9892f,-0.136f,0.0542f,-0.0949f,-0.1464f,0.9216f,-0.3596f,-0.4848f,-0.001f,-0.3636f,-0.9315f,0.221f,0f,0f,0f,1f],start_interpolation: 0,interpolation_duration: 0}
$data merge entity $(bone_trigger_part) {transformation: [-0.9892f,-0.136f,0.0542f,-0.0948f,-0.1464f,0.9216f,-0.3596f,-0.4855f,-0.001f,-0.3636f,-0.9315f,0.2422f,0f,0f,0f,1f],start_interpolation: 0,interpolation_duration: 0}
$data merge entity $(bone_chrome_shotgun) {transformation: [-0.9892f,-0.136f,0.0542f,-0.0857f,-0.1464f,0.9216f,-0.3596f,-0.4402f,-0.001f,-0.3636f,-0.9315f,0.242f,0f,0f,0f,1f],start_interpolation: 0,interpolation_duration: 0}
$data merge entity $(bone_shotgun_shell1) {transformation: [0f,0f,0f,-0.0709f,0f,0f,0f,-0.4524f,0f,0f,0f,0.234f,0f,0f,0f,1f],start_interpolation: 0,interpolation_duration: 0}
$data merge entity $(bone_right_arm) {transformation: [-0.9878f,-0.0925f,0.125f,-0.1598f,-0.0982f,-0.2521f,-0.9627f,-0.5775f,0.1206f,-0.9633f,0.2399f,-0.0783f,0f,0f,0f,1f],start_interpolation: 0,interpolation_duration: 0}
$data merge entity $(bone_left_arm) {transformation: [-0.8461f,0.4806f,-0.2304f,0.0951f,-0.0101f,-0.4467f,-0.8946f,-0.4892f,-0.5329f,-0.7546f,0.3828f,0.4168f,0f,0f,0f,1f],start_interpolation: 0,interpolation_duration: 0}
data modify entity @s data merge value {"cameras":{},"locators":{"barrel":{"px":-0.14139507393364087,"py":-0.17482115857432168,"pz":0.8408418549105074,"ry":3.3278954271380883,"rx":-21.073723921038535}}}