# This file was generated by Animated Java via MC-Build. It is not recommended to edit this file directly.
$data merge entity $(bone_shotgun_shell) {transformation: [0f,0f,0f,-0.2139f,0f,0f,0f,-0.5288f,0f,0f,0f,0.6099f,0f,0f,0f,1f],start_interpolation: 0,interpolation_duration: 1}
$data merge entity $(bone_clock) {transformation: [-0.9892f,-0.1326f,0.062f,-0.2074f,-0.1464f,0.8991f,-0.4125f,-0.5535f,-0.001f,-0.4172f,-0.9088f,0.8244f,0f,0f,0f,1f],start_interpolation: 0,interpolation_duration: 1}
$data merge entity $(bone_barrel1) {transformation: [-0.9892f,-0.1326f,0.062f,-0.2047f,-0.1464f,0.8991f,-0.4125f,-0.5705f,-0.001f,-0.4172f,-0.9088f,0.712f,0f,0f,0f,1f],start_interpolation: 0,interpolation_duration: 1}
$data merge entity $(bone_trigger) {transformation: [-0.9892f,-0.1326f,0.062f,-0.2226f,-0.1464f,0.8991f,-0.4125f,-0.6625f,-0.001f,-0.4172f,-0.9088f,0.5591f,0f,0f,0f,1f],start_interpolation: 0,interpolation_duration: 1}
$data merge entity $(bone_trigger_part) {transformation: [-0.9892f,-0.1326f,0.062f,-0.2226f,-0.1464f,0.8991f,-0.4125f,-0.662f,-0.001f,-0.4172f,-0.9088f,0.5804f,0f,0f,0f,1f],start_interpolation: 0,interpolation_duration: 1}
$data merge entity $(bone_chrome_shotgun) {transformation: [-0.9892f,-0.1326f,0.062f,-0.2135f,-0.1464f,0.8991f,-0.4125f,-0.6167f,-0.001f,-0.4172f,-0.9088f,0.5776f,0f,0f,0f,1f],start_interpolation: 0,interpolation_duration: 1}
$data merge entity $(bone_shotgun_shell1) {transformation: [0f,0f,0f,-0.1986f,0f,0f,0f,-0.6294f,0f,0f,0f,0.5705f,0f,0f,0f,1f],start_interpolation: 0,interpolation_duration: 1}
$data merge entity $(bone_right_arm) {transformation: [-0.9889f,-0.0844f,0.1226f,-0.285f,-0.0913f,-0.3071f,-0.9473f,-0.7723f,0.1176f,-0.9479f,0.296f,0.2651f,0f,0f,0f,1f],start_interpolation: 0,interpolation_duration: 1}
$data merge entity $(bone_left_arm) {transformation: [-0.8326f,0.5493f,0.0706f,-0.0571f,-0.2136f,-0.2009f,-0.956f,-0.5863f,-0.511f,-0.8111f,0.2847f,0.6983f,0f,0f,0f,1f],start_interpolation: 0,interpolation_duration: 1}
data modify entity @s data merge value {"cameras":{},"locators":{"barrel":{"px":-0.2742331980651731,"py":-0.31739452685733105,"pz":1.1597064068273262,"ry":3.9016148135997355,"rx":-24.364798608813956}}}