# This file was generated by Animated Java via MC-Build. It is not recommended to edit this file directly.
$data merge entity $(bone_shotgun_shell) {transformation: [0f,0f,0f,-0.1514f,0f,0f,0f,-0.2163f,0f,0f,0f,0.2662f,0f,0f,0f,1f],start_interpolation: 0,interpolation_duration: 1}
$data merge entity $(bone_clock) {transformation: [-0.9892f,-0.1326f,0.062f,-0.1449f,-0.1464f,0.8991f,-0.4125f,-0.241f,-0.001f,-0.4172f,-0.9088f,0.4807f,0f,0f,0f,1f],start_interpolation: 0,interpolation_duration: 1}
$data merge entity $(bone_barrel1) {transformation: [-0.9892f,-0.1326f,0.062f,-0.1422f,-0.1464f,0.8991f,-0.4125f,-0.258f,-0.001f,-0.4172f,-0.9088f,0.3682f,0f,0f,0f,1f],start_interpolation: 0,interpolation_duration: 1}
$data merge entity $(bone_trigger) {transformation: [-0.9892f,-0.1326f,0.062f,-0.1601f,-0.1464f,0.8991f,-0.4125f,-0.35f,-0.001f,-0.4172f,-0.9088f,0.2154f,0f,0f,0f,1f],start_interpolation: 0,interpolation_duration: 1}
$data merge entity $(bone_trigger_part) {transformation: [-0.9892f,-0.1326f,0.062f,-0.1601f,-0.1464f,0.8991f,-0.4125f,-0.3495f,-0.001f,-0.4172f,-0.9088f,0.2366f,0f,0f,0f,1f],start_interpolation: 0,interpolation_duration: 1}
$data merge entity $(bone_chrome_shotgun) {transformation: [-0.9892f,-0.1326f,0.062f,-0.151f,-0.1464f,0.8991f,-0.4125f,-0.3042f,-0.001f,-0.4172f,-0.9088f,0.2339f,0f,0f,0f,1f],start_interpolation: 0,interpolation_duration: 1}
$data merge entity $(bone_shotgun_shell1) {transformation: [0f,0f,0f,-0.1361f,0f,0f,0f,-0.3169f,0f,0f,0f,0.2268f,0f,0f,0f,1f],start_interpolation: 0,interpolation_duration: 1}
$data merge entity $(bone_right_arm) {transformation: [-0.9889f,-0.0844f,0.1226f,-0.2225f,-0.0913f,-0.3071f,-0.9473f,-0.4598f,0.1176f,-0.9479f,0.296f,-0.0786f,0f,0f,0f,1f],start_interpolation: 0,interpolation_duration: 1}
$data merge entity $(bone_left_arm) {transformation: [-0.8326f,0.5493f,0.0706f,0.0054f,-0.2136f,-0.2009f,-0.956f,-0.2738f,-0.511f,-0.8111f,0.2847f,0.3546f,0f,0f,0f,1f],start_interpolation: 0,interpolation_duration: 1}
data modify entity @s data merge value {"cameras":{},"locators":{"barrel":{"px":-0.2117331980651731,"py":-0.00489452685733105,"pz":0.8159564068273262,"ry":3.9016148135997355,"rx":-24.364798608813956}}}