# This file was generated by Animated Java via MC-Build. It is not recommended to edit this file directly.
$data merge entity $(bone_shotgun_shell) {transformation: [0f,0f,0f,-0.2139f,0f,0f,0f,-0.4874f,0f,0f,0f,0.5997f,0f,0f,0f,1f],start_interpolation: 0,interpolation_duration: 1}
$data merge entity $(bone_clock) {transformation: [-0.9892f,-0.1327f,0.0619f,-0.2099f,-0.1464f,0.8994f,-0.4119f,-0.495f,-0.001f,-0.4165f,-0.9091f,0.8521f,0f,0f,0f,1f],start_interpolation: 0,interpolation_duration: 1}
$data merge entity $(bone_barrel1) {transformation: [-0.9892f,-0.1327f,0.0619f,-0.2047f,-0.1464f,0.8994f,-0.4119f,-0.5292f,-0.001f,-0.4165f,-0.9091f,0.7017f,0f,0f,0f,1f],start_interpolation: 0,interpolation_duration: 1}
$data merge entity $(bone_trigger) {transformation: [-0.9892f,-0.1327f,0.0619f,-0.2225f,-0.1464f,0.8994f,-0.4119f,-0.621f,-0.001f,-0.4165f,-0.9091f,0.5488f,0f,0f,0f,1f],start_interpolation: 0,interpolation_duration: 1}
$data merge entity $(bone_trigger_part) {transformation: [-0.9892f,-0.1327f,0.0619f,-0.2226f,-0.1464f,0.8994f,-0.4119f,-0.6206f,-0.001f,-0.4165f,-0.9091f,0.5701f,0f,0f,0f,1f],start_interpolation: 0,interpolation_duration: 1}
$data merge entity $(bone_chrome_shotgun) {transformation: [-0.9892f,-0.1327f,0.0619f,-0.2135f,-0.1464f,0.8994f,-0.4119f,-0.5753f,-0.001f,-0.4165f,-0.9091f,0.5674f,0f,0f,0f,1f],start_interpolation: 0,interpolation_duration: 1}
$data merge entity $(bone_shotgun_shell1) {transformation: [0f,0f,0f,-0.1986f,0f,0f,0f,-0.588f,0f,0f,0f,0.5602f,0f,0f,0f,1f],start_interpolation: 0,interpolation_duration: 1}
$data merge entity $(bone_right_arm) {transformation: [-0.9888f,-0.0845f,0.1227f,-0.285f,-0.0914f,-0.3064f,-0.9475f,-0.7306f,0.1177f,-0.9481f,0.2953f,0.2548f,0f,0f,0f,1f],start_interpolation: 0,interpolation_duration: 1}
$data merge entity $(bone_left_arm) {transformation: [-0.8483f,0.5248f,0.0707f,-0.0589f,-0.2075f,-0.2066f,-0.9562f,-0.5321f,-0.4872f,-0.8258f,0.2841f,0.7164f,0f,0f,0f,1f],start_interpolation: 0,interpolation_duration: 1}
data modify entity @s data merge value {"cameras":{},"locators":{"barrel":{"px":-0.2741378754969409,"py":-0.27637449155535454,"pz":1.1496413382450228,"ry":3.894357744428362,"rx":-24.324180965588408}}}