# This file was generated by Animated Java via MC-Build. It is not recommended to edit this file directly.
$data merge entity $(bone_shotgun_shell) {transformation: [0f,0f,0f,-0.1868f,0f,0f,0f,-0.3589f,0f,0f,0f,0.3786f,0f,0f,0f,1f],start_interpolation: 0,interpolation_duration: 1}
$data merge entity $(bone_clock) {transformation: [-0.4466f,0.8947f,0.0001f,-0.2297f,0.8947f,0.4466f,0.0061f,-0.4314f,0.0054f,0.0029f,-1f,0.6875f,0f,0f,0f,1f],start_interpolation: 0,interpolation_duration: 1}
$data merge entity $(bone_barrel1) {transformation: [-0.4466f,0.8947f,0.0001f,-0.2017f,0.8947f,0.4466f,0.0061f,-0.416f,0.0054f,0.0029f,-1f,0.4532f,0f,0f,0f,1f],start_interpolation: 0,interpolation_duration: 1}
$data merge entity $(bone_trigger) {transformation: [-0.4466f,0.8947f,0.0001f,-0.2304f,0.8947f,0.4466f,0.0061f,-0.3944f,0.0054f,0.0029f,-1f,0.2776f,0f,0f,0f,1f],start_interpolation: 0,interpolation_duration: 1}
$data merge entity $(bone_trigger_part) {transformation: [-0.4466f,0.8947f,0.0001f,-0.238f,0.8947f,0.4466f,0.0061f,-0.3983f,0.0054f,0.0029f,-1f,0.2971f,0f,0f,0f,1f],start_interpolation: 0,interpolation_duration: 1}
$data merge entity $(bone_chrome_shotgun) {transformation: [-0.4466f,0.8947f,0.0001f,-0.1947f,0.8947f,0.4466f,0.0061f,-0.3942f,0.0054f,0.0029f,-1f,0.3128f,0f,0f,0f,1f],start_interpolation: 0,interpolation_duration: 1}
$data merge entity $(bone_shotgun_shell1) {transformation: [0f,0f,0f,-0.1849f,0f,0f,0f,-0.3741f,0f,0f,0f,0.1195f,0f,0f,0f,1f],start_interpolation: 0,interpolation_duration: 1}
$data merge entity $(bone_right_arm) {transformation: [-0.9829f,-0.1611f,0.0888f,-0.2982f,-0.1306f,0.271f,-0.9537f,-0.3228f,0.1296f,-0.949f,-0.2874f,-0.2056f,0f,0f,0f,1f],start_interpolation: 0,interpolation_duration: 1}
$data merge entity $(bone_left_arm) {transformation: [-0.9232f,0.3823f,-0.0404f,-0.0153f,0.1146f,0.1733f,-0.9782f,-0.4727f,-0.3669f,-0.9076f,-0.2038f,0.5269f,0f,0f,0f,1f],start_interpolation: 0,interpolation_duration: 1}
data modify entity @s data merge value {"cameras":{},"locators":{"barrel":{"px":-0.17096435755304967,"py":-0.368898697645284,"pz":0.9691757146418553,"ry":0.007513677584142897,"rx":0.35124031214736307}}}