# This file was generated by Animated Java via MC-Build. It is not recommended to edit this file directly.
$data merge entity $(bone_shotgun_shell) {transformation: [0f,0f,0f,-0.1868f,0f,0f,0f,-0.7026f,0f,0f,0f,0.4723f,0f,0f,0f,1f],start_interpolation: 0,interpolation_duration: 1}
$data merge entity $(bone_clock) {transformation: [-0.4466f,0.8947f,0.0001f,-0.2297f,0.8947f,0.4466f,0.0061f,-0.7752f,0.0054f,0.0029f,-1f,0.7813f,0f,0f,0f,1f],start_interpolation: 0,interpolation_duration: 1}
$data merge entity $(bone_barrel1) {transformation: [-0.4466f,0.8947f,0.0001f,-0.2017f,0.8947f,0.4466f,0.0061f,-0.7598f,0.0054f,0.0029f,-1f,0.547f,0f,0f,0f,1f],start_interpolation: 0,interpolation_duration: 1}
$data merge entity $(bone_trigger) {transformation: [-0.4466f,0.8947f,0.0001f,-0.2304f,0.8947f,0.4466f,0.0061f,-0.7381f,0.0054f,0.0029f,-1f,0.3714f,0f,0f,0f,1f],start_interpolation: 0,interpolation_duration: 1}
$data merge entity $(bone_trigger_part) {transformation: [-0.4466f,0.8947f,0.0001f,-0.238f,0.8947f,0.4466f,0.0061f,-0.742f,0.0054f,0.0029f,-1f,0.3908f,0f,0f,0f,1f],start_interpolation: 0,interpolation_duration: 1}
$data merge entity $(bone_chrome_shotgun) {transformation: [-0.4466f,0.8947f,0.0001f,-0.1947f,0.8947f,0.4466f,0.0061f,-0.738f,0.0054f,0.0029f,-1f,0.4065f,0f,0f,0f,1f],start_interpolation: 0,interpolation_duration: 1}
$data merge entity $(bone_shotgun_shell1) {transformation: [0f,0f,0f,-0.1849f,0f,0f,0f,-0.7179f,0f,0f,0f,0.2132f,0f,0f,0f,1f],start_interpolation: 0,interpolation_duration: 1}
$data merge entity $(bone_right_arm) {transformation: [-0.9829f,-0.1611f,0.0888f,-0.2982f,-0.1306f,0.271f,-0.9537f,-0.6665f,0.1296f,-0.949f,-0.2874f,-0.1118f,0f,0f,0f,1f],start_interpolation: 0,interpolation_duration: 1}
$data merge entity $(bone_left_arm) {transformation: [-0.9232f,0.3823f,-0.0404f,-0.0153f,0.1146f,0.1733f,-0.9782f,-0.8164f,-0.3669f,-0.9076f,-0.2038f,0.6206f,0f,0f,0f,1f],start_interpolation: 0,interpolation_duration: 1}
data modify entity @s data merge value {"cameras":{},"locators":{"barrel":{"px":-0.17096435755304967,"py":-0.7126486976452839,"pz":1.0629257146418554,"ry":0.007513677584142897,"rx":0.35124031214736307}}}