# This file was generated by Animated Java via MC-Build. It is not recommended to edit this file directly.
$data merge entity $(bone_shotgun_shell) {transformation: [0f,0f,0f,-0.1222f,0f,0f,0f,-0.4183f,0f,0f,0f,0.3161f,0f,0f,0f,1f],start_interpolation: 0,interpolation_duration: 1}
$data merge entity $(bone_clock) {transformation: [-0.8712f,0.491f,0.0001f,-0.1388f,0.491f,0.8712f,0.0061f,-0.5198f,0.0029f,0.0054f,-1f,0.6249f,0f,0f,0f,1f],start_interpolation: 0,interpolation_duration: 1}
$data merge entity $(bone_barrel1) {transformation: [-0.8712f,0.491f,0.0001f,-0.1234f,0.491f,0.8712f,0.0061f,-0.4911f,0.0029f,0.0054f,-1f,0.3907f,0f,0f,0f,1f],start_interpolation: 0,interpolation_duration: 1}
$data merge entity $(bone_trigger) {transformation: [-0.8712f,0.491f,0.0001f,-0.1587f,0.491f,0.8712f,0.0061f,-0.4891f,0.0029f,0.0054f,-1f,0.2149f,0f,0f,0f,1f],start_interpolation: 0,interpolation_duration: 1}
$data merge entity $(bone_trigger_part) {transformation: [-0.8712f,0.491f,0.0001f,-0.1629f,0.491f,0.8712f,0.0061f,-0.4966f,0.0029f,0.0054f,-1f,0.2344f,0f,0f,0f,1f],start_interpolation: 0,interpolation_duration: 1}
$data merge entity $(bone_chrome_shotgun) {transformation: [-0.8712f,0.491f,0.0001f,-0.1293f,0.491f,0.8712f,0.0061f,-0.469f,0.0029f,0.0054f,-1f,0.2502f,0f,0f,0f,1f],start_interpolation: 0,interpolation_duration: 1}
$data merge entity $(bone_shotgun_shell1) {transformation: [0f,0f,0f,-0.1171f,0f,0f,0f,-0.4636f,0f,0f,0f,0.1482f,0f,0f,0f,1f],start_interpolation: 0,interpolation_duration: 1}
$data merge entity $(bone_right_arm) {transformation: [-0.9859f,-0.1489f,0.0769f,-0.2268f,-0.1061f,0.1991f,-0.9742f,-0.4359f,0.1297f,-0.9686f,-0.2121f,-0.1809f,0f,0f,0f,1f],start_interpolation: 0,interpolation_duration: 1}
$data merge entity $(bone_left_arm) {transformation: [-0.9143f,0.4047f,-0.014f,0.0409f,0.084f,0.1558f,-0.9842f,-0.5243f,-0.3962f,-0.9011f,-0.1764f,0.4603f,0f,0f,0f,1f],start_interpolation: 0,interpolation_duration: 1}
data modify entity @s data merge value {"cameras":{},"locators":{"barrel":{"px":-0.12614173561737554,"py":-0.4353601587716877,"pz":0.9066484571369676,"ry":0.007523094037622968,"rx":0.3507289087126021}}}