# This file was generated by Animated Java via MC-Build. It is not recommended to edit this file directly.
$data merge entity $(bone_shotgun_shell) {transformation: [0f,0f,0f,-0.1201f,0f,0f,0f,-0.259f,0f,0f,0f,0.3161f,0f,0f,0f,1f],start_interpolation: 0,interpolation_duration: 1}
$data merge entity $(bone_clock) {transformation: [-0.9967f,-0.0814f,0.0001f,-0.1078f,-0.0814f,0.9967f,0.0061f,-0.3728f,-0.0006f,0.0061f,-1f,0.6248f,0f,0f,0f,1f],start_interpolation: 0,interpolation_duration: 1}
$data merge entity $(bone_barrel1) {transformation: [-0.9967f,-0.0814f,0.0001f,-0.1104f,-0.0814f,0.9967f,0.0061f,-0.3402f,-0.0006f,0.0061f,-1f,0.3906f,0f,0f,0f,1f],start_interpolation: 0,interpolation_duration: 1}
$data merge entity $(bone_trigger) {transformation: [-0.9967f,-0.0814f,0.0001f,-0.1401f,-0.0814f,0.9967f,0.0061f,-0.3582f,-0.0006f,0.0061f,-1f,0.2148f,0f,0f,0f,1f],start_interpolation: 0,interpolation_duration: 1}
$data merge entity $(bone_trigger_part) {transformation: [-0.9967f,-0.0814f,0.0001f,-0.1394f,-0.0814f,0.9967f,0.0061f,-0.3667f,-0.0006f,0.0061f,-1f,0.2342f,0f,0f,0f,1f],start_interpolation: 0,interpolation_duration: 1}
$data merge entity $(bone_chrome_shotgun) {transformation: [-0.9967f,-0.0814f,0.0001f,-0.1272f,-0.0814f,0.9967f,0.0061f,-0.3251f,-0.0006f,0.0061f,-1f,0.2501f,0f,0f,0f,1f],start_interpolation: 0,interpolation_duration: 1}
$data merge entity $(bone_shotgun_shell1) {transformation: [0f,0f,0f,-0.1135f,0f,0f,0f,-0.3343f,0f,0f,0f,0.2374f,0f,0f,0f,1f],start_interpolation: 0,interpolation_duration: 1}
$data merge entity $(bone_right_arm) {transformation: [-0.9882f,-0.1395f,0.0637f,-0.2206f,-0.0815f,0.1256f,-0.9887f,-0.3306f,0.1299f,-0.9822f,-0.1355f,-0.0937f,0f,0f,0f,1f],start_interpolation: 0,interpolation_duration: 1}
$data merge entity $(bone_left_arm) {transformation: [-0.9039f,0.4275f,0.0108f,0.0352f,0.0528f,0.1367f,-0.9892f,-0.357f,-0.4244f,-0.8936f,-0.1461f,0.4562f,0f,0f,0f,1f],start_interpolation: 0,interpolation_duration: 1}
data modify entity @s data merge value {"cameras":{},"locators":{"barrel":{"px":-0.14563399995014792,"py":-0.2960938253998049,"pz":0.9065416718829133,"ry":0.007517118655471222,"rx":0.3504355075638106}}}