# This file was generated by Animated Java via MC-Build. It is not recommended to edit this file directly.
$data merge entity $(bone_shotgun_shell) {transformation: [0f,0f,0f,-0.1804f,0f,0f,0f,-0.6311f,0f,0f,0f,0.5974f,0f,0f,0f,1f],start_interpolation: 0,interpolation_duration: 1}
$data merge entity $(bone_clock) {transformation: [-0.9984f,-0.0565f,0.0001f,-0.1709f,-0.0565f,0.9984f,0.0061f,-0.7451f,-0.0005f,0.0061f,-1f,0.9061f,0f,0f,0f,1f],start_interpolation: 0,interpolation_duration: 1}
$data merge entity $(bone_barrel1) {transformation: [-0.9984f,-0.0565f,0.0001f,-0.1727f,-0.0565f,0.9984f,0.0061f,-0.7125f,-0.0005f,0.0061f,-1f,0.6719f,0f,0f,0f,1f],start_interpolation: 0,interpolation_duration: 1}
$data merge entity $(bone_trigger) {transformation: [-0.9984f,-0.0565f,0.0001f,-0.2029f,-0.0565f,0.9984f,0.0061f,-0.7297f,-0.0005f,0.0061f,-1f,0.4961f,0f,0f,0f,1f],start_interpolation: 0,interpolation_duration: 1}
$data merge entity $(bone_trigger_part) {transformation: [-0.9984f,-0.0565f,0.0001f,-0.2024f,-0.0565f,0.9984f,0.0061f,-0.7383f,-0.0005f,0.0061f,-1f,0.5155f,0f,0f,0f,1f],start_interpolation: 0,interpolation_duration: 1}
$data merge entity $(bone_chrome_shotgun) {transformation: [-0.9984f,-0.0565f,0.0001f,-0.1891f,-0.0565f,0.9984f,0.0061f,-0.6969f,-0.0005f,0.0061f,-1f,0.5314f,0f,0f,0f,1f],start_interpolation: 0,interpolation_duration: 1}
$data merge entity $(bone_shotgun_shell1) {transformation: [0f,0f,0f,-0.1757f,0f,0f,0f,-0.7065f,0f,0f,0f,0.5187f,0f,0f,0f,1f],start_interpolation: 0,interpolation_duration: 1}
$data merge entity $(bone_right_arm) {transformation: [-0.9899f,-0.1364f,0.039f,-0.2827f,-0.0568f,0.129f,-0.99f,-0.7001f,0.1301f,-0.9822f,-0.1355f,0.1876f,0f,0f,0f,1f],start_interpolation: 0,interpolation_duration: 1}
$data merge entity $(bone_left_arm) {transformation: [-0.9024f,0.4306f,-0.0139f,-0.0275f,0.0753f,0.126f,-0.9892f,-0.7328f,-0.4242f,-0.8937f,-0.1461f,0.7374f,0f,0f,0f,1f],start_interpolation: 0,interpolation_duration: 1}
data modify entity @s data merge value {"cameras":{},"locators":{"barrel":{"px":-0.20674321752220232,"py":-0.6674819324790434,"pz":1.187813896809843,"ry":0.0075066288302423345,"rx":0.3503604226825128}}}