# This file was generated by Animated Java via MC-Build. It is not recommended to edit this file directly.
$data merge entity $(bone_shotgun_shell) {transformation: [0f,0f,0f,-0.1156f,0f,0f,0f,-0.4719f,0f,0f,0f,0.3162f,0f,0f,0f,1f],start_interpolation: 0,interpolation_duration: 1}
$data merge entity $(bone_clock) {transformation: [-0.9995f,-0.0316f,0.0001f,-0.1089f,-0.0316f,0.9995f,0.0061f,-0.5862f,-0.0003f,0.0061f,-1f,0.6249f,0f,0f,0f,1f],start_interpolation: 0,interpolation_duration: 1}
$data merge entity $(bone_barrel1) {transformation: [-0.9995f,-0.0316f,0.0001f,-0.1099f,-0.0316f,0.9995f,0.0061f,-0.5535f,-0.0003f,0.0061f,-1f,0.3907f,0f,0f,0f,1f],start_interpolation: 0,interpolation_duration: 1}
$data merge entity $(bone_trigger) {transformation: [-0.9995f,-0.0316f,0.0001f,-0.1406f,-0.0316f,0.9995f,0.0061f,-0.57f,-0.0003f,0.0061f,-1f,0.2148f,0f,0f,0f,1f],start_interpolation: 0,interpolation_duration: 1}
$data merge entity $(bone_trigger_part) {transformation: [-0.9995f,-0.0316f,0.0001f,-0.1403f,-0.0316f,0.9995f,0.0061f,-0.5785f,-0.0003f,0.0061f,-1f,0.2343f,0f,0f,0f,1f],start_interpolation: 0,interpolation_duration: 1}
$data merge entity $(bone_chrome_shotgun) {transformation: [-0.9995f,-0.0316f,0.0001f,-0.126f,-0.0316f,0.9995f,0.0061f,-0.5375f,-0.0003f,0.0061f,-1f,0.2501f,0f,0f,0f,1f],start_interpolation: 0,interpolation_duration: 1}
$data merge entity $(bone_shotgun_shell1) {transformation: [0f,0f,0f,-0.1128f,0f,0f,0f,-0.5474f,0f,0f,0f,0.2374f,0f,0f,0f,1f],start_interpolation: 0,interpolation_duration: 1}
$data merge entity $(bone_right_arm) {transformation: [-0.991f,-0.1333f,0.0143f,-0.2196f,-0.0321f,0.1324f,-0.9907f,-0.5384f,0.1302f,-0.9822f,-0.1355f,-0.0936f,0f,0f,0f,1f],start_interpolation: 0,interpolation_duration: 1}
$data merge entity $(bone_left_arm) {transformation: [-0.9003f,0.4335f,-0.0386f,0.0347f,0.0978f,0.1152f,-0.9885f,-0.5775f,-0.4241f,-0.8938f,-0.1461f,0.4562f,0f,0f,0f,1f],start_interpolation: 0,interpolation_duration: 1}
data modify entity @s data merge value {"cameras":{},"locators":{"barrel":{"px":-0.14276296680967349,"py":-0.5076597583354995,"pz":0.9065860976922278,"ry":0.007502504661431431,"rx":0.3505035612177742}}}