# This file was generated by Animated Java via MC-Build. It is not recommended to edit this file directly.
$data merge entity $(bone_shotgun_shell) {transformation: [0f,0f,0f,-0.193f,0f,0f,0f,-0.6251f,0f,0f,0f,0.4493f,0f,0f,0f,1f],start_interpolation: 0,interpolation_duration: 1}
$data merge entity $(bone_clock) {transformation: [-0.9941f,-0.1066f,0.0189f,-0.1838f,-0.1083f,0.9801f,-0.1666f,-0.6834f,-0.0008f,-0.1677f,-0.9858f,0.7732f,0f,0f,0f,1f],start_interpolation: 0,interpolation_duration: 1}
$data merge entity $(bone_barrel1) {transformation: [-0.9941f,-0.1066f,0.0189f,-0.1827f,-0.1083f,0.9801f,-0.1666f,-0.6919f,-0.0008f,-0.1677f,-0.9858f,0.5369f,0f,0f,0f,1f],start_interpolation: 0,interpolation_duration: 1}
$data merge entity $(bone_trigger) {transformation: [-0.9941f,-0.1066f,0.0189f,-0.2086f,-0.1083f,0.9801f,-0.1666f,-0.7408f,-0.0008f,-0.1677f,-0.9858f,0.3664f,0f,0f,0f,1f],start_interpolation: 0,interpolation_duration: 1}
$data merge entity $(bone_trigger_part) {transformation: [-0.9941f,-0.1066f,0.0189f,-0.2081f,-0.1083f,0.9801f,-0.1666f,-0.7458f,-0.0008f,-0.1677f,-0.9858f,0.387f,0f,0f,0f,1f],start_interpolation: 0,interpolation_duration: 1}
$data merge entity $(bone_chrome_shotgun) {transformation: [-0.9941f,-0.1066f,0.0189f,-0.1972f,-0.1083f,0.9801f,-0.1666f,-0.7017f,-0.0008f,-0.1677f,-0.9858f,0.3956f,0f,0f,0f,1f],start_interpolation: 0,interpolation_duration: 1}
$data merge entity $(bone_shotgun_shell1) {transformation: [0f,0f,0f,-0.183f,0f,0f,0f,-0.7126f,0f,0f,0f,0.3849f,0f,0f,0f,1f],start_interpolation: 0,interpolation_duration: 1}
$data merge entity $(bone_right_arm) {transformation: [-0.9881f,-0.124f,0.0912f,-0.2839f,-0.0856f,-0.0499f,-0.9951f,-0.7691f,0.1279f,-0.991f,0.0387f,0.0566f,0f,0f,0f,1f],start_interpolation: 0,interpolation_duration: 1}
$data merge entity $(bone_left_arm) {transformation: [-0.8968f,0.4408f,0.0385f,-0.038f,-0.0467f,-0.0077f,-0.9989f,-0.6929f,-0.44f,-0.8976f,0.0275f,0.6064f,0f,0f,0f,1f],start_interpolation: 0,interpolation_duration: 1}
data modify entity @s data merge value {"cameras":{},"locators":{"barrel":{"px":-0.2288124124127236,"py":-0.5603189255602377,"pz":1.0367788337856614,"ry":1.099896202877062,"rx":-9.592012564310995}}}