# This file was generated by Animated Java via MC-Build. It is not recommended to edit this file directly.
$data merge entity $(bone_shotgun_shell) {transformation: [0f,0f,0f,-0.1305f,0f,0f,0f,-0.1563f,0f,0f,0f,0.2931f,0f,0f,0f,1f],start_interpolation: 0,interpolation_duration: 1}
$data merge entity $(bone_clock) {transformation: [-0.9941f,-0.1066f,0.0189f,-0.1213f,-0.1083f,0.9801f,-0.1666f,-0.2147f,-0.0008f,-0.1677f,-0.9858f,0.6169f,0f,0f,0f,1f],start_interpolation: 0,interpolation_duration: 1}
$data merge entity $(bone_barrel1) {transformation: [-0.9941f,-0.1066f,0.0189f,-0.1202f,-0.1083f,0.9801f,-0.1666f,-0.2231f,-0.0008f,-0.1677f,-0.9858f,0.3806f,0f,0f,0f,1f],start_interpolation: 0,interpolation_duration: 1}
$data merge entity $(bone_trigger) {transformation: [-0.9941f,-0.1066f,0.0189f,-0.1461f,-0.1083f,0.9801f,-0.1666f,-0.272f,-0.0008f,-0.1677f,-0.9858f,0.2101f,0f,0f,0f,1f],start_interpolation: 0,interpolation_duration: 1}
$data merge entity $(bone_trigger_part) {transformation: [-0.9941f,-0.1066f,0.0189f,-0.1456f,-0.1083f,0.9801f,-0.1666f,-0.277f,-0.0008f,-0.1677f,-0.9858f,0.2307f,0f,0f,0f,1f],start_interpolation: 0,interpolation_duration: 1}
$data merge entity $(bone_chrome_shotgun) {transformation: [-0.9941f,-0.1066f,0.0189f,-0.1347f,-0.1083f,0.9801f,-0.1666f,-0.2329f,-0.0008f,-0.1677f,-0.9858f,0.2393f,0f,0f,0f,1f],start_interpolation: 0,interpolation_duration: 1}
$data merge entity $(bone_shotgun_shell1) {transformation: [0f,0f,0f,-0.1205f,0f,0f,0f,-0.2438f,0f,0f,0f,0.2286f,0f,0f,0f,1f],start_interpolation: 0,interpolation_duration: 1}
$data merge entity $(bone_right_arm) {transformation: [-0.9881f,-0.124f,0.0912f,-0.2214f,-0.0856f,-0.0499f,-0.9951f,-0.3003f,0.1279f,-0.991f,0.0387f,-0.0996f,0f,0f,0f,1f],start_interpolation: 0,interpolation_duration: 1}
$data merge entity $(bone_left_arm) {transformation: [-0.8968f,0.4408f,0.0385f,0.0245f,-0.0467f,-0.0077f,-0.9989f,-0.2242f,-0.44f,-0.8976f,0.0275f,0.4501f,0f,0f,0f,1f],start_interpolation: 0,interpolation_duration: 1}
data modify entity @s data merge value {"cameras":{},"locators":{"barrel":{"px":-0.16631241241272357,"py":-0.09156892556023771,"pz":0.8805288337856614,"ry":1.099896202877062,"rx":-9.592012564310995}}}